0.000000,0.000000,0.000000,-0.021579,-0.021054,0.012372,0.006934,-0.020958,0.049426
0.000000,0.000000,0.000000,-0.021591,-0.021064,0.012404,0.006929,-0.021002,0.049483
0.000000,0.000000,0.000000,-0.021616,-0.021078,0.012424,0.006901,-0.021083,0.049537
0.000000,0.000000,0.000000,-0.021656,-0.021112,0.012458,0.006865,-0.021205,0.049568
0.000000,0.000000,0.000000,-0.021707,-0.021154,0.012515,0.006809,-0.021304,0.049600
0.000000,0.000000,0.000000,-0.021755,-0.021159,0.012571,0.006620,-0.021357,0.049712
0.000000,0.000000,0.000000,-0.021796,-0.021183,0.012651,0.006520,-0.021362,0.049841
0.000000,0.000000,0.000000,-0.021857,-0.021185,0.012759,0.006437,-0.021385,0.049925
0.000000,0.000000,0.000000,-0.021888,-0.021191,0.012878,0.006297,-0.021322,0.050082
0.000000,0.000000,0.000000,-0.021903,-0.021185,0.012991,0.006186,-0.021331,0.050201
0.000000,0.000000,0.000000,-0.021973,-0.021169,0.013163,0.006071,-0.021343,0.050328
0.000000,0.000000,0.000000,-0.022037,-0.021136,0.013245,0.005876,-0.021396,0.050438
0.000000,0.000000,0.000000,-0.022085,-0.021117,0.013375,0.005645,-0.021393,0.050592
0.000000,0.000000,0.000000,-0.022101,-0.021081,0.013474,0.005448,-0.021378,0.050736
0.000000,0.000000,0.000000,-0.022111,-0.021034,0.013605,0.005296,-0.021334,0.050887
0.000000,0.000000,0.000000,-0.022119,-0.021035,0.013745,0.005218,-0.021276,0.051032
0.000000,0.000000,0.000000,-0.022143,-0.021020,0.013907,0.005102,-0.021271,0.051124
0.000000,0.000000,0.000000,-0.022171,-0.021041,0.014023,0.004911,-0.021278,0.051243
0.000000,0.000000,0.000000,-0.022200,-0.021020,0.014139,0.004743,-0.021305,0.051347
0.000000,0.000000,0.000000,-0.022268,-0.021014,0.014281,0.004604,-0.021304,0.051452
0.000000,0.000000,0.000000,-0.022270,-0.020998,0.014435,0.004615,-0.021252,0.051547
0.000000,0.000000,0.000000,-0.022239,-0.020998,0.014630,0.004688,-0.021160,0.051647
0.000000,0.000000,0.000000,-0.022252,-0.021007,0.014775,0.004753,-0.021138,0.051702
0.000000,0.000000,0.000000,-0.022284,-0.021015,0.014938,0.004720,-0.021090,0.051784
0.000000,0.000000,0.000000,-0.022316,-0.020996,0.015052,0.004633,-0.021049,0.051862
0.000000,0.000000,0.000000,-0.022367,-0.020992,0.015194,0.004587,-0.021070,0.051898
0.000000,0.000000,0.000000,-0.022370,-0.020987,0.015269,0.004530,-0.021108,0.051936
0.000000,0.000000,0.000000,-0.022384,-0.020971,0.015442,0.004635,-0.021106,0.051976
0.000000,0.000000,0.000000,-0.022376,-0.020965,0.015602,0.004676,-0.021077,0.052040
0.000000,0.000000,0.000000,-0.022353,-0.020943,0.015733,0.004660,-0.020993,0.052111
0.000000,0.000000,0.000000,-0.022394,-0.020939,0.015884,0.004516,-0.020978,0.052191
0.000000,0.000000,0.000000,-0.022458,-0.020930,0.015988,0.004380,-0.021018,0.052255
0.000000,0.000000,0.000000,-0.022494,-0.020874,0.016153,0.004281,-0.020979,0.052359
0.000000,0.000000,0.000000,-0.022532,-0.020784,0.016335,0.004299,-0.020963,0.052436
0.000000,0.000000,0.000000,-0.022539,-0.020718,0.016544,0.004429,-0.020893,0.052536
0.000000,0.000000,0.000000,-0.022565,-0.020611,0.016727,0.004408,-0.020888,0.052611
0.000000,0.000000,0.000000,-0.022623,-0.020495,0.016943,0.004341,-0.020846,0.052716
0.000000,0.000000,0.000000,-0.022702,-0.020370,0.017112,0.004175,-0.020789,0.052841
0.000000,0.000000,0.000000,-0.022762,-0.020315,0.017299,0.004098,-0.020785,0.052912
0.000000,0.000000,0.000000,-0.022799,-0.020248,0.017540,0.004072,-0.020728,0.053029
0.000000,0.000000,0.000000,-0.022825,-0.020154,0.017768,0.004040,-0.020655,0.053137
0.000000,0.000000,0.000000,-0.022830,-0.020085,0.018016,0.003958,-0.020506,0.053276
0.000000,0.000000,0.000000,-0.022827,-0.020036,0.018295,0.003896,-0.020311,0.053432
0.000000,0.000000,0.000000,-0.022819,-0.019981,0.018550,0.003851,-0.020106,0.053574
0.000000,0.000000,0.000000,-0.022865,-0.019955,0.018772,0.003631,-0.019993,0.053701
0.000000,0.000000,0.000000,-0.022852,-0.019929,0.019018,0.003500,-0.019808,0.053852
0.000000,0.000000,0.000000,-0.022889,-0.019912,0.019277,0.003374,-0.019658,0.053984
0.000000,0.000000,0.000000,-0.022869,-0.019922,0.019551,0.003294,-0.019528,0.054107
0.000000,0.000000,0.000000,-0.022895,-0.019861,0.019836,0.003132,-0.019341,0.054271
0.000000,0.000000,0.000000,-0.022930,-0.019820,0.020064,0.002948,-0.019187,0.054406
0.000000,0.000000,0.000000,-0.022941,-0.019793,0.020332,0.002708,-0.018977,0.054565
0.000000,0.000000,0.000000,-0.022980,-0.019725,0.020618,0.002487,-0.018788,0.054701
0.000000,0.000000,0.000000,-0.022999,-0.019654,0.020842,0.002259,-0.018605,0.054826
0.000000,0.000000,0.000000,-0.023016,-0.019635,0.021088,0.001989,-0.018421,0.054962
0.000000,0.000000,0.000000,-0.023019,-0.019595,0.021407,0.001793,-0.018193,0.055107
0.000000,0.000000,0.000000,-0.023023,-0.019581,0.021743,0.001661,-0.017952,0.055262
0.000000,0.000000,0.000000,-0.022984,-0.019542,0.022111,0.001556,-0.017662,0.055414
0.000000,0.000000,0.000000,-0.022994,-0.019463,0.022409,0.001416,-0.017352,0.055561
0.000000,0.000000,0.000000,-0.022960,-0.019415,0.022725,0.001430,-0.017057,0.055698
0.000000,0.000000,0.000000,-0.022909,-0.019398,0.023087,0.001425,-0.016867,0.055797
0.000000,0.000000,0.000000,-0.022868,-0.019367,0.023427,0.001463,-0.016638,0.055906
0.000000,0.000000,0.000000,-0.022803,-0.019312,0.023746,0.001603,-0.016400,0.056012
0.000000,0.000000,0.000000,-0.022785,-0.019297,0.024020,0.001673,-0.016354,0.056058
0.000000,0.000000,0.000000,-0.022748,-0.019262,0.024348,0.001747,-0.016226,0.056131
0.000000,0.000000,0.000000,-0.022694,-0.019217,0.024648,0.001811,-0.016071,0.056204
0.000000,0.000000,0.000000,-0.022661,-0.019145,0.024915,0.001857,-0.015876,0.056286
0.000000,0.000000,0.000000,-0.022622,-0.019096,0.025137,0.001949,-0.015753,0.056344
0.000000,0.000000,0.000000,-0.022558,-0.019091,0.025402,0.002057,-0.015704,0.056386
0.000000,0.000000,0.000000,-0.022499,-0.019102,0.025671,0.002057,-0.015703,0.056419
0.000000,0.000000,0.000000,-0.022484,-0.019070,0.025908,0.002039,-0.015677,0.056451
0.000000,0.000000,0.000000,-0.022439,-0.019045,0.026154,0.002126,-0.015677,0.056477
0.000000,0.000000,0.000000,-0.022389,-0.019090,0.026402,0.002119,-0.015714,0.056492
0.000000,0.000000,0.000000,-0.022326,-0.019055,0.026655,0.002156,-0.015605,0.056551
0.000000,0.000000,0.000000,-0.022267,-0.019073,0.026881,0.002185,-0.015599,0.056574
0.000000,0.000000,0.000000,-0.022216,-0.019128,0.027096,0.002220,-0.015684,0.056569
0.000000,0.000000,0.000000,-0.022175,-0.019206,0.027305,0.002179,-0.015791,0.056563
0.000000,0.000000,0.000000,-0.022124,-0.019305,0.027539,0.002057,-0.015862,0.056565
0.000000,0.000000,0.000000,-0.022126,-0.019360,0.027746,0.001839,-0.015921,0.056571
0.000000,0.000000,0.000000,-0.022123,-0.019443,0.027927,0.001673,-0.016010,0.056555
0.000000,0.000000,0.000000,-0.022065,-0.019531,0.028122,0.001620,-0.016074,0.056542
0.000000,0.000000,0.000000,-0.022027,-0.019657,0.028321,0.001466,-0.016178,0.056519
0.000000,0.000000,0.000000,-0.021998,-0.019730,0.028529,0.001363,-0.016233,0.056508
0.000000,0.000000,0.000000,-0.021954,-0.019841,0.028786,0.001192,-0.016314,0.056497
0.000000,0.000000,0.000000,-0.021931,-0.019899,0.029010,0.001045,-0.016373,0.056483
0.000000,0.000000,0.000000,-0.021889,-0.019936,0.029205,0.001036,-0.016465,0.056460
0.000000,0.000000,0.000000,-0.021799,-0.019873,0.029504,0.001140,-0.016244,0.056523
0.000000,0.000000,0.000000,-0.021722,-0.019796,0.029788,0.001276,-0.016004,0.056592
0.000000,0.000000,0.000000,-0.021608,-0.019760,0.030072,0.001485,-0.015794,0.056647
0.000000,0.000000,0.000000,-0.021514,-0.019657,0.030364,0.001659,-0.015505,0.056722
0.000000,0.000000,0.000000,-0.021430,-0.019562,0.030665,0.001797,-0.015174,0.056806
0.000000,0.000000,0.000000,-0.021346,-0.019432,0.030950,0.002013,-0.014853,0.056883
0.000000,0.000000,0.000000,-0.021265,-0.019298,0.031235,0.002147,-0.014508,0.056973
0.000000,0.000000,0.000000,-0.021187,-0.019159,0.031505,0.002304,-0.014130,0.057060
0.000000,0.000000,0.000000,-0.021070,-0.019016,0.031825,0.002507,-0.013667,0.057157
0.000000,0.000000,0.000000,-0.020975,-0.018842,0.032137,0.002668,-0.013125,0.057267
0.000000,0.000000,0.000000,-0.020913,-0.018777,0.032341,0.002782,-0.012941,0.057282
0.000000,0.000000,0.000000,-0.020860,-0.018718,0.032537,0.002897,-0.012766,0.057288
0.000000,0.000000,0.000000,-0.020804,-0.018646,0.032773,0.003021,-0.012577,0.057288
0.000000,0.000000,0.000000,-0.020731,-0.018603,0.033024,0.003117,-0.012414,0.057285
0.000000,0.000000,0.000000,-0.020694,-0.018540,0.033233,0.003195,-0.012283,0.057277
0.000000,0.000000,0.000000,-0.020620,-0.018489,0.033453,0.003289,-0.012087,0.057261
0.000000,0.000000,0.000000,-0.020524,-0.018475,0.033700,0.003472,-0.011961,0.057216
0.000000,0.000000,0.000000,-0.020430,-0.018436,0.033944,0.003700,-0.011770,0.057188
0.000000,0.000000,0.000000,-0.020365,-0.018426,0.034115,0.003871,-0.011698,0.057131
0.000000,0.000000,0.000000,-0.020298,-0.018444,0.034325,0.003942,-0.011669,0.057067
0.000000,0.000000,0.000000,-0.020217,-0.018463,0.034553,0.004001,-0.011631,0.056992
0.000000,0.000000,0.000000,-0.020137,-0.018466,0.034771,0.004084,-0.011560,0.056922
0.000000,0.000000,0.000000,-0.020023,-0.018479,0.034989,0.004198,-0.011432,0.056851
0.000000,0.000000,0.000000,-0.019902,-0.018474,0.035200,0.004361,-0.011253,0.056788
0.000000,0.000000,0.000000,-0.019785,-0.018456,0.035422,0.004422,-0.010989,0.056731
0.000000,0.000000,0.000000,-0.019697,-0.018421,0.035661,0.004489,-0.010772,0.056675
0.000000,0.000000,0.000000,-0.019617,-0.018348,0.035858,0.004535,-0.010480,0.056621
0.000000,0.000000,0.000000,-0.019518,-0.018336,0.036047,0.004572,-0.010337,0.056524
0.000000,0.000000,0.000000,-0.019450,-0.018311,0.036222,0.004530,-0.010177,0.056429
0.000000,0.000000,0.000000,-0.019391,-0.018245,0.036385,0.004575,-0.009963,0.056323
0.000000,0.000000,0.000000,-0.019319,-0.018182,0.036579,0.004665,-0.009685,0.056227
0.000000,0.000000,0.000000,-0.019248,-0.018098,0.036772,0.004772,-0.009381,0.056129
0.000000,0.000000,0.000000,-0.019180,-0.018006,0.036949,0.004888,-0.009091,0.056016
0.000000,0.000000,0.000000,-0.019188,-0.017915,0.037071,0.004974,-0.008895,0.055860
0.000000,0.000000,0.000000,-0.019135,-0.017845,0.037254,0.005176,-0.008736,0.055696
0.000000,0.000000,0.000000,-0.019083,-0.017785,0.037408,0.005302,-0.008539,0.055513
0.000000,0.000000,0.000000,-0.019044,-0.017722,0.037590,0.005428,-0.008339,0.055312
0.000000,0.000000,0.000000,-0.019005,-0.017624,0.037751,0.005577,-0.008052,0.055115
0.000000,0.000000,0.000000,-0.018871,-0.017519,0.038012,0.005835,-0.007684,0.054906
0.000000,0.000000,0.000000,-0.018702,-0.017424,0.038272,0.006115,-0.007258,0.054664
0.000000,0.000000,0.000000,-0.018538,-0.017318,0.038515,0.006375,-0.006872,0.054398
0.000000,0.000000,0.000000,-0.018411,-0.017268,0.038713,0.006540,-0.006663,0.054094
0.000000,0.000000,0.000000,-0.018294,-0.017182,0.038895,0.006676,-0.006370,0.053809
0.000000,0.000000,0.000000,-0.018092,-0.017112,0.039148,0.006881,-0.006085,0.053488
0.000000,0.000000,0.000000,-0.017903,-0.017044,0.039366,0.007078,-0.005827,0.053137
0.000000,0.000000,0.000000,-0.017752,-0.016996,0.039541,0.007211,-0.005584,0.052784
0.000000,0.000000,0.000000,-0.017603,-0.016947,0.039695,0.007340,-0.005385,0.052424
0.000000,0.000000,0.000000,-0.017465,-0.016929,0.039874,0.007400,-0.005192,0.052048
0.000000,0.000000,0.000000,-0.017391,-0.016898,0.040005,0.007455,-0.005023,0.051649
0.000000,0.000000,0.000000,-0.017346,-0.016918,0.040091,0.007456,-0.004984,0.051262
0.000000,0.000000,0.000000,-0.017322,-0.016945,0.040172,0.007388,-0.004936,0.050861
0.000000,0.000000,0.000000,-0.017246,-0.016936,0.040309,0.007386,-0.004762,0.050451
0.000000,0.000000,0.000000,-0.017195,-0.016937,0.040430,0.007408,-0.004665,0.049972
0.000000,0.000000,0.000000,-0.017151,-0.016957,0.040531,0.007381,-0.004532,0.049496
0.000000,0.000000,0.000000,-0.017123,-0.016964,0.040640,0.007400,-0.004404,0.048975
0.000000,0.000000,0.000000,-0.017074,-0.016997,0.040778,0.007441,-0.004285,0.048426
0.000000,0.000000,0.000000,-0.017019,-0.017056,0.040901,0.007448,-0.004201,0.047833
0.000000,0.000000,0.000000,-0.017006,-0.017102,0.040975,0.007444,-0.004174,0.047212
0.000000,0.000000,0.000000,-0.016952,-0.017193,0.041081,0.007490,-0.004178,0.046567
0.000000,0.000000,0.000000,-0.016835,-0.017247,0.041250,0.007602,-0.004098,0.045886
0.000000,0.000000,0.000000,-0.016795,-0.017349,0.041352,0.007643,-0.004111,0.045182
0.000000,0.000000,0.000000,-0.016685,-0.017451,0.041493,0.007778,-0.004114,0.044445
0.000000,0.000000,0.000000,-0.016510,-0.017550,0.041673,0.008009,-0.004068,0.043695
0.000000,0.000000,0.000000,-0.016379,-0.017644,0.041801,0.008249,-0.004044,0.042930
0.000000,0.000000,0.000000,-0.016219,-0.017812,0.041917,0.008444,-0.004054,0.042177
0.000000,0.000000,0.000000,-0.016044,-0.017993,0.042017,0.008706,-0.004183,0.041379
0.000000,0.000000,0.000000,-0.015832,-0.018045,0.042189,0.009131,-0.004132,0.040603
0.000000,0.000000,0.000000,-0.015621,-0.018157,0.042357,0.009495,-0.004107,0.039828
0.000000,0.000000,0.000000,-0.015388,-0.018233,0.042526,0.009887,-0.004104,0.039049
0.000000,0.000000,0.000000,-0.015225,-0.018363,0.042650,0.010232,-0.004230,0.038257
0.000000,0.000000,0.000000,-0.014974,-0.018486,0.042814,0.010716,-0.004351,0.037448
0.000000,0.000000,0.000000,-0.014786,-0.018646,0.042910,0.011146,-0.004544,0.036638
0.000000,0.000000,0.000000,-0.014713,-0.018875,0.042950,0.011377,-0.004864,0.035880
0.000000,0.000000,0.000000,-0.014589,-0.019134,0.043037,0.011605,-0.005248,0.035129
0.000000,0.000000,0.000000,-0.014519,-0.019368,0.043084,0.011820,-0.005655,0.034392
0.000000,0.000000,0.000000,-0.014428,-0.019558,0.043153,0.012117,-0.005964,0.033667
0.000000,0.000000,0.000000,-0.014306,-0.019895,0.043170,0.012351,-0.006432,0.032945
0.000000,0.000000,0.000000,-0.014177,-0.020149,0.043199,0.012689,-0.006870,0.032207
0.000000,0.000000,0.000000,-0.014162,-0.020443,0.043177,0.012900,-0.007357,0.031531
0.000000,0.000000,0.000000,-0.014057,-0.020725,0.043176,0.013208,-0.007809,0.030871
0.000000,0.000000,0.000000,-0.014005,-0.020990,0.043166,0.013466,-0.008309,0.030234
0.000000,0.000000,0.000000,-0.013944,-0.021288,0.043158,0.013749,-0.008904,0.029616
0.000000,0.000000,0.000000,-0.013855,-0.021550,0.043183,0.014092,-0.009448,0.029022
0.000000,0.000000,0.000000,-0.013812,-0.021781,0.043141,0.014489,-0.009977,0.028392
0.000000,0.000000,0.000000,-0.013728,-0.022033,0.043134,0.014911,-0.010552,0.027763
0.000000,0.000000,0.000000,-0.013623,-0.022237,0.043175,0.015327,-0.011110,0.027166
0.000000,0.000000,0.000000,-0.013574,-0.022437,0.043197,0.015735,-0.011735,0.026553
0.000000,0.000000,0.000000,-0.013436,-0.022624,0.043243,0.016193,-0.012314,0.025929
0.000000,0.000000,0.000000,-0.013252,-0.022818,0.043291,0.016665,-0.012919,0.025259
0.000000,0.000000,0.000000,-0.013119,-0.022973,0.043343,0.017113,-0.013481,0.024607
0.000000,0.000000,0.000000,-0.012968,-0.023144,0.043362,0.017543,-0.014042,0.023914
0.000000,0.000000,0.000000,-0.012819,-0.023260,0.043433,0.017923,-0.014513,0.023269
0.000000,0.000000,0.000000,-0.012598,-0.023317,0.043537,0.018376,-0.014925,0.022547
0.000000,0.000000,0.000000,-0.012389,-0.023377,0.043655,0.018765,-0.015330,0.021872
0.000000,0.000000,0.000000,-0.012184,-0.023393,0.043764,0.019141,-0.015682,0.021227
0.000000,0.000000,0.000000,-0.012034,-0.023472,0.043813,0.019432,-0.016100,0.020548
0.000000,0.000000,0.000000,-0.011883,-0.023562,0.043875,0.019679,-0.016441,0.019862
0.000000,0.000000,0.000000,-0.011741,-0.023707,0.043917,0.019896,-0.016804,0.019119
0.000000,0.000000,0.000000,-0.011648,-0.023810,0.043945,0.020086,-0.017089,0.018373
0.000000,0.000000,0.000000,-0.011527,-0.023922,0.044005,0.020223,-0.017364,0.017687
0.000000,0.000000,0.000000,-0.011382,-0.024006,0.044091,0.020343,-0.017572,0.017069
0.000000,0.000000,0.000000,-0.011273,-0.024092,0.044139,0.020460,-0.017723,0.016465
0.000000,0.000000,0.000000,-0.011172,-0.024237,0.044157,0.020550,-0.017873,0.015853
0.000000,0.000000,0.000000,-0.011055,-0.024373,0.044186,0.020626,-0.017974,0.015234
0.000000,0.000000,0.000000,-0.010948,-0.024464,0.044241,0.020675,-0.018045,0.014658
0.000000,0.000000,0.000000,-0.010783,-0.024573,0.044313,0.020755,-0.018039,0.014124
0.000000,0.000000,0.000000,-0.010697,-0.024653,0.044345,0.020785,-0.018057,0.013630
0.000000,0.000000,0.000000,-0.010577,-0.024717,0.044421,0.020789,-0.018050,0.013238
0.000000,0.000000,0.000000,-0.010375,-0.024781,0.044539,0.020837,-0.018042,0.012878
0.000000,0.000000,0.000000,-0.010248,-0.024833,0.044603,0.020839,-0.018062,0.012536
0.000000,0.000000,0.000000,-0.010141,-0.024886,0.044672,0.020853,-0.018045,0.012202
0.000000,0.000000,0.000000,-0.009992,-0.024942,0.044750,0.020868,-0.018047,0.011837
0.000000,0.000000,0.000000,-0.009897,-0.024979,0.044833,0.020846,-0.018063,0.011528
0.000000,0.000000,0.000000,-0.009798,-0.025004,0.044910,0.020826,-0.018133,0.011270
0.000000,0.000000,0.000000,-0.009690,-0.025085,0.044990,0.020786,-0.018180,0.011005
0.000000,0.000000,0.000000,-0.009672,-0.025116,0.045045,0.020727,-0.018249,0.010784
0.000000,0.000000,0.000000,-0.009606,-0.025169,0.045105,0.020686,-0.018358,0.010610
0.000000,0.000000,0.000000,-0.009589,-0.025218,0.045135,0.020640,-0.018476,0.010431
0.000000,0.000000,0.000000,-0.009584,-0.025232,0.045165,0.020570,-0.018587,0.010260
0.000000,0.000000,0.000000,-0.009489,-0.025263,0.045225,0.020532,-0.018657,0.010036
0.000000,0.000000,0.000000,-0.009405,-0.025267,0.045282,0.020476,-0.018783,0.009828
0.000000,0.000000,0.000000,-0.009380,-0.025257,0.045330,0.020386,-0.018907,0.009676
0.000000,0.000000,0.000000,-0.009296,-0.025289,0.045393,0.020331,-0.019075,0.009533
0.000000,0.000000,0.000000,-0.009178,-0.025285,0.045519,0.020271,-0.019189,0.009396
0.000000,0.000000,0.000000,-0.009090,-0.025289,0.045606,0.020225,-0.019300,0.009264
0.000000,0.000000,0.000000,-0.008930,-0.025311,0.045720,0.020198,-0.019433,0.009139
0.000000,0.000000,0.000000,-0.008798,-0.025333,0.045821,0.020160,-0.019545,0.008995
0.000000,0.000000,0.000000,-0.008653,-0.025354,0.045951,0.020122,-0.019656,0.008874
0.000000,0.000000,0.000000,-0.008565,-0.025450,0.046025,0.020039,-0.019813,0.008707
0.000000,0.000000,0.000000,-0.008589,-0.025538,0.046062,0.019912,-0.020022,0.008631
0.000000,0.000000,0.000000,-0.008549,-0.025671,0.046107,0.019825,-0.020216,0.008530
0.000000,0.000000,0.000000,-0.008491,-0.025807,0.046123,0.019768,-0.020381,0.008420
0.000000,0.000000,0.000000,-0.008471,-0.025886,0.046156,0.019687,-0.020520,0.008391
0.000000,0.000000,0.000000,-0.008468,-0.026006,0.046160,0.019618,-0.020684,0.008380
0.000000,0.000000,0.000000,-0.008478,-0.026086,0.046163,0.019572,-0.020859,0.008443
0.000000,0.000000,0.000000,-0.008507,-0.026158,0.046175,0.019505,-0.021017,0.008507
0.000000,0.000000,0.000000,-0.008485,-0.026254,0.046204,0.019457,-0.021158,0.008567
0.000000,0.000000,0.000000,-0.008498,-0.026317,0.046214,0.019425,-0.021277,0.008636
0.000000,0.000000,0.000000,-0.008453,-0.026343,0.046278,0.019446,-0.021354,0.008760
0.000000,0.000000,0.000000,-0.008354,-0.026330,0.046376,0.021090,-0.022491,0.010261
0.000000,0.000000,0.000000,-0.008253,-0.026302,0.046493,0.021136,-0.022470,0.010301
0.000000,0.000000,0.000000,-0.008124,-0.026313,0.046602,0.021196,-0.022453,0.010325
0.000000,0.000000,0.000000,-0.007949,-0.026327,0.046710,0.021284,-0.022442,0.010365
0.000000,0.000000,0.000000,-0.007867,-0.026313,0.046806,0.021343,-0.022461,0.010468
0.000000,0.000000,0.000000,-0.007782,-0.026369,0.046904,0.021355,-0.022488,0.010563
0.000000,0.000000,0.000000,-0.007690,-0.026418,0.047015,0.021392,-0.022528,0.010627
0.000000,0.000000,0.000000,-0.007616,-0.026469,0.047086,0.021447,-0.022547,0.010729
0.000000,0.000000,0.000000,-0.007535,-0.026524,0.047183,0.021457,-0.022597,0.010816
0.000000,0.000000,0.000000,-0.007462,-0.026585,0.047274,0.021457,-0.022618,0.010922
0.000000,0.000000,0.000000,-0.007409,-0.026663,0.047363,0.021502,-0.022643,0.011091
0.000000,0.000000,0.000000,-0.007362,-0.026711,0.047459,0.021513,-0.022642,0.011235
0.000000,0.000000,0.000000,-0.007311,-0.026773,0.047564,0.021494,-0.022679,0.011403
0.000000,0.000000,0.000000,-0.007344,-0.026827,0.047650,0.021425,-0.022705,0.011556
0.000000,0.000000,0.000000,-0.007270,-0.026880,0.047752,0.021406,-0.022704,0.011676
0.000000,0.000000,0.000000,-0.007144,-0.026858,0.047903,0.021429,-0.022715,0.011790
0.000000,0.000000,0.000000,-0.007014,-0.026851,0.048009,0.021454,-0.022712,0.011955
0.000000,0.000000,0.000000,-0.006884,-0.026794,0.048172,0.021456,-0.022738,0.012128
0.000000,0.000000,0.000000,-0.006765,-0.026715,0.048341,0.021466,-0.022708,0.012321
0.000000,0.000000,0.000000,-0.006622,-0.026612,0.048519,0.021531,-0.022688,0.012521
0.000000,0.000000,0.000000,-0.006495,-0.026516,0.048669,0.021582,-0.022650,0.012656
0.000000,0.000000,0.000000,-0.006417,-0.026451,0.048786,0.021602,-0.022649,0.012790
0.000000,0.000000,0.000000,-0.006326,-0.026246,0.048969,0.021670,-0.022599,0.012972
0.000000,0.000000,0.000000,-0.006209,-0.026103,0.049126,0.021730,-0.022583,0.013157
0.000000,0.000000,0.000000,-0.006129,-0.025994,0.049252,0.021758,-0.022556,0.013312
0.000000,0.000000,0.000000,-0.006107,-0.025901,0.049350,0.021795,-0.022540,0.013520
0.000000,0.000000,0.000000,-0.006100,-0.025824,0.049445,0.021777,-0.022520,0.013668
0.000000,0.000000,0.000000,-0.006060,-0.025736,0.049550,0.021843,-0.022472,0.013835
0.000000,0.000000,0.000000,-0.006012,-0.025667,0.049651,0.021866,-0.022454,0.013985
0.000000,0.000000,0.000000,-0.006082,-0.025631,0.049697,0.021806,-0.022470,0.014126
0.000000,0.000000,0.000000,-0.006078,-0.025577,0.049791,0.021789,-0.022490,0.014348
0.000000,0.000000,0.000000,-0.006069,-0.025483,0.049915,0.021800,-0.022474,0.014563
0.000000,0.000000,0.000000,-0.006059,-0.025446,0.050019,0.021798,-0.022445,0.014766
0.000000,0.000000,0.000000,-0.005974,-0.025345,0.050158,0.021874,-0.022328,0.014965
0.000000,0.000000,0.000000,-0.005911,-0.025189,0.050333,0.021954,-0.022221,0.015156
0.000000,0.000000,0.000000,-0.005810,-0.025026,0.050506,0.022010,-0.022067,0.015396
0.000000,0.000000,0.000000,-0.005710,-0.024831,0.050704,0.022078,-0.021915,0.015686
0.000000,0.000000,0.000000,-0.005602,-0.024627,0.050911,0.022132,-0.021763,0.015958
0.000000,0.000000,0.000000,-0.005542,-0.024437,0.051080,0.022182,-0.021666,0.016243
0.000000,0.000000,0.000000,-0.005400,-0.024210,0.051304,0.022263,-0.021542,0.016528
0.000000,0.000000,0.000000,-0.005290,-0.024032,0.051481,0.022318,-0.021415,0.016784
0.000000,0.000000,0.000000,-0.005207,-0.023895,0.051631,0.022319,-0.021361,0.017035
0.000000,0.000000,0.000000,-0.005169,-0.023753,0.051778,0.022304,-0.021346,0.017306
0.000000,0.000000,0.000000,-0.005200,-0.023674,0.051872,0.022260,-0.021356,0.017541
0.000000,0.000000,0.000000,-0.005152,-0.023590,0.051986,0.022229,-0.021377,0.017818
0.000000,0.000000,0.000000,-0.005152,-0.023529,0.052086,0.022156,-0.021424,0.018062
0.000000,0.000000,0.000000,-0.005179,-0.023467,0.052181,0.022121,-0.021474,0.018341
0.000000,0.000000,0.000000,-0.005213,-0.023390,0.052284,0.022045,-0.021536,0.018633
0.000000,0.000000,0.000000,-0.005185,-0.023350,0.052392,0.022005,-0.021561,0.018911
0.000000,0.000000,0.000000,-0.005114,-0.023300,0.052491,0.021984,-0.021587,0.019141
0.000000,0.000000,0.000000,-0.005084,-0.023218,0.052602,0.021894,-0.021650,0.019433
0.000000,0.000000,0.000000,-0.005038,-0.023116,0.052711,0.021846,-0.021655,0.019754
0.000000,0.000000,0.000000,-0.005003,-0.023006,0.052816,0.021771,-0.021651,0.020024
0.000000,0.000000,0.000000,-0.004899,-0.022875,0.052947,0.021703,-0.021688,0.020311
0.000000,0.000000,0.000000,-0.004801,-0.022715,0.053088,0.021649,-0.021706,0.020643
0.000000,0.000000,0.000000,-0.004668,-0.022530,0.053252,0.021640,-0.021732,0.020961
0.000000,0.000000,0.000000,-0.004589,-0.022328,0.053400,0.021575,-0.021752,0.021308
0.000000,0.000000,0.000000,-0.004507,-0.022136,0.053531,0.021547,-0.021743,0.021589
0.000000,0.000000,0.000000,-0.004420,-0.021890,0.053687,0.021550,-0.021719,0.021857
0.000000,0.000000,0.000000,-0.004419,-0.021649,0.053830,0.021483,-0.021706,0.022244
0.000000,0.000000,0.000000,-0.004415,-0.021410,0.053968,0.021448,-0.021688,0.022578
0.000000,0.000000,0.000000,-0.004391,-0.021150,0.054115,0.021452,-0.021623,0.022855
0.000000,0.000000,0.000000,-0.004341,-0.020916,0.054250,0.021482,-0.021535,0.023168
0.000000,0.000000,0.000000,-0.004351,-0.020708,0.054370,0.021464,-0.021481,0.023510
0.000000,0.000000,0.000000,-0.004424,-0.020523,0.054467,0.021395,-0.021444,0.023828
0.000000,0.000000,0.000000,-0.004498,-0.020374,0.054545,0.021339,-0.021411,0.024093
0.000000,0.000000,0.000000,-0.004510,-0.020196,0.054639,0.021333,-0.021342,0.024314
0.000000,0.000000,0.000000,-0.004553,-0.020016,0.054738,0.021293,-0.021290,0.024608
0.000000,0.000000,0.000000,-0.004609,-0.019875,0.054822,0.021194,-0.021264,0.024951
0.000000,0.000000,0.000000,-0.004634,-0.019722,0.054904,0.021147,-0.021197,0.025256
0.000000,0.000000,0.000000,-0.004626,-0.019570,0.054992,0.021142,-0.021106,0.025532
0.000000,0.000000,0.000000,-0.004633,-0.019422,0.055074,0.021074,-0.021085,0.025854
0.000000,0.000000,0.000000,-0.004632,-0.019268,0.055160,0.021023,-0.021037,0.026113
0.000000,0.000000,0.000000,-0.004604,-0.019091,0.055251,0.020986,-0.020981,0.026386
0.000000,0.000000,0.000000,-0.004585,-0.018901,0.055345,0.020954,-0.020914,0.026686
0.000000,0.000000,0.000000,-0.004565,-0.018717,0.055439,0.020893,-0.020868,0.027012
0.000000,0.000000,0.000000,-0.004597,-0.018561,0.055512,0.020745,-0.020889,0.027379
0.000000,0.000000,0.000000,-0.004635,-0.018451,0.055565,0.020594,-0.020902,0.027735
0.000000,0.000000,0.000000,-0.004685,-0.018323,0.055611,0.020460,-0.020912,0.028069
0.000000,0.000000,0.000000,-0.004730,-0.018222,0.055649,0.020334,-0.020938,0.028354
0.000000,0.000000,0.000000,-0.004779,-0.018135,0.055679,0.020166,-0.021003,0.028685
0.000000,0.000000,0.000000,-0.004807,-0.018037,0.055715,0.020046,-0.021022,0.028991
0.000000,0.000000,0.000000,-0.004862,-0.017952,0.055750,0.019853,-0.021082,0.029379
0.000000,0.000000,0.000000,-0.004992,-0.017853,0.055774,0.019650,-0.021098,0.029749
0.000000,0.000000,0.000000,-0.005069,-0.017756,0.055806,0.019542,-0.021052,0.030041
0.000000,0.000000,0.000000,-0.005208,-0.017677,0.055816,0.019415,-0.021070,0.030290
0.000000,0.000000,0.000000,-0.005301,-0.017636,0.055819,0.019350,-0.021097,0.030480
0.000000,0.000000,0.000000,-0.005396,-0.017541,0.055839,0.019288,-0.021114,0.030676
0.000000,0.000000,0.000000,-0.005494,-0.017451,0.055853,0.019227,-0.021114,0.030864
0.000000,0.000000,0.000000,-0.005568,-0.017375,0.055862,0.019168,-0.021155,0.031044
0.000000,0.000000,0.000000,-0.005664,-0.017271,0.055879,0.019145,-0.021136,0.031207
0.000000,0.000000,0.000000,-0.005753,-0.017182,0.055899,0.019081,-0.021143,0.031380
0.000000,0.000000,0.000000,-0.005859,-0.017061,0.055916,0.019024,-0.021145,0.031537
0.000000,0.000000,0.000000,-0.005927,-0.016931,0.055935,0.018978,-0.021180,0.031689
0.000000,0.000000,0.000000,-0.006010,-0.016804,0.055945,0.018921,-0.021238,0.031820
0.000000,0.000000,0.000000,-0.006045,-0.016616,0.055976,0.018898,-0.021174,0.032003
0.000000,0.000000,0.000000,-0.006129,-0.016430,0.055993,0.018854,-0.021115,0.032196
0.000000,0.000000,0.000000,-0.006210,-0.016233,0.056005,0.018813,-0.021049,0.032424
0.000000,0.000000,0.000000,-0.006302,-0.016016,0.056025,0.018729,-0.020989,0.032694
0.000000,0.000000,0.000000,-0.006451,-0.015766,0.056049,0.018636,-0.020877,0.032973
0.000000,0.000000,0.000000,-0.006537,-0.015524,0.056054,0.018554,-0.020810,0.033209
0.000000,0.000000,0.000000,-0.006640,-0.015299,0.056045,0.018495,-0.020745,0.033466
0.000000,0.000000,0.000000,-0.006745,-0.015085,0.056036,0.018468,-0.020695,0.033679
0.000000,0.000000,0.000000,-0.006895,-0.014920,0.056003,0.018405,-0.020639,0.033877
0.000000,0.000000,0.000000,-0.007058,-0.014771,0.055958,0.018264,-0.020609,0.034155
0.000000,0.000000,0.000000,-0.007196,-0.014579,0.055915,0.018115,-0.020558,0.034459
0.000000,0.000000,0.000000,-0.007279,-0.014352,0.055886,0.018020,-0.020480,0.034733
0.000000,0.000000,0.000000,-0.007357,-0.014184,0.055829,0.017915,-0.020477,0.034949
0.000000,0.000000,0.000000,-0.007453,-0.014068,0.055757,0.017825,-0.020516,0.035110
0.000000,0.000000,0.000000,-0.007571,-0.014004,0.055647,0.017655,-0.020641,0.035264
0.000000,0.000000,0.000000,-0.007742,-0.013912,0.055549,0.017479,-0.020710,0.035481
0.000000,0.000000,0.000000,-0.007914,-0.013801,0.055441,0.017298,-0.020776,0.035641
0.000000,0.000000,0.000000,-0.008043,-0.013664,0.055333,0.017118,-0.020792,0.035848
0.000000,0.000000,0.000000,-0.008128,-0.013500,0.055232,0.016945,-0.020793,0.036056
0.000000,0.000000,0.000000,-0.008246,-0.013376,0.055098,0.016819,-0.020806,0.036203
0.000000,0.000000,0.000000,-0.008373,-0.013295,0.054954,0.016702,-0.020892,0.036326
0.000000,0.000000,0.000000,-0.008519,-0.013206,0.054804,0.016585,-0.020970,0.036444
0.000000,0.000000,0.000000,-0.008691,-0.013081,0.054650,0.016459,-0.021011,0.036570
0.000000,0.000000,0.000000,-0.008763,-0.012861,0.054506,0.016461,-0.020922,0.036704
0.000000,0.000000,0.000000,-0.008798,-0.012600,0.054389,0.016512,-0.020786,0.036882
0.000000,0.000000,0.000000,-0.008844,-0.012378,0.054228,0.016501,-0.020721,0.037024
0.000000,0.000000,0.000000,-0.008930,-0.012177,0.054035,0.016471,-0.020676,0.037196
0.000000,0.000000,0.000000,-0.009013,-0.012008,0.053826,0.016461,-0.020674,0.037293
0.000000,0.000000,0.000000,-0.009064,-0.011793,0.053622,0.016459,-0.020681,0.037433
0.000000,0.000000,0.000000,-0.009127,-0.011576,0.053378,0.016430,-0.020738,0.037542
0.000000,0.000000,0.000000,-0.009195,-0.011351,0.053118,0.016391,-0.020757,0.037661
0.000000,0.000000,0.000000,-0.009212,-0.011119,0.052848,0.016356,-0.020709,0.037820
0.000000,0.000000,0.000000,-0.009175,-0.010879,0.052593,0.016356,-0.020673,0.037928
0.000000,0.000000,0.000000,-0.009199,-0.010702,0.052288,0.016275,-0.020701,0.038074
0.000000,0.000000,0.000000,-0.009206,-0.010512,0.051962,0.016216,-0.020702,0.038200
0.000000,0.000000,0.000000,-0.009182,-0.010293,0.051641,0.016174,-0.020691,0.038310
0.000000,0.000000,0.000000,-0.009118,-0.010044,0.051333,0.016165,-0.020622,0.038420
0.000000,0.000000,0.000000,-0.009066,-0.009802,0.050995,0.016103,-0.020596,0.038574
0.000000,0.000000,0.000000,-0.009043,-0.009587,0.050626,0.016079,-0.020560,0.038691
0.000000,0.000000,0.000000,-0.008980,-0.009352,0.050288,0.016073,-0.020459,0.038829
0.000000,0.000000,0.000000,-0.008908,-0.009099,0.049929,0.016040,-0.020364,0.038983
0.000000,0.000000,0.000000,-0.008900,-0.008850,0.049542,0.015953,-0.020334,0.039139
0.000000,0.000000,0.000000,-0.008921,-0.008616,0.049089,0.015885,-0.020270,0.039304
0.000000,0.000000,0.000000,-0.008951,-0.008374,0.048628,0.015773,-0.020251,0.039453
0.000000,0.000000,0.000000,-0.008999,-0.008134,0.048124,0.015701,-0.020215,0.039606
0.000000,0.000000,0.000000,-0.009083,-0.007941,0.047579,0.015589,-0.020243,0.039770
0.000000,0.000000,0.000000,-0.009207,-0.007754,0.046979,0.015401,-0.020284,0.039952
0.000000,0.000000,0.000000,-0.009320,-0.007566,0.046355,0.015251,-0.020259,0.040115
0.000000,0.000000,0.000000,-0.009430,-0.007402,0.045714,0.015106,-0.020268,0.040293
0.000000,0.000000,0.000000,-0.009535,-0.007230,0.045040,0.014959,-0.020300,0.040479
0.000000,0.000000,0.000000,-0.009640,-0.007065,0.044340,0.014819,-0.020309,0.040661
0.000000,0.000000,0.000000,-0.009735,-0.006907,0.043622,0.014708,-0.020319,0.040842
0.000000,0.000000,0.000000,-0.009856,-0.006767,0.042893,0.014603,-0.020377,0.041005
0.000000,0.000000,0.000000,-0.009955,-0.006611,0.042163,0.014580,-0.020384,0.041129
0.000000,0.000000,0.000000,-0.010101,-0.006500,0.041422,0.014435,-0.020485,0.041260
0.000000,0.000000,0.000000,-0.010286,-0.006357,0.040662,0.014306,-0.020442,0.041445
0.000000,0.000000,0.000000,-0.010481,-0.006245,0.039931,0.014315,-0.020451,0.041554
0.000000,0.000000,0.000000,-0.010668,-0.006109,0.039201,0.014272,-0.020475,0.041698
0.000000,0.000000,0.000000,-0.010880,-0.005974,0.038475,0.014221,-0.020433,0.041858
0.000000,0.000000,0.000000,-0.011121,-0.005908,0.037724,0.014156,-0.020386,0.042031
0.000000,0.000000,0.000000,-0.011399,-0.005897,0.036977,0.014133,-0.020376,0.042177
0.000000,0.000000,0.000000,-0.011680,-0.005949,0.036217,0.014113,-0.020393,0.042282
0.000000,0.000000,0.000000,-0.011914,-0.006000,0.035488,0.014021,-0.020344,0.042462
0.000000,0.000000,0.000000,-0.012215,-0.006080,0.034752,0.013783,-0.020284,0.042739
0.000000,0.000000,0.000000,-0.012513,-0.006186,0.034028,0.013581,-0.020190,0.042989
0.000000,0.000000,0.000000,-0.012804,-0.006331,0.033324,0.013478,-0.020190,0.043152
0.000000,0.000000,0.000000,-0.013083,-0.006518,0.032635,0.013272,-0.020189,0.043358
0.000000,0.000000,0.000000,-0.013381,-0.006734,0.031953,0.013177,-0.020144,0.043521
0.000000,0.000000,0.000000,-0.013671,-0.006968,0.031302,0.013025,-0.020116,0.043701
0.000000,0.000000,0.000000,-0.013975,-0.007236,0.030689,0.012902,-0.020134,0.043835
0.000000,0.000000,0.000000,-0.014277,-0.007542,0.030087,0.012761,-0.020127,0.043988
0.000000,0.000000,0.000000,-0.014615,-0.007886,0.029526,0.012593,-0.020058,0.044196
0.000000,0.000000,0.000000,-0.015006,-0.008252,0.028972,0.012403,-0.020048,0.044387
0.000000,0.000000,0.000000,-0.015387,-0.008659,0.028404,0.012363,-0.020062,0.044458
0.000000,0.000000,0.000000,-0.015773,-0.009081,0.027867,0.012314,-0.020029,0.044586
0.000000,0.000000,0.000000,-0.016179,-0.009569,0.027325,0.012204,-0.020079,0.044708
0.000000,0.000000,0.000000,-0.016591,-0.010104,0.026776,0.012126,-0.020090,0.044836
0.000000,0.000000,0.000000,-0.017027,-0.010670,0.026199,0.012002,-0.020198,0.044920
0.000000,0.000000,0.000000,-0.017492,-0.011285,0.025560,0.011803,-0.020354,0.044994
0.000000,0.000000,0.000000,-0.017954,-0.011887,0.024909,0.011621,-0.020531,0.045050
0.000000,0.000000,0.000000,-0.018425,-0.012466,0.024204,0.011367,-0.020701,0.045100
0.000000,0.000000,0.000000,-0.018865,-0.013004,0.023495,0.011074,-0.020921,0.045155
0.000000,0.000000,0.000000,-0.019266,-0.013559,0.022740,0.010912,-0.021166,0.045141
0.000000,0.000000,0.000000,-0.019654,-0.014103,0.021984,0.010669,-0.021454,0.045144
0.000000,0.000000,0.000000,-0.019975,-0.014601,0.021291,0.010536,-0.021691,0.045112
0.000000,0.000000,0.000000,-0.020252,-0.015045,0.020616,0.010377,-0.021775,0.045157
0.000000,0.000000,0.000000,-0.020501,-0.015382,0.019943,0.010183,-0.021809,0.045254
0.000000,0.000000,0.000000,-0.020707,-0.015677,0.019289,0.010023,-0.021729,0.045415
0.000000,0.000000,0.000000,-0.020825,-0.015905,0.018696,0.010040,-0.021562,0.045555
0.000000,0.000000,0.000000,-0.020921,-0.016126,0.018140,0.009974,-0.021421,0.045730
0.000000,0.000000,0.000000,-0.020974,-0.016334,0.017630,0.009944,-0.021358,0.045861
0.000000,0.000000,0.000000,-0.021021,-0.016481,0.017149,0.009964,-0.021272,0.045966
0.000000,0.000000,0.000000,-0.021058,-0.016551,0.016730,0.009957,-0.021040,0.046154
0.000000,0.000000,0.000000,-0.021054,-0.016592,0.016328,0.010007,-0.020798,0.046335
0.000000,0.000000,0.000000,-0.021049,-0.016647,0.015892,0.010008,-0.020650,0.046483
0.000000,0.000000,0.000000,-0.021071,-0.016659,0.015461,0.009967,-0.020612,0.046600
0.000000,0.000000,0.000000,-0.021077,-0.016686,0.015039,0.009928,-0.020560,0.046689
0.000000,0.000000,0.000000,-0.021082,-0.016707,0.014648,0.009788,-0.020597,0.046781
0.000000,0.000000,0.000000,-0.021110,-0.016750,0.014288,0.009624,-0.020688,0.046875
0.000000,0.000000,0.000000,-0.021134,-0.016782,0.013934,0.009424,-0.020703,0.046971
0.000000,0.000000,0.000000,-0.021156,-0.016770,0.013612,0.009275,-0.020679,0.047085
0.000000,0.000000,0.000000,-0.021158,-0.016786,0.013291,0.009148,-0.020639,0.047201
0.000000,0.000000,0.000000,-0.021143,-0.016820,0.012984,0.009020,-0.020645,0.047302
0.000000,0.000000,0.000000,-0.021147,-0.016894,0.012715,0.008835,-0.020631,0.047411
0.000000,0.000000,0.000000,-0.021156,-0.016932,0.012416,0.008561,-0.020649,0.047552
0.000000,0.000000,0.000000,-0.021143,-0.016982,0.012177,0.008388,-0.020596,0.047673
0.000000,0.000000,0.000000,-0.021135,-0.017089,0.011980,0.008204,-0.020623,0.047765
0.000000,0.000000,0.000000,-0.021136,-0.017195,0.011768,0.008027,-0.020639,0.047842
0.000000,0.000000,0.000000,-0.021125,-0.017290,0.011547,0.007819,-0.020619,0.047921
0.000000,0.000000,0.000000,-0.021086,-0.017374,0.011338,0.007704,-0.020618,0.047994
0.000000,0.000000,0.000000,-0.021044,-0.017510,0.011130,0.007559,-0.020600,0.048065
0.000000,0.000000,0.000000,-0.020978,-0.017642,0.010952,0.007440,-0.020606,0.048116
0.000000,0.000000,0.000000,-0.020956,-0.017822,0.010761,0.007235,-0.020693,0.048168
0.000000,0.000000,0.000000,-0.020906,-0.017979,0.010557,0.007067,-0.020836,0.048222
0.000000,0.000000,0.000000,-0.020856,-0.018132,0.010383,0.006973,-0.020966,0.048243
0.000000,0.000000,0.000000,-0.020815,-0.018314,0.010223,0.006851,-0.021135,0.048272
0.000000,0.000000,0.000000,-0.020759,-0.018482,0.010038,0.006768,-0.021324,0.048280
0.000000,0.000000,0.000000,-0.020688,-0.018645,0.009905,0.006720,-0.021476,0.048323
0.000000,0.000000,0.000000,-0.020597,-0.018821,0.009758,0.006652,-0.021579,0.048391
0.000000,0.000000,0.000000,-0.020516,-0.019009,0.009663,0.006517,-0.021636,0.048472
0.000000,0.000000,0.000000,-0.020453,-0.019189,0.009578,0.006395,-0.021712,0.048561
0.000000,0.000000,0.000000,-0.020426,-0.019336,0.009478,0.006229,-0.021779,0.048632
0.000000,0.000000,0.000000,-0.020386,-0.019445,0.009449,0.006075,-0.021786,0.048721
0.000000,0.000000,0.000000,-0.020373,-0.019564,0.009443,0.005891,-0.021798,0.048809
0.000000,0.000000,0.000000,-0.020376,-0.019703,0.009495,0.005760,-0.021833,0.048857
0.000000,0.000000,0.000000,-0.020374,-0.019815,0.009538,0.005589,-0.021839,0.048931
0.000000,0.000000,0.000000,-0.020386,-0.019897,0.009615,0.005384,-0.021790,0.049056
0.000000,0.000000,0.000000,-0.020403,-0.019979,0.009676,0.005256,-0.021792,0.049116
0.000000,0.000000,0.000000,-0.020449,-0.020044,0.009764,0.005149,-0.021860,0.049163
