4.147672	21.609443	12.963795	9.97933	29.183121	16.395819	22.438582	14.746662	10.10601	23.843206	30.1988	17.608266	29.332942	30.797512	19.15773	40.450243	42.415762	17.735864	36.269548	21.877221	17.834175	51.101514	38.96232	18.1386	48.964317	23.659486	18.506222	58.125475	28.538056	19.871529	49.520754	30.186333	19.847002	39.559646	31.987798	19.985626
6.083242	21.451925	12.627921	11.157122	29.163834	16.262464	23.901049	14.821029	10.209045	24.71946	30.1894	17.593697	30.234258	30.782561	19.066372	41.248106	42.377986	17.796582	37.025447	21.869062	17.822376	52.046923	38.772936	17.896641	49.787824	23.571488	18.313093	58.993241	28.453842	19.859288	50.528748	30.119826	19.782109	40.411528	31.889421	19.914004
7.709061	20.889606	11.878268	12.247259	28.968397	15.997581	25.25853	15.115857	10.41606	25.548263	30.300869	17.581779	31.092101	30.854443	19.078106	42.218327	42.37016	17.784346	37.764744	21.788994	17.703934	52.943676	38.7708	17.877065	50.586402	23.406159	18.274828	59.86558	28.201188	19.679544	51.293418	29.989811	19.703366	41.29956	31.871948	19.828308
9.507537	20.368409	11.317773	13.080925	28.68758	15.672158	26.940109	15.367722	10.674435	26.30229	30.421813	17.631101	31.968807	30.939109	19.115818	42.987544	42.408901	17.681112	38.674672	21.853964	17.801824	53.802917	38.713388	17.830744	51.422903	23.443001	18.214585	60.713591	28.261917	19.607045	52.148988	29.984165	19.696448	42.181324	32.02375	19.889826
11.055595	19.7024	10.577598	14.019913	28.316278	15.228646	28.294049	15.591295	10.791549	27.109635	30.387121	17.480271	32.840184	31.013976	19.068168	43.990566	42.426211	17.881203	39.508056	21.938169	17.683165	54.710668	38.699496	17.743129	52.33389	23.422648	18.11514	61.579772	28.169908	19.533419	53.1312	29.961075	19.547665	43.073165	32.014246	19.874511
12.877565	19.166956	9.486087	14.830264	27.763481	14.647774	29.600711	15.741878	10.994721	27.988402	30.28337	17.601005	33.612405	31.025332	19.19342	44.66306	42.510759	17.81281	40.370058	22.04246	17.713894	55.434054	38.743057	17.685299	53.197122	23.454283	18.012741	62.53032	28.214896	19.33859	53.877435	30.013523	19.592216	43.867651	32.088806	19.931133
14.723494	18.521083	8.879744	15.672222	27.041477	14.007098	31.069642	15.990906	10.851097	28.821332	30.401049	17.644147	34.523917	30.943265	19.235227	45.615495	42.551445	17.828416	41.285593	22.093568	17.748201	56.206714	38.683202	17.644049	54.081745	23.542193	17.947963	63.512041	28.414164	19.190881	54.799069	30.007786	19.585541	44.694231	32.095883	20.057818
16.322226	18.469827	7.978661	16.524595	26.529668	13.210159	32.446134	16.055161	10.846321	29.664434	30.294888	17.759804	35.212299	30.944987	19.30751	46.279182	42.698402	17.892413	42.167505	22.138103	17.696076	56.94228	38.882089	17.600419	54.953689	23.576481	17.851144	64.234842	28.461563	19.041361	55.583668	30.153363	19.423813	45.615388	32.087871	19.992857
17.887168	18.22652	6.952981	17.490356	26.0123	12.859771	33.522074	16.089407	10.695361	30.422018	30.421881	17.864082	36.09485	30.871333	19.399006	46.991986	42.667917	18.070457	43.062837	22.191341	17.734483	57.794837	38.985235	17.644755	55.86983	23.626712	17.881964	65.114835	28.817363	18.943788	56.37371	30.147652	19.416336	46.456328	32.245081	20.119617
19.544712	18.294884	6.103392	18.541586	25.877373	12.466201	34.597749	16.273682	10.560179	31.301955	30.081634	17.946157	36.844965	30.794866	19.516331	47.69103	42.71111	18.088309	43.897536	22.275539	17.615431	58.458745	39.075737	17.544296	56.687463	23.81987	17.813722	65.869398	29.02103	18.803237	57.159183	30.237069	19.258244	47.175484	32.312163	20.106476
20.526483	18.029933	5.145003	19.051501	25.702278	11.796496	35.556596	16.279937	10.177422	32.003311	30.114249	17.917727	37.608528	30.973811	19.64014	48.388197	42.830264	18.342737	44.716365	22.429603	17.599145	59.206928	39.135615	17.631121	57.467351	23.919289	17.803909	66.61515	29.015234	18.795611	57.996009	30.297531	19.321733	47.923999	32.231202	20.098099
21.10143	17.9813	4.736354	19.672193	25.979989	11.509095	36.144623	16.286588	9.793244	32.753741	30.03829	18.013137	38.382783	30.96564	19.65968	49.137557	42.986179	18.515265	45.55011	22.453486	17.432335	59.878813	39.280629	17.55971	58.257774	23.95691	17.744405	67.467524	29.157902	18.77875	58.788389	30.412766	19.37765	48.503658	32.161853	20.167328
21.179354	18.39497	5.059191	20.084666	26.269466	11.291466	36.507879	16.333253	9.660821	33.609322	30.044741	18.072762	39.052044	31.125134	19.61274	49.846014	43.009493	18.312777	46.367861	22.547155	17.368253	60.620665	39.35574	17.792421	59.071986	24.012256	17.816529	68.139404	29.240465	18.885216	59.580799	30.527966	19.433594	49.286123	32.393664	20.345827
21.171445	18.502247	5.162043	20.40442	26.546183	11.552544	36.553731	15.94737	9.42439	34.347759	30.261758	17.990951	39.81993	31.116943	19.599714	50.50223	43.201315	18.408614	47.143276	22.696191	17.341119	61.389696	39.460527	17.836509	59.834854	24.12559	17.899155	68.85056	29.331552	19.056261	60.416925	30.583564	19.435236	50.090225	32.529235	20.265896
21.234969	19.203883	5.571345	20.977859	26.830834	11.930168	36.680954	15.857787	9.301424	34.957433	30.405756	17.963627	40.562185	31.208084	19.715982	51.214406	43.325993	18.254851	47.857934	22.851131	17.325584	62.073646	39.565058	17.882689	60.495093	24.140881	18.030454	69.711456	29.327652	19.055266	61.145342	30.707317	19.562324	50.809147	32.669162	20.247867
21.467134	19.441685	5.717257	21.430575	27.183236	12.232203	36.849548	15.738229	9.432952	35.730239	30.511246	18.148084	41.351764	31.301587	19.805389	52.101432	43.504884	18.239504	48.627579	23.013002	17.360967	62.877951	39.655362	17.779855	61.243869	24.262357	18.192694	70.39553	29.568305	19.219552	61.782987	30.820159	19.611412	51.641713	32.80233	20.162431
21.484862	19.588164	6.00364	21.846964	27.488991	12.195265	37.268704	15.724647	9.321601	36.497868	30.649521	18.109771	42.032415	31.470702	19.876516	52.865289	43.553336	18.248141	49.36507	23.173389	17.393157	63.71345	39.620407	17.953138	62.020018	24.281632	18.364489	71.130956	29.361488	19.407843	62.553456	30.824077	19.678161	52.366499	32.958063	20.285972
21.538998	19.933628	6.147214	22.372428	27.511978	12.39224	37.381386	15.665204	9.432052	37.28194	30.728147	18.154603	42.945045	31.451136	19.807465	53.627824	43.559537	18.343855	50.067407	23.193219	17.547618	64.576834	39.733228	18.067092	62.774757	24.244368	18.497822	71.945422	29.378355	19.585203	63.304265	30.842754	19.881805	53.058847	32.954556	20.282768
21.625478	20.047313	6.264702	22.747559	27.607298	12.521162	37.609838	15.488751	9.191754	38.052185	30.682244	18.439206	43.657079	31.449761	19.840941	54.419555	43.61538	18.256555	50.851992	23.319082	17.731394	65.375557	39.64943	18.147609	63.472504	24.208725	18.640714	72.673836	29.457162	19.642792	64.164109	30.744982	20.033865	53.861573	32.907149	20.562256
21.825795	20.082437	6.440817	23.020291	27.665418	12.377394	37.794701	15.481384	9.178838	38.831279	30.671317	18.378494	44.402159	31.450361	19.911123	55.19842	43.578642	18.327561	51.691668	23.286424	17.891643	66.089039	39.563724	18.22917	64.198354	24.168653	18.757008	73.389823	29.28004	20.019371	64.844877	30.695886	20.160828	54.669772	32.904477	20.56202
21.952644	20.291382	6.425042	23.2826	27.758793	12.501965	38.08888	15.340028	9.181677	39.561027	30.53413	18.553251	45.09164	31.373188	19.975772	56.005575	43.506097	18.486249	52.454104	23.300946	18.035399	66.786264	39.489073	18.381084	64.962603	24.120601	18.82806	74.090029	29.179646	20.052698	65.613592	30.587566	20.235004	55.417842	32.751168	20.558966
21.955809	20.51988	6.554125	23.678458	27.67054	12.440671	38.338927	15.074795	9.22253	40.404089	30.370314	18.54658	45.932484	31.296016	20.052494	56.697795	43.429903	18.531246	53.322464	23.103284	18.193509	67.623559	39.421969	18.602717	65.712765	23.984179	18.993181	74.887262	28.989328	20.165409	66.382444	30.535292	20.305244	56.186591	32.690111	20.70131
22.133858	20.411949	6.556687	24.005676	27.505236	12.387611	38.526758	14.795804	9.174624	41.12712	30.220323	18.610097	46.723325	31.067026	20.220226	57.529827	43.344888	18.992046	54.171581	22.970611	18.201175	68.386596	39.183788	18.534453	66.565438	23.838267	19.109658	75.581256	28.961852	20.379402	67.140026	30.431707	20.524983	57.054711	32.626533	20.838174
22.286679	20.226909	6.727558	24.213398	27.545321	12.715841	38.738306	14.79003	9.164874	42.024021	29.928028	18.749873	47.534821	30.749119	20.319529	58.195453	43.094667	18.944993	54.938442	22.842991	18.354736	69.211738	39.01871	18.706758	67.402188	23.689511	19.192834	76.496494	28.837088	20.607128	67.973093	30.291538	20.664643	57.63036	32.3312	20.851157
22.398893	20.085421	6.557604	24.608568	27.620862	12.706666	38.958264	14.594756	9.257559	42.671389	29.612092	18.766076	48.304319	30.506583	20.399721	58.976128	42.901968	19.143435	55.778579	22.500822	18.323718	69.953031	38.959548	19.003269	68.224484	23.549151	19.322205	77.103087	28.653897	20.769622	68.659148	30.103102	20.809578	58.56949	32.122	20.996895
22.533359	20.086831	6.561046	24.903401	27.468563	12.777796	39.244617	14.434341	9.108201	43.558228	29.307913	18.833702	48.99548	30.350643	20.513565	59.745075	42.58222	19.269253	56.738615	22.292909	18.238028	70.7055	38.779136	19.032586	69.055507	23.308032	19.488217	78.051969	28.578761	20.994972	69.647696	29.908675	20.893813	59.376212	31.828176	21.01512
22.656907	19.928763	6.890465	25.013588	27.548324	12.775588	39.353022	14.295769	9.115159	44.353497	29.162559	18.938662	49.864746	29.93741	20.530098	60.463571	42.417123	19.270422	57.597395	22.002876	18.246587	71.41542	38.607542	19.134808	69.885174	23.15221	19.527345	78.794052	28.424639	20.994341	70.33268	29.720654	21.038665	60.072766	31.625202	21.233984
22.740024	19.814036	6.879268	25.25705	27.541238	12.76267	39.520472	14.106569	9.218812	45.05098	28.843565	18.936534	50.715703	29.698297	20.647102	61.290476	42.22643	19.466948	58.437658	21.808147	18.251228	72.149736	38.348503	19.25807	70.692904	22.961423	19.670652	79.537372	28.341306	21.156144	71.16751	29.475306	21.120366	60.75473	31.380879	21.099269
22.671302	19.846411	7.048193	25.475842	27.382152	12.770399	39.680941	14.038907	9.226007	45.813089	28.614484	18.994253	51.411316	29.528101	20.644902	61.993539	41.958165	19.612494	59.193535	21.609486	18.21586	72.91034	38.226227	19.409069	71.492413	22.709928	19.752917	80.400105	28.201645	21.268048	71.902864	29.380584	21.209439	61.698739	31.098348	21.190487
22.969097	19.822386	6.896467	25.659838	27.451721	12.649659	39.888106	14.018995	9.131724	46.516281	28.390952	19.063239	52.176703	29.356064	20.611369	62.872668	41.843271	19.821458	60.020308	21.445604	18.12024	73.661986	38.088739	19.416028	72.3329	22.610389	19.820154	81.210548	28.111492	21.376995	72.697848	29.176491	21.217118	62.443676	30.867956	21.135835
23.212429	19.748375	7.071353	25.972867	27.399975	12.858305	40.100722	14.022129	9.139102	47.306835	28.316116	19.113035	52.923456	29.028219	20.630559	63.550659	41.518775	19.50358	60.791534	21.231479	17.990138	74.439753	37.951808	19.422379	73.154728	22.420135	19.859622	81.985504	27.957706	21.37756	73.474857	29.030826	21.287045	63.152352	30.651721	21.204258
23.189094	19.799968	7.491993	26.241235	27.613791	12.701557	40.282354	14.146217	9.106221	47.969044	28.0665	19.05355	53.689475	28.914787	20.631228	64.390188	41.415469	19.707788	61.618442	21.11445	17.891293	75.308554	37.764182	19.402354	73.894297	22.23751	19.900461	82.673334	27.804336	21.37752	74.230058	28.88208	21.34673	63.948575	30.432223	21.221849
23.450805	19.677972	7.360029	26.303196	27.528108	12.692753	40.679102	14.21443	9.103521	48.753669	27.896519	18.960593	54.389746	28.810809	20.707361	64.974255	41.149932	19.559322	62.398833	20.847847	17.723148	76.035655	37.724684	19.460098	74.670551	22.219492	19.818701	83.42888	27.658291	21.434706	74.886939	28.766729	21.274429	64.775705	30.334121	21.08246
23.570955	19.761456	7.205736	26.291243	27.754239	12.608139	40.752079	14.336089	9.00764	49.483482	27.822967	19.012644	55.170577	28.629637	20.626319	65.628652	41.107549	19.521378	63.198333	20.736906	17.668273	76.686259	37.598373	19.565488	75.450423	22.122063	19.816995	84.153793	27.659474	21.481259	75.625449	28.720026	21.335721	65.511768	30.188965	21.142175
23.479486	19.982895	7.321465	26.56265	27.699512	12.811039	41.169804	14.455178	8.908804	50.265705	27.725284	18.905635	55.914241	28.458829	20.595845	66.274086	41.074776	19.76909	63.921562	20.649415	17.43638	77.423452	37.471792	19.669317	76.17319	22.055096	19.708038	84.860209	27.646291	21.418787	76.263185	28.605542	21.265781	66.16137	30.17025	21.014535
23.769109	20.028215	7.624961	26.813063	27.855097	12.798859	41.343559	14.551524	8.706673	50.959935	27.714116	18.850251	56.607769	28.276507	20.484906	67.003487	40.997231	19.58054	64.581501	20.586782	17.379916	78.020373	37.457705	19.562126	76.870936	22.043308	19.663331	85.632887	27.598392	21.471444	76.982332	28.559447	21.328808	66.939166	30.064398	20.946531
23.675774	20.121331	7.487733	27.118884	27.873199	12.935938	41.609281	14.766774	8.770267	51.657123	27.556346	18.855098	57.346817	28.260409	20.399645	67.732567	40.964104	19.828118	65.36298	20.594668	17.144784	78.699814	37.563931	19.696507	77.634461	22.026653	19.585813	86.218155	27.593184	21.462825	77.679492	28.446188	21.26415	67.616142	30.05971	20.941351
23.987644	20.015141	7.493639	27.279753	27.929566	12.787931	42.078767	14.948535	8.654915	52.377006	27.529862	18.695521	58.038532	28.188696	20.314181	68.378464	40.888212	19.640258	66.079058	20.479185	17.049621	79.374155	37.52342	19.755471	78.309237	21.958419	19.472338	86.950076	27.589408	21.564756	78.339718	28.465136	21.06078	68.300776	29.971679	20.805596
24.121683	20.348008	7.61725	27.645002	27.940091	12.909997	42.289845	14.877924	8.599384	53.071828	27.442032	18.645382	58.735177	28.06235	20.204612	69.033733	40.842279	19.742876	66.758314	20.492999	16.856899	80.113736	37.471072	19.717005	79.028071	21.890446	19.360622	87.67674	27.532335	21.506309	78.999397	28.426116	21.182318	68.900804	29.973449	20.858702
24.256022	20.34935	7.620621	27.859301	28.005709	12.781054	42.627538	15.065308	8.49372	53.735761	27.352978	18.592397	59.48272	28.060214	20.205678	69.688683	40.796378	19.845509	67.574323	20.359818	16.662563	80.744488	37.369858	19.564429	79.770188	21.884296	19.353127	88.337036	27.570179	21.493266	79.835755	28.420318	21.177398	69.599164	29.822743	20.732892
24.443901	20.263073	7.771587	28.006278	28.011486	12.842959	42.934652	15.051624	8.586687	54.457069	27.096718	18.449163	60.164463	27.868963	20.074527	70.310324	40.618526	19.742344	68.287978	20.268056	16.571549	81.381379	37.367696	19.553105	80.506794	21.81577	19.239901	88.930375	27.601357	21.426572	80.436337	28.356837	21.108148	70.218815	29.606105	20.606967
24.192584	20.406032	8.052402	28.300364	27.859259	12.914275	43.316652	15.211815	8.474227	55.184021	26.876738	18.402859	60.864888	27.640935	20.015134	71.048658	40.411817	19.897271	69.032443	20.156266	16.431461	82.141713	37.449464	19.584066	81.269854	21.742395	19.094062	89.648572	27.511077	21.446366	81.113317	28.234488	20.976742	70.91821	29.406415	20.611649
24.314819	20.286441	8.031265	28.626862	27.857801	12.913174	43.788747	15.280529	8.368553	55.891549	26.660133	18.3509	61.586856	27.400841	19.892698	71.742854	40.247178	19.938914	69.764926	20.008209	16.336925	82.837582	37.315766	19.503947	82.058499	21.626895	18.979959	90.388336	27.548412	21.434957	81.868956	28.112207	20.848024	71.64053	29.189692	20.487424
24.638507	20.301462	8.061719	28.817492	27.788356	12.987209	44.171541	15.12966	8.562168	56.61215	26.357851	18.184975	62.359484	27.165994	19.82409	72.396443	40.042481	20.095086	70.641594	19.7621	16.159338	83.435676	37.210896	19.620288	82.838421	21.50731	18.835923	91.175585	27.522051	21.278661	82.703038	28.006494	20.848968	72.31048	28.978822	20.419542
24.721139	20.187379	8.050775	29.39049	27.770522	12.855875	44.608728	15.2019	8.463356	57.389031	26.06918	18.142719	63.133547	26.993485	19.79475	72.978536	39.824395	20.106885	71.523862	19.605036	16.016429	84.060805	36.962548	19.571905	83.682316	21.473133	18.649898	91.961053	27.458568	21.174259	83.417146	27.908015	20.841763	73.265703	28.793224	20.547575
24.862195	20.313267	8.193375	29.575783	27.624769	12.988618	45.228019	15.195601	8.455079	58.14063	25.850095	18.068518	63.924269	26.585754	19.666965	73.711509	39.586923	19.971538	72.299515	19.365221	15.882338	84.80699	36.816011	19.393878	84.541427	21.25276	18.456778	92.77541	27.350956	21.072962	84.247389	27.751553	20.713573	73.98613	28.503701	20.365194
25.278624	20.23543	8.361245	30.136162	27.478534	13.073365	45.671565	15.100364	8.457075	58.941939	25.55357	17.978608	64.736759	26.184723	19.579154	74.450855	39.248556	19.920282	73.192692	19.152563	15.654222	85.605664	36.638851	19.289416	85.420715	21.124695	18.264511	93.536549	27.268482	20.819426	84.942695	27.525971	20.395606	74.515307	28.215479	20.185193
25.197635	20.14685	8.505555	30.541162	27.52805	12.913209	46.343143	15.187364	8.446384	59.801293	25.266617	17.911465	65.506745	25.833796	19.45524	75.222573	39.121257	20.251102	74.037147	18.906878	15.480215	86.424998	36.4189	19.162317	86.318113	20.960334	18.138975	94.318686	27.124077	20.769943	85.75552	27.386493	20.396046	75.406278	28.087055	20.246685
25.551769	20.263337	8.631673	30.953466	27.307739	13.060197	46.836798	15.366882	8.430091	60.579494	24.982962	17.881669	66.301309	25.664594	19.435323	76.16975	38.793377	20.342929	74.853515	18.667827	15.350711	87.186518	36.309094	19.274642	87.078932	20.80142	18.042179	95.16525	27.029587	20.765527	86.618405	27.193468	20.332445	76.217724	27.742479	20.139575
25.924921	20.294122	8.800288	31.386915	27.231773	13.121878	47.56328	15.169003	8.418083	61.434961	24.759677	17.829627	67.09356	25.377247	19.376624	76.883561	38.55839	20.207899	75.718186	18.391941	15.265517	88.011323	36.061698	19.224883	87.982808	20.693949	17.945721	95.949918	26.835481	20.668752	87.406165	26.965432	20.336915	77.033743	27.327432	20.004813
26.170644	20.447748	9.105014	31.77609	27.213024	12.988192	48.075603	15.354272	8.413479	62.209573	24.529293	17.70139	67.970179	25.116295	19.339603	77.740791	38.219016	20.155314	76.550033	18.212772	15.247314	88.89614	35.979561	19.258393	88.857048	20.493292	17.884766	96.823845	26.703495	20.716499	88.315018	26.869423	20.334767	77.900251	27.327213	20.049267
26.32843	20.426579	9.065409	32.324118	27.224647	13.112779	48.698384	15.362009	8.490399	63.151529	24.461761	17.745133	68.771014	24.919277	19.350163	78.673499	38.031274	20.454252	77.366139	17.913146	15.207254	89.713474	35.790356	19.056766	89.681827	20.23689	17.862245	97.685469	26.508481	20.619611	89.165378	26.614946	20.150722	78.666119	26.996625	20.059251
26.698085	20.560194	9.224901	32.976531	27.221525	13.110253	49.409506	15.3689	8.566221	63.952922	24.36593	17.603529	69.648622	24.767891	19.351682	79.618917	37.967701	20.270503	78.060105	17.755367	15.204626	90.573558	35.576978	19.296271	90.492101	20.051597	17.896695	98.510177	26.333267	20.670757	90.106695	26.473999	20.149201	79.598699	26.875145	20.171089
27.051895	20.676583	9.351619	33.397815	27.285278	13.02851	50.120562	15.752799	8.696142	64.789898	24.380604	17.733405	70.443682	24.716238	19.375693	80.450644	37.764734	20.425788	78.903299	17.496429	15.277557	91.417849	35.330733	18.973482	91.302025	19.866419	17.931242	99.445175	26.049744	20.579276	90.879139	26.240202	20.110914	80.402339	26.74644	20.225338
27.578485	20.660644	9.216006	34.025055	27.329849	12.810834	50.830855	15.850468	8.764442	65.594122	24.4336	17.670095	71.284056	24.719508	19.435955	81.366568	37.570714	20.036464	79.643165	17.333088	15.466836	92.539181	35.032284	18.891343	92.120023	19.629774	18.035837	100.369135	25.690928	20.39426	91.770322	26.055677	20.110841	81.273186	26.530523	20.118517
27.896356	21.009254	9.483467	34.685474	27.324266	12.754724	51.508565	16.055838	8.916515	66.455869	24.368072	17.718355	72.101376	24.577939	19.504971	82.374568	37.347674	20.042537	80.41122	17.159045	15.592548	93.483039	34.83254	19.029806	92.928679	19.44977	18.101835	101.233168	25.534562	20.443641	92.676596	25.841859	20.229768	82.157479	26.279199	20.234555
28.495335	21.27831	9.915857	35.247282	27.451396	12.588988	52.129735	16.245046	8.978418	67.287004	24.353544	17.661722	73.058053	24.51701	19.463894	83.191635	37.266466	19.987825	81.143625	16.960106	15.789164	94.417072	34.583223	18.803702	93.730246	19.213711	18.204728	102.149905	25.176837	20.456245	93.517581	25.694434	20.170918	82.994603	26.15076	20.289965
28.868973	21.347384	9.735563	35.847516	27.431062	12.463848	52.87448	16.430448	9.033445	68.197087	24.134221	17.619892	73.874933	24.452456	19.390671	84.124686	36.928972	19.661036	81.931417	16.664656	15.864194	95.265891	34.410183	18.864028	94.634894	18.969934	18.262273	103.096816	24.909911	20.561043	94.40542	25.421129	20.178707	83.935149	26.006751	20.236368
29.386601	21.438952	9.707768	36.553784	27.40904	12.280893	53.569777	16.263951	9.14173	69.107668	24.045004	17.524419	74.72512	24.241434	19.317099	85.075691	36.629203	19.628353	82.681809	16.396347	15.874158	96.168348	34.146692	18.794513	95.439377	18.714719	18.241652	103.796646	24.696282	20.468118	95.276752	25.13977	20.130588	84.78293	25.652543	20.076673
29.929078	21.238361	9.738378	37.389062	27.155828	12.293408	54.483468	16.315314	8.945803	69.857294	23.823485	17.448009	75.519042	23.928838	19.209548	85.824352	36.424607	19.785745	83.483401	16.069717	15.764776	97.065144	33.91663	18.984379	96.273332	18.444807	18.137979	104.62632	24.364512	20.381491	96.078264	24.859476	20.082256	85.662692	25.53983	20.24696
30.611769	21.291937	10.170428	38.045258	27.070102	12.340081	55.188058	16.476031	8.835698	70.765688	23.591286	17.318305	76.351938	23.719793	19.15188	86.792946	36.200442	19.792103	84.198796	15.882329	15.582401	97.818203	33.600985	19.053754	97.061069	18.180727	18.061616	105.465066	24.057899	20.48923	96.859688	24.542847	20.093904	86.523413	25.307179	20.025468
31.333414	21.211749	10.334849	38.823106	27.010338	12.527898	55.914676	16.473728	8.836652	71.588203	23.43824	17.251225	77.128812	23.508194	19.06944	87.554155	35.742956	19.681065	85.015824	15.582003	15.408547	98.689771	33.296725	18.961553	97.800978	17.920826	18.014614	106.279331	23.819142	20.495628	97.675889	24.277925	20.158853	87.272676	24.967845	19.967833
31.850793	21.303424	10.307667	39.587482	26.840901	12.535957	56.553155	16.290559	8.853988	72.314196	23.418871	17.159624	77.979948	23.298368	19.010072	88.468765	35.632632	20.021735	85.883077	15.441705	15.288266	99.544082	33.0698	19.15685	98.600412	17.64647	17.88309	107.056975	23.579132	20.50295	98.426442	24.049711	19.993458	88.010715	24.713051	20.048704
32.60864	21.321028	10.454086	40.243055	26.927447	12.627967	57.510144	16.30392	8.999752	73.157756	23.271711	17.127163	78.793753	23.089032	18.951844	89.166624	35.340368	20.000173	86.585997	15.339482	15.162689	100.322049	32.834265	19.024448	99.441087	17.526218	17.937934	107.90509	23.402612	20.679098	99.241113	23.901122	20.107539	88.880176	24.508945	20.050523
33.353697	21.090642	10.319138	41.078074	26.59218	12.646802	58.232713	16.222795	9.083553	73.95658	23.11534	17.045175	79.665257	22.981457	18.921451	89.984039	35.231819	20.342984	87.469843	15.096486	15.107444	101.078253	32.826326	19.250666	100.242533	17.471673	18.016921	108.710371	23.273779	20.634563	100.091698	23.862709	20.156636	89.728831	24.316715	19.965717
34.021544	20.897179	10.470979	41.881671	26.270171	12.778137	59.125992	16.104102	8.988634	74.853562	23.034099	17.002066	80.426199	22.926062	18.913765	90.952442	35.146671	20.283833	88.262845	15.052052	15.101896	101.9417	32.833838	19.322759	101.042518	17.346895	18.044277	109.570168	23.278594	20.710956	100.929981	23.855195	20.147013	90.501725	24.195122	19.965419
34.925844	20.732596	10.787035	42.650185	25.944021	12.857538	60.048065	15.927732	9.071652	75.677255	23.027327	16.993506	81.225318	22.914619	18.874019	91.723742	35.010526	20.382573	89.055219	15.018139	15.157325	102.78137	32.733488	19.419783	101.866977	17.292756	18.122837	110.367281	23.181809	20.88328	101.740629	23.699743	20.204391	91.352663	24.309041	19.99178
35.753504	20.287619	10.651589	43.617345	25.770642	12.858051	60.864952	15.939902	9.154369	76.525137	23.020726	16.985924	82.135529	23.021319	18.856141	92.518454	35.006118	20.368163	89.830028	14.920125	15.280046	103.572754	32.707187	19.475863	102.676578	17.300057	18.197383	111.13965	23.146879	21.050967	102.624022	23.716215	20.363054	92.092537	24.19433	20.033844
36.645599	20.204226	10.809227	44.603822	25.397263	13.228488	61.865841	15.567918	9.220914	77.330892	23.055964	16.972683	82.860456	22.929368	18.85402	93.411783	35.157904	20.432189	90.771992	14.959678	15.327247	104.444225	32.735999	19.475826	103.519294	17.251766	18.31335	111.943078	23.050622	21.135919	103.405568	23.647131	20.471768	92.969991	24.314284	20.104648
37.480572	19.781356	10.82335	45.541357	24.980948	13.25478	62.810892	15.308365	9.327726	78.178222	23.167862	17.151254	83.774913	23.108136	18.933968	94.296309	35.293179	20.365756	91.495195	14.899541	15.447281	105.373734	32.720354	19.615283	104.340533	17.240214	18.492157	112.788264	23.027041	21.257552	104.238451	23.664159	20.630851	93.794909	24.313371	20.139725
38.462222	19.506951	11.130606	46.492616	24.694136	13.624405	63.778543	14.874546	9.512413	79.040151	23.28223	17.133792	84.643097	23.156081	19.005327	95.077911	35.27477	20.224218	92.298906	15.035779	15.615067	106.240193	32.797946	19.726463	105.024361	17.251729	18.595652	113.577775	22.930414	21.342232	105.045012	23.78345	20.670043	94.644602	24.363516	20.125939
39.907649	19.166295	11.622871	47.718463	24.500852	14.094946	64.815453	14.527384	9.679878	79.901478	23.395836	17.113441	85.495771	23.246284	19.070019	96.012691	35.42727	20.288826	93.067767	15.195321	15.693642	107.141433	32.791428	19.705836	105.860394	17.263183	18.697759	114.437598	22.898652	21.418941	105.84265	23.753989	20.776044	95.493483	24.387405	20.337344
40.956154	18.787786	11.985838	49.080031	24.130863	14.466552	65.945912	14.182871	9.853368	80.741375	23.534249	17.257299	86.220203	23.454224	19.045445	96.889108	35.627381	20.136438	93.819113	15.16091	15.741127	108.021494	32.7882	19.933943	106.584395	17.281962	18.83847	115.259171	22.743274	21.59206	106.672841	23.684257	20.883933	96.350276	24.603302	20.267868
42.32766	18.500877	12.211161	50.267118	23.762867	14.838605	67.137415	13.710123	10.028993	81.529768	23.599016	17.320021	87.07301	23.544424	19.110275	97.721949	35.657915	20.018485	94.67095	15.174927	15.895432	108.991863	32.792953	19.997804	107.350534	17.240416	18.945394	116.036038	22.682956	21.675847	107.473613	23.733275	20.98473	97.012394	24.675246	20.387176
43.977514	18.156254	12.689019	51.891224	23.707873	15.117461	68.199799	13.085432	10.224254	82.298421	23.780658	17.339438	87.835871	23.684233	19.215851	98.760835	35.719895	20.031879	95.394349	15.24641	16.046253	109.783301	32.755793	20.209155	108.095229	17.20929	19.125872	116.822494	22.590497	21.801527	108.244062	23.68654	20.977903	97.926517	24.613651	20.426774
45.789963	17.785961	13.011483	53.385759	23.436059	15.594538	69.559541	12.763365	10.306532	83.108846	23.730292	17.453382	88.614933	23.76316	19.198876	99.516992	35.615178	19.724348	96.092516	15.257882	16.148285	110.606684	32.684043	20.162909	108.82247	17.158728	19.194265	117.469756	22.518531	21.800456	108.902616	23.581442	21.091476	98.723254	24.728465	20.453301
47.261483	17.233165	12.871908	55.008552	23.308994	15.938324	70.961215	12.195853	10.396295	83.894987	23.668601	17.488154	89.381324	23.72538	19.277042	100.23463	35.730335	20.139643	96.817534	15.31053	16.190474	111.38979	32.622152	20.197129	109.540347	17.058806	19.26888	118.229197	22.343112	21.842844	109.707418	23.580855	21.137301	99.38883	24.859941	20.582926
49.104614	17.266979	13.154279	56.627728	23.276936	16.385092	72.206054	11.63684	10.503746	84.587549	23.662849	17.48141	90.050838	23.713789	19.226495	100.994776	35.695594	19.868776	97.532934	15.203689	16.1903	112.060437	32.506179	20.291511	110.225274	17.057553	19.297354	118.987041	22.311815	21.920663	110.319573	23.55505	21.246638	100.14007	24.679508	20.586193
51.045724	17.329189	13.595467	58.195482	23.262741	16.40101	73.496378	11.078985	10.613365	85.371851	23.540466	17.520394	90.795246	23.756131	19.254716	101.775853	35.532523	19.646437	98.185802	15.167727	16.294271	112.730141	32.571133	20.076563	110.92547	17.015552	19.404221	119.634866	22.255075	22.021864	111.114035	23.336132	21.192995	100.907537	24.687227	20.681769
52.944561	17.056554	13.28182	60.052643	23.191682	16.550013	74.848438	10.65106	10.55203	86.062291	23.46231	17.437311	91.448827	23.541742	19.304486	102.430923	35.423412	19.827197	98.861938	15.04009	16.460505	113.494905	32.474737	20.092315	111.627515	16.905433	19.439206	120.347238	22.08154	22.072622	111.814736	23.27394	21.29138	101.65432	24.614764	20.62449
54.990643	17.060634	13.404091	61.843686	23.35918	16.669116	76.276396	10.142446	10.496852	86.727777	23.341157	17.479686	92.198632	23.43809	19.219011	103.123387	35.403501	19.684598	99.640174	14.802741	16.578347	114.152373	32.307561	20.055222	112.254031	16.752222	19.518461	120.950164	21.983859	22.125922	112.539152	23.246202	21.384144	102.304503	24.54473	20.568158
57.047068	16.948686	13.40457	63.871812	23.418125	16.577065	77.643017	9.730451	10.516639	87.418802	23.329219	17.429638	92.858877	23.437738	19.253778	103.863806	35.258268	19.596261	100.169529	14.817639	16.680487	114.758409	32.155029	20.114562	112.885281	16.651221	19.592806	121.488079	21.825604	22.235336	113.127318	23.066647	21.388273	103.028206	24.489738	20.615637
59.04858	16.829926	13.390954	65.760138	23.587863	16.70278	78.962174	9.307482	10.469942	88.132981	23.196136	17.394321	93.537323	23.420268	19.164534	104.56733	35.236149	19.448214	100.74162	14.672368	16.739035	115.483873	31.971447	20.084082	113.444745	16.553184	19.678241	122.242707	21.574967	22.238108	113.771062	23.010742	21.28252	103.578482	24.426786	20.6128
61.427996	16.848696	13.546788	67.527046	23.696869	16.424163	80.203465	8.975579	10.48173	88.764837	23.307552	17.347132	94.187677	23.411395	19.130562	105.263478	35.16252	19.399808	101.391728	14.646566	16.897738	116.152712	31.80448	19.916724	113.901377	16.348802	19.785516	122.826755	21.416346	22.342782	114.366206	22.824067	21.487141	104.276039	24.469131	20.548164
63.161074	16.666084	13.209732	69.190148	23.935007	16.458544	81.623648	8.321435	10.515845	89.452313	23.235793	17.30772	94.876055	23.405069	19.123422	105.993893	35.072824	19.221663	101.872321	14.501266	16.957216	116.820597	31.721411	20.149731	114.612626	16.243993	19.834788	123.371315	21.342769	22.494699	115.057406	22.678419	21.487637	104.955341	24.413195	20.596002
65.154213	16.192039	12.919345	70.912509	23.958211	16.122381	83.066986	8.181082	10.683027	90.096003	23.209776	17.161949	95.540333	23.426644	19.005247	106.684348	35.0178	19.309922	102.474922	14.276818	17.130719	117.494848	31.463834	19.940551	115.073693	16.085099	19.888641	123.982683	21.124624	22.501489	115.611863	22.537643	21.492688	105.662445	24.306471	20.699303
67.578238	16.019098	12.773913	72.60399	23.901128	15.795015	84.510927	8.181738	10.738261	90.786197	23.27475	17.218528	96.171515	23.38275	19.037657	107.504113	34.943558	19.259922	103.000569	14.339953	17.22944	118.317648	31.317524	19.925649	115.780494	15.864377	19.895858	124.713807	20.751411	22.514828	116.304674	22.426847	21.491016	106.227601	24.23047	20.592222
69.666602	15.570001	12.637918	74.167683	23.773355	15.550006	86.196756	7.952612	10.874918	91.452363	23.324419	17.173096	96.825282	23.458753	18.987035	108.326058	34.817151	18.81047	103.608962	14.264334	17.392156	119.102283	31.160887	20.042534	116.364519	15.705769	19.949244	125.268284	20.515393	22.579377	117.008302	22.29415	21.589534	107.002003	24.134585	20.641372
71.419772	15.092562	12.342277	75.695911	23.603306	15.066275	87.754909	8.043739	10.980846	92.190404	23.439646	17.154826	97.65316	23.49383	18.975149	109.158407	34.87978	19.321049	104.219219	14.238319	17.551339	119.780872	30.986852	20.023929	116.994345	15.501595	20.055203	125.958416	20.317022	22.530212	117.652551	22.114604	21.593176	107.609252	24.137893	20.686804
73.410072	14.478981	12.062063	77.176716	23.357421	14.945016	89.264175	7.909786	11.182013	92.942616	23.448165	17.251339	98.289705	23.451112	19.006079	109.903966	34.92829	19.209536	104.914505	14.151775	17.658673	120.605776	30.798943	19.916488	117.652953	15.39757	20.105137	126.692599	20.111916	22.635559	118.334383	22.017122	21.646389	108.351478	24.080725	20.681465
75.441249	13.893637	11.941486	78.262265	22.922902	14.537984	90.952752	7.946836	11.4338	93.696529	23.456967	17.346677	98.99666	23.594218	19.132334	110.718954	34.835814	19.522392	105.579007	14.174775	17.813713	121.426522	30.67097	19.834661	118.290265	15.456315	20.145501	127.443871	19.891729	22.639723	119.137222	21.819039	21.697428	109.007838	24.032756	20.729879
77.150976	13.332724	11.189169	79.347347	22.445533	14.346038	92.54625	7.985286	11.683489	94.520627	23.526276	17.436179	99.889358	23.564366	19.267953	111.633934	34.812094	19.367899	106.211398	14.18931	17.915315	122.229927	30.668892	20.03552	119.091537	15.347436	20.190656	128.197939	19.788768	22.58893	119.888358	21.761659	21.64469	109.874378	24.092299	20.821357
78.699946	12.556323	10.775181	80.349363	22.027224	14.051708	94.088266	8.215821	11.991997	95.291962	23.549615	17.637399	100.664915	23.61659	19.363208	112.408292	34.755987	19.453764	106.953786	14.1781	18.184232	123.069765	30.553299	20.037284	119.782465	15.233453	20.189791	128.905685	19.695043	22.590569	120.730077	21.723622	21.780742	110.626984	24.040912	20.867172
80.840564	12.1838	10.324433	81.367856	21.475935	13.863843	95.66651	8.381575	12.167233	96.089777	23.623453	17.763674	101.426586	23.679899	19.494125	113.231388	34.785315	19.701711	107.761723	14.241014	18.172654	123.900425	30.446507	20.04307	120.566875	15.183827	20.23626	129.766817	19.530584	22.585202	121.450629	21.721789	21.776486	111.5255	23.901299	21.022072
82.670703	11.568979	10.058815	82.069271	20.684397	13.058817	97.017713	8.504881	12.483948	96.907801	23.641858	17.92839	102.331431	23.654092	19.629279	114.175185	34.887629	19.496992	108.605369	14.314551	18.261993	124.706979	30.44298	20.033445	121.284101	15.147668	20.378295	130.676564	19.400088	22.581556	122.303735	21.629688	21.822743	112.374466	24.010935	21.109796
84.287432	11.253159	9.148759	83.230761	20.303637	12.553372	98.530443	8.717686	12.517817	97.715639	23.55096	18.065763	103.097086	23.673857	19.799219	114.947969	34.691212	19.511091	109.395126	14.188731	18.338132	125.527578	30.39666	19.992696	122.11959	15.046125	20.474696	131.371323	19.456559	22.571494	123.146524	21.586711	21.868801	113.184265	24.086059	21.306485
86.026318	11.185118	8.843104	84.288606	19.77485	12.053827	99.873228	8.787359	12.565977	98.491699	23.562864	18.182824	103.874504	23.658974	20.007073	115.865285	34.824543	19.558913	110.268939	14.261202	18.400417	126.359186	30.332933	20.092185	122.918826	15.047537	20.514954	132.209383	19.428531	22.616478	123.799284	21.458292	21.970783	114.052738	24.089553	21.397605
87.448657	10.915206	8.183145	85.256647	19.440793	11.856038	101.148977	8.834643	12.479379	99.262764	23.461721	18.274622	104.734105	23.634292	20.142537	116.563274	34.697385	19.605413	111.132586	14.207054	18.508949	127.089883	30.311158	20.217353	123.782723	15.058216	20.605083	133.120714	19.453876	22.601653	124.714586	21.505075	22.049912	114.883051	24.099637	21.493788
88.92414	10.893673	7.351809	86.262042	19.196149	11.760058	102.313643	8.797204	12.335687	100.128948	23.312874	18.415361	105.54074	23.523173	20.211987	117.350142	34.705563	19.60362	111.980733	14.278576	18.57083	127.944594	30.409904	20.395637	124.676498	15.010959	20.647383	133.909016	19.372264	22.623037	125.483196	21.50331	22.04601	115.569701	24.056072	21.567765
89.957041	11.31593	6.635481	87.265146	18.877946	11.669673	103.496268	8.821621	11.772233	100.993473	23.103557	18.5132	106.357199	23.408205	20.245661	118.129659	34.670242	19.809057	112.924184	14.269059	18.559443	128.671645	30.337208	20.428794	125.567389	14.972274	20.738996	134.901446	19.323915	22.670876	126.439608	21.422383	22.187202	116.498834	24.048948	21.557577
91.018548	10.861067	5.711408	88.154786	18.721867	10.721196	104.468314	8.600902	11.41341	101.762405	23.02993	18.414981	107.196702	23.381989	20.365632	118.881903	34.729554	19.832009	113.793498	14.196786	18.555243	129.595853	30.349166	20.269829	126.48272	14.954042	20.662446	135.78143	19.336937	22.795342	127.379699	21.370907	22.24747	117.315026	23.965518	21.759079
91.908565	11.032943	5.151573	89.028936	19.065076	10.581339	105.290054	8.557448	10.858845	102.6747	22.915221	18.411896	108.051383	23.214444	20.302766	119.668045	34.664633	19.792959	114.74	14.173813	18.46773	130.428137	30.315167	20.313009	127.366315	14.858696	20.703076	136.623794	19.400478	22.713282	128.278149	21.406051	22.193375	118.188516	23.945202	21.67681
92.246444	11.073251	4.600772	89.686906	19.451737	10.225252	105.767798	8.413623	10.500391	103.583243	22.790815	18.362114	108.876394	23.093326	20.300753	120.51091	34.81691	20.097487	115.693583	14.203161	18.299402	131.277415	30.311959	20.307474	128.216009	14.982178	20.6354	137.383879	19.419317	22.57369	129.048393	21.304418	22.187777	119.07207	23.895136	21.737612
92.656904	11.256276	4.849846	90.39538	19.518799	10.21223	106.123104	8.162106	10.334328	104.40646	22.824358	18.255991	109.738297	23.193317	20.250339	121.268789	34.655914	19.763523	116.550017	14.241262	18.171072	132.024327	30.347623	20.308399	129.092428	14.874529	20.627278	138.324737	19.452788	22.616948	129.875516	21.305964	22.224431	119.790103	23.894323	21.733875
92.755363	11.356062	5.381991	90.816242	19.506086	10.6296	106.451543	7.998107	10.252138	105.253366	22.817091	18.246162	110.609284	23.179841	20.207614	122.2326	34.757568	19.673957	117.47567	14.221826	18.086568	132.847073	30.331861	20.215911	130.000696	14.875808	20.662662	139.186561	19.558547	22.534031	130.721428	21.390061	22.207459	120.877199	23.912531	21.575782
93.092422	11.252805	5.524094	91.478666	19.491558	11.042942	106.914901	7.763306	10.174952	106.053423	22.863958	18.233131	111.513826	23.333224	20.250349	123.019133	34.92519	19.633195	118.37472	14.338561	18.061078	133.665429	30.429334	20.187163	130.851036	14.916037	20.649937	139.985635	19.599865	22.586522	131.584718	21.48972	22.190903	121.652042	23.996841	21.489864
93.093714	11.594846	6.035383	92.027911	19.682098	11.336687	107.494151	7.772856	10.257014	106.87534	22.972038	18.262889	112.290766	23.309575	20.11536	123.827592	34.825205	19.324823	119.203267	14.397888	18.047793	134.511078	30.322322	19.928353	131.647751	14.979243	20.76895	140.768534	19.658125	22.714164	132.471655	21.538327	22.170657	122.419966	24.101104	21.542946
93.488717	11.71405	6.020406	92.572971	19.815306	11.740758	107.883959	7.664179	10.07957	107.702845	22.861946	18.306223	113.095293	23.356369	20.200058	124.641312	34.944065	19.365802	120.075072	14.398348	18.077431	135.292405	30.364176	20.001388	132.397325	14.932395	20.807402	141.613201	19.593975	22.632684	133.353378	21.522425	22.114432	123.162212	24.036682	21.470615
93.402502	11.76298	6.286432	93.064431	19.810608	11.736168	108.289766	7.533504	10.175436	108.547076	22.800901	18.300121	113.900248	23.381186	20.155225	125.400072	34.861957	19.194425	120.865045	14.414252	18.217253	136.153178	30.348904	19.912343	133.211316	14.942011	20.887649	142.371771	19.620671	22.828744	134.052591	21.580146	22.104575	124.032373	24.086698	21.523297
93.786921	11.659896	6.426347	93.61442	19.984636	11.926136	108.617209	7.280492	10.009467	109.276116	22.786743	18.244635	114.717861	23.368597	20.113256	126.206233	34.840976	19.048692	121.637179	14.499841	18.356001	136.889892	30.345768	19.906568	134.087679	14.889079	20.919169	143.20191	19.522729	22.757818	134.871279	21.447522	22.100609	124.788892	24.104176	21.305489
93.830743	11.707656	6.691054	94.077566	19.9798	11.922542	108.893473	7.189284	9.922676	110.042293	22.727054	18.239843	115.436409	23.360019	20.072007	127.059457	34.710485	18.962448	122.392716	14.417214	18.536093	137.709226	30.241077	19.895735	134.845739	14.811404	21.050084	143.917198	19.442547	22.818247	135.616011	21.378229	22.094614	125.764653	24.035539	21.2917
93.787398	11.830505	6.682305	94.504636	19.975986	11.917343	109.190901	7.045267	9.931684	110.865661	22.665274	18.233459	116.210396	23.151866	20.092245	127.705935	34.628693	18.793028	123.15766	14.315387	18.641083	138.499285	30.101372	19.876332	135.547092	14.618523	21.094557	144.658818	19.211179	22.756108	136.349174	21.258152	22.141539	126.420744	23.917225	21.434803
93.963257	11.853066	6.812365	94.846933	20.192884	11.895625	109.374035	6.826233	9.945427	111.531957	22.54565	18.187151	116.963664	23.045934	20.116558	128.422455	34.47125	18.947763	123.890707	14.289189	18.884722	139.148471	29.946613	19.983248	136.237654	14.528228	21.14077	145.436648	19.123263	23.160555	137.048164	21.09018	22.317492	127.084968	23.985956	21.488603
94.169568	11.751412	6.955457	95.032234	20.190884	11.894091	109.4949	6.60548	9.921046	112.313024	22.427797	18.231124	117.675359	23.096036	20.134245	129.190206	34.358417	18.996821	124.658716	14.058787	18.944133	139.840714	29.782214	20.025284	136.966493	14.29309	21.230534	146.056786	18.964667	23.096732	137.771085	20.847312	22.372731	127.781863	23.632367	21.434319
94.173923	11.874205	6.944841	95.360541	20.146992	12.104106	109.610142	6.389061	9.936531	113.032777	22.187833	18.280034	118.453374	22.787769	20.172134	129.913773	34.121668	18.98829	125.366947	13.846693	19.105198	140.587706	29.543955	20.021953	137.648826	14.111116	21.321979	146.742951	18.756625	23.173879	138.529513	20.659697	22.416503	128.414592	23.42488	21.441465
94.25445	11.896609	7.078694	95.641091	20.217131	12.095986	109.763933	6.38719	9.934547	113.716245	22.000272	18.365771	119.137062	22.488331	20.266999	130.606637	34.045755	19.31646	126.112605	13.682289	19.209541	141.35414	29.305803	20.020529	138.372309	13.802963	21.422376	147.555708	18.619898	23.299876	139.279515	20.417327	22.508214	129.048026	23.372861	21.57831
94.464647	11.747214	6.955007	95.821195	20.289755	12.086507	110.048876	6.299474	9.858738	114.393984	21.808383	18.411493	119.77377	22.23378	20.304455	131.28052	33.744641	19.261153	126.845913	13.436538	19.211537	142.000337	29.134736	20.240726	139.111474	13.606248	21.426858	148.267615	18.466097	23.296255	139.899246	20.174461	22.563198	129.799667	22.971404	21.666592
94.337181	11.948661	6.935712	96.186322	20.139266	12.094761	110.188955	6.0998	9.954026	115.034469	21.463932	18.387339	120.622589	21.930357	20.37025	131.982954	33.526834	19.394192	127.525821	13.141672	19.226993	142.645284	28.954451	20.398722	139.796824	13.429165	21.525309	148.941395	18.210217	23.306511	140.52643	19.923126	22.587524	130.555371	22.688403	21.669213
94.44447	11.913082	7.208739	96.493279	20.22557	12.189946	110.185269	6.028629	9.959954	115.774544	21.235563	18.517258	121.264376	21.718048	20.347976	132.690964	33.225974	19.341402	128.287785	12.946664	19.175787	143.258186	28.696261	20.258287	140.540168	13.242173	21.587092	149.499705	18.146977	23.37535	141.206875	19.681151	22.64988	131.002592	22.502835	21.80064
94.51083	11.99503	7.199277	96.704026	20.150503	12.193093	110.558465	5.810459	9.972774	116.423986	21.051298	18.60499	121.839131	21.41603	20.415828	133.262467	33.115077	19.397417	128.966219	12.677424	19.030264	143.905101	28.462244	20.382504	141.165451	12.9722	21.538229	150.342133	17.866531	23.355527	141.872315	19.490157	22.653337	131.766008	22.234609	21.819214
94.672914	11.91036	7.207153	96.892022	20.221563	12.185663	110.635315	5.809518	9.971777	116.983696	20.759682	18.617941	122.560698	21.115176	20.484027	133.977374	32.788584	19.587851	129.662931	12.351494	18.890836	144.487834	28.276335	20.353686	141.905174	12.829923	21.528068	150.901064	17.795375	23.324449	142.538579	19.368678	22.704623	132.427674	21.818357	21.832667
94.707577	11.992254	7.198898	97.130993	20.146719	12.187936	110.80919	5.666383	9.982078	117.593302	20.502823	18.54494	123.18068	20.906013	20.488758	134.469785	32.616085	19.616759	130.349915	12.077868	18.74142	145.077346	28.164197	20.413594	142.596676	12.696227	21.527837	151.475214	17.687497	23.330792	143.081242	19.220588	22.597594	133.084262	21.800542	21.760341
94.740165	12.097907	7.324067	97.406812	20.159582	12.289664	111.100838	5.685131	9.733508	118.246441	20.360118	18.588163	123.710373	20.651214	20.501872	135.060828	32.485032	19.952387	130.964676	11.956262	18.743384	145.687973	27.988125	20.250897	143.278283	12.509688	21.589909	152.063346	17.513529	23.420625	143.755686	18.976078	22.614547	133.747917	21.591478	21.765391
94.849353	12.038557	7.463685	97.623086	20.23083	12.281345	111.131228	5.670353	9.654586	118.845776	20.245249	18.504403	124.372338	20.47758	20.416955	135.717277	32.255004	19.500474	131.562931	11.814472	18.642764	146.286112	27.876847	20.319134	143.86259	12.419266	21.470514	152.889963	17.443185	23.308298	144.387615	18.89456	22.551834	134.330459	21.438842	21.702607
95.104361	11.978001	7.601266	97.826729	20.114816	12.498848	111.434931	5.595357	9.656543	119.474212	20.043357	18.470068	125.02072	20.36196	20.359877	136.246229	32.139318	19.42408	132.324529	11.595198	18.444718	146.860755	27.863321	20.242964	144.44959	12.284691	21.423662	153.279347	17.369717	23.238913	144.923467	18.890731	22.546671	134.950553	21.164924	21.715325
95.18985	12.058193	7.594611	98.079096	20.184337	12.491239	111.674881	5.632034	9.488787	120.11433	19.880424	18.38932	125.559051	20.194984	20.280203	136.843021	32.041591	19.481795	132.894669	11.446296	18.296402	147.406457	27.740245	20.228631	145.057677	12.182303	21.290451	154.027321	17.250965	23.041978	145.443038	18.798437	22.387038	135.552383	20.91167	21.46752
95.137702	12.189047	7.852992	98.134812	20.09573	12.391026	112.019548	5.668959	9.320519	120.653915	19.739557	18.43461	126.227355	20.078512	20.238142	137.326382	31.856064	19.276517	133.447863	11.42128	18.187878	147.971274	27.671584	20.17996	145.688365	12.141465	21.105171	154.626898	17.306039	23.20611	146.079213	18.602073	22.342343	136.166667	20.90548	21.459397
95.251054	12.082235	7.725703	98.443682	20.033655	12.498922	112.232582	5.740638	9.313629	121.236685	19.616924	18.308926	126.782332	19.909759	20.166627	137.98018	31.756041	19.31745	134.219656	11.265036	18.031651	148.494151	27.647695	20.036022	146.341455	12.069954	21.053903	155.237995	17.333169	23.006736	146.726207	18.539337	22.386246	136.641631	20.68806	21.404902
95.431562	12.162795	7.715648	98.621645	20.122682	12.594314	112.394963	5.691333	9.073473	121.845299	19.359724	18.236303	127.309974	19.751399	20.092294	138.372666	31.684165	19.184099	134.724703	11.275426	17.773106	148.967098	27.536647	19.906185	146.952835	12.015905	20.807575	155.792862	17.361249	22.814612	147.182251	18.522215	22.281322	137.145033	20.60408	21.288789
95.427172	12.210309	7.982518	98.836499	20.015463	12.388752	112.672088	5.702194	9.148213	122.303187	19.199942	18.159455	127.878662	19.539297	20.063089	138.850138	31.455664	19.044123	135.397403	11.090684	17.77485	149.472963	27.555096	19.838835	147.548926	12.052085	20.679555	156.423214	17.307329	22.717511	147.790439	18.426866	22.118295	137.723748	20.537262	21.343823
95.652496	12.125919	7.987751	99.140772	19.985499	12.705007	112.912537	5.739099	8.980355	122.85152	18.935185	18.045406	128.444731	19.253979	20.001371	139.383737	31.435207	18.907048	136.008744	10.958439	17.38547	149.943628	27.61727	19.861741	148.170162	11.958268	20.556655	156.844081	17.421436	22.805084	148.404203	18.39291	21.951038	138.307887	20.479481	21.024187
95.689381	12.183928	7.846287	99.382277	19.983916	12.701614	113.24311	5.577926	8.909666	123.374398	18.671666	17.932852	129.019069	19.014814	19.819707	139.684876	31.300987	19.072739	136.632713	10.926027	17.242201	150.369783	27.571646	19.767671	148.862514	11.917106	20.371039	157.515049	17.470108	22.596441	148.878835	18.338045	21.73734	138.743663	20.187684	20.916878
95.796047	12.148466	8.119222	99.591012	20.014254	12.907578	113.395986	5.488806	8.834343	123.86877	18.361707	17.825314	129.493927	18.868972	19.785284	140.207558	31.201303	19.112617	137.1319	10.82458	17.056322	150.806248	27.509561	19.7622	149.432719	11.936241	20.131708	157.890181	17.514182	22.423958	149.506491	18.25162	21.576624	139.38307	20.107089	20.855341
95.944087	12.123437	7.983853	99.787376	19.795671	12.920936	113.62185	5.327292	8.764098	124.444221	18.088436	17.669208	130.015015	18.571017	19.649024	140.595177	30.959253	18.880177	137.843152	10.616521	16.926274	151.263317	27.42814	19.634074	149.982978	11.922932	20.070168	158.505717	17.521771	22.576261	149.938337	18.303169	21.56862	139.937253	19.796942	20.676911
95.971155	12.17119	8.249662	100.067889	19.865203	12.912321	113.872447	5.182859	8.7739	125.023573	17.784366	17.602202	130.540421	18.410135	19.536936	141.054163	30.798505	19.222348	138.447954	10.303066	16.667788	151.757714	27.313367	19.482663	150.56875	11.698986	19.952946	159.10641	17.431622	22.219209	150.550228	18.268896	21.400999	140.576652	19.716328	20.615575
96.244978	12.108836	8.389402	100.341789	19.699486	12.81634	114.216904	5.132611	8.532668	125.582075	17.485657	17.575024	131.129241	18.053141	19.445659	141.546174	30.627217	19.123727	139.163123	10.119552	16.54248	152.256649	27.127779	19.295074	151.153378	11.668276	19.780045	159.533143	17.500124	22.220288	151.113961	17.94758	21.153096	141.114104	19.420907	20.504963
96.110808	12.006885	8.261553	100.451541	19.628184	12.819706	114.41496	4.969654	8.461791	126.129575	17.220009	17.461568	131.758205	17.685607	19.343388	142.225087	30.337002	19.287446	139.899615	9.959211	16.275241	152.77813	27.023655	19.323696	151.774416	11.500491	19.604498	160.231723	17.348532	21.942437	151.665068	17.776411	21.155845	141.562315	19.200211	20.448102
96.339765	12.109427	8.386282	100.726011	19.551699	12.822342	114.778233	4.968394	8.459256	126.744432	16.917386	17.403463	132.304959	17.468802	19.279666	142.683732	30.128805	19.298827	140.406779	9.669492	16.191798	153.457794	26.801686	19.278204	152.492324	11.328729	19.424389	160.76069	17.183404	21.946849	152.233029	17.687789	20.951548	142.173686	18.962406	20.271543
96.645049	12.047234	8.52482	101.028628	19.475629	12.824406	115.139213	5.033725	8.447153	127.334978	16.741097	17.258292	132.851053	17.24214	19.174905	143.186417	29.99163	19.438074	141.03183	9.559207	15.918958	154.078828	26.624312	19.011857	153.092442	11.133286	19.080758	161.298198	17.03636	21.675351	152.810233	17.332749	20.859231	142.815362	18.711993	20.215884
96.596495	12.025265	8.390331	101.328684	19.415874	12.930667	115.528016	5.100332	8.435812	127.947033	16.440036	17.222915	133.433742	16.887193	19.117588	143.888638	29.611495	19.338582	141.638391	9.219302	15.80723	154.763931	26.417252	18.898867	153.748983	10.887531	18.848565	161.936912	16.748357	21.32597	153.529377	17.297368	20.690965	143.326187	18.430136	19.985712
96.705828	12.071543	8.656221	101.56689	19.341498	12.933282	116.03111	5.119742	8.186446	128.432779	16.101809	17.095812	134.129085	16.580623	18.955527	144.47154	29.289049	19.280525	142.231626	9.010462	15.584891	155.381962	26.138001	18.837565	154.339385	10.625728	18.687821	162.471461	16.552961	21.150821	154.00783	17.041822	20.49628	143.997868	18.166862	19.92625
96.962431	11.987425	8.6602	101.939336	19.320346	12.824828	116.371901	5.276103	8.250133	129.075139	15.957218	17.046107	134.705016	16.494446	18.884916	145.044386	28.983976	19.340401	142.773027	8.611477	15.470413	155.916468	25.96132	18.916577	154.891326	10.322016	18.513212	163.104355	16.262788	21.169084	154.64315	16.740736	20.399974	144.583472	17.859273	19.939461
97.302165	12.006869	8.790687	102.144101	19.278194	13.036286	116.703411	5.202105	8.253041	129.636301	15.844649	16.902948	135.315396	16.215941	18.866895	145.732527	28.753087	19.194762	143.406549	8.406617	15.253436	156.508594	25.652731	18.67565	155.545698	10.116754	18.478173	163.725592	16.050413	20.718105	155.130401	16.611348	20.305847	145.117571	17.649508	19.769621
97.451593	12.192282	8.908528	102.480445	19.259242	12.928032	117.122608	5.167006	8.090245	130.20968	15.576355	16.866894	135.967569	15.914102	18.742617	146.327509	28.560793	19.315074	143.970938	8.142925	15.305599	157.099669	25.401051	18.614489	156.103335	9.746209	18.387156	164.299696	15.750957	20.909269	155.919179	16.255947	20.223761	145.839958	17.404767	19.830815
97.559324	12.028025	8.921151	102.854317	19.247701	12.890877	117.564675	5.476362	8.055068	130.914342	15.381597	16.772734	136.489727	15.701283	18.718145	146.908914	28.143075	19.318175	144.568818	7.896401	15.140145	157.781133	25.048114	18.598144	156.742266	9.712136	18.226831	164.83923	15.477215	20.835424	156.491223	15.858805	20.19872	146.416213	17.065206	19.659061
97.682885	12.27063	8.8997	103.112713	19.320329	12.882061	118.027413	5.380492	8.061175	131.523237	15.145553	16.683357	137.100612	15.402221	18.597506	147.627958	27.987701	19.336265	145.083949	7.620658	15.109368	158.368887	24.84165	18.657456	157.326924	9.401035	18.135462	165.506822	15.240497	20.652505	157.104423	15.69306	20.245349	146.955058	16.868877	19.60407
97.88645	12.317608	9.162897	103.538565	19.227558	12.789879	118.418291	5.391857	8.135513	132.132116	14.960095	16.639003	137.668631	15.253753	18.56477	148.268041	27.721486	19.313935	145.734842	7.438253	15.023033	159.060947	24.604125	18.529377	157.939702	9.215642	18.090191	166.169988	14.940151	20.65859	157.715641	15.547789	20.063673	147.608997	16.639511	19.683647
97.917965	12.317913	9.162025	103.767203	19.209134	12.694821	118.775487	5.385381	8.129013	132.782908	14.854206	16.54312	138.213047	15.033733	18.50587	148.790752	27.454358	19.278924	146.273831	7.168446	15.033724	159.766259	24.350919	18.308141	158.541906	8.982989	18.100208	166.808302	14.629395	20.589654	158.319441	15.294262	19.928425	148.217645	16.306134	19.568846
98.342627	12.311459	9.158724	104.14869	19.191218	12.597644	119.246167	5.496227	8.19821	133.40798	14.670097	16.500366	138.862986	14.752139	18.485066	149.539317	27.205649	19.031883	146.810148	6.77712	14.964392	160.42583	24.085155	18.334368	159.239209	8.570656	18.072047	167.364631	14.342362	20.430115	159.066913	14.985743	19.797391	148.896101	16.121223	19.57639
98.525602	12.368153	9.015685	104.496705	19.05742	12.603393	119.68377	5.393861	8.199157	134.061934	14.492047	16.258346	139.610047	14.524647	18.391242	150.302751	26.880472	18.967261	147.455837	6.542227	14.882408	161.03386	23.819978	18.216163	159.725704	8.30702	17.926668	168.099876	14.037459	20.248314	159.630878	14.656878	19.822134	149.565307	15.786919	19.460868
98.583292	12.416383	9.281036	104.957837	19.052895	12.597747	120.207178	5.486487	8.186953	134.697238	14.312423	16.259859	140.249204	14.300944	18.302061	150.943301	26.671384	18.851704	148.074897	6.370648	14.843388	161.741255	23.542448	18.057248	160.342554	8.112181	17.831207	168.800757	13.742446	20.079625	160.336846	14.404459	19.725126	150.224982	15.518984	19.348706
98.915169	12.553293	9.129514	105.33645	18.97001	12.505669	120.693904	5.381372	8.185371	135.331155	14.06599	16.082076	140.908628	14.13876	18.201249	151.655982	26.383261	18.800542	148.644894	6.062144	14.908142	162.366834	23.13995	18.020156	161.038004	7.736746	17.736258	169.409107	13.424479	20.097732	160.980943	14.094112	19.556814	150.784485	15.208537	19.359197
99.365362	12.489458	9.265404	105.705423	18.904841	12.507059	121.285461	5.383197	8.185158	136.005693	13.69883	15.999796	141.507284	13.767098	18.081475	152.325123	25.906243	18.439054	149.095378	5.657037	14.789469	163.065474	22.869765	17.713789	161.668736	7.45914	17.53589	170.014403	13.17369	20.016833	161.628052	13.784995	19.426404	151.48255	14.913155	19.069938
99.507605	12.406986	9.270318	106.273564	18.820351	12.41295	121.702967	5.326597	7.938073	136.69293	13.399923	15.815195	142.049738	13.439845	17.773457	152.95137	25.619486	18.405482	149.823914	5.271328	14.493151	163.637294	22.528574	17.61443	162.223519	7.075125	17.353431	170.588899	12.828832	19.755221	162.16224	13.426993	19.30807	151.962284	14.519688	18.961775
99.935084	12.369797	9.538566	106.742504	18.453152	12.62175	122.277344	5.289842	7.773356	137.218153	13.016053	15.638052	142.662781	12.998316	17.657228	153.339934	25.050483	18.350774	150.391346	4.895862	14.245247	164.275701	22.163459	17.586385	162.881824	6.857203	17.153294	171.148231	12.558503	19.757485	162.840959	13.044083	19.087725	152.620798	13.993546	18.776848
100.22605	12.367501	9.534963	107.161787	18.176932	12.545214	122.728526	5.25116	7.607293	137.733132	12.67829	15.4621	143.21914	12.550126	17.481787	154.004357	24.588716	18.093406	150.91398	4.567444	13.948561	164.789723	21.735648	17.209466	163.418671	6.405492	16.963281	171.840704	12.088551	19.42323	163.413651	12.729747	18.9166	153.303674	13.744422	18.848492
100.449768	12.171892	9.818542	107.639263	18.004786	12.738373	123.293218	5.1346	7.530168	138.274428	12.29536	15.287137	143.766883	12.24742	17.349972	154.487956	24.265167	18.260578	151.477587	4.189321	13.690113	165.231158	21.444391	17.405084	164.065811	6.140064	16.818625	172.457583	11.722156	19.24367	163.836243	12.261151	18.807379	153.722387	13.281164	18.639109
100.87108	12.188883	9.947748	108.178593	17.854407	12.649271	123.676602	4.811968	7.391918	138.908078	12.078165	15.298237	144.257828	11.875916	17.22144	155.234397	23.862034	18.362176	151.928701	3.872939	13.468937	166.005701	21.02225	17.266376	164.517346	5.758049	16.679676	173.048165	11.410781	19.360315	164.411208	11.980947	18.82161	154.279426	12.901791	18.581293
101.243987	12.079415	9.816749	108.515511	17.659336	12.661528	124.194431	4.809583	7.388452	139.439414	11.778457	15.115188	144.84408	11.57	17.206086	155.643205	23.52129	18.429203	152.623352	3.63106	13.359195	166.492382	20.814472	17.311911	165.202253	5.545341	16.526332	173.402488	11.182669	19.287099	165.127566	11.712655	18.671807	154.825952	12.565675	18.435392
101.480818	12.208831	10.07373	109.187302	17.375834	12.580076	124.808229	4.690067	7.30878	140.04314	11.549381	15.075039	145.429694	11.343695	17.099156	156.250076	23.154369	18.324947	153.229878	3.320453	13.17554	167.039645	20.647884	17.399987	165.673879	5.339649	16.647761	174.006326	10.953753	19.394965	165.679229	11.490615	18.685951	155.435691	12.270692	18.199082
101.960942	12.040602	10.081519	109.66953	17.307258	12.579729	125.331687	4.586652	7.308702	140.521448	11.404869	14.989559	146.016836	11.164447	17.043247	156.80591	23.173401	18.455996	153.710745	3.103367	13.184401	167.606344	20.465736	17.408385	166.271577	5.076384	16.545296	174.581333	10.719921	19.405543	166.104819	11.429278	18.688683	155.915626	12.041556	18.294974
102.393596	12.061274	10.209817	110.123325	17.172977	12.584238	125.847047	4.473008	7.234781	141.154894	11.32692	15.079953	146.612137	11.110617	17.007076	157.472248	22.961221	18.45293	154.228582	2.899776	13.238624	168.264655	20.302126	17.300188	166.882988	4.957094	16.54764	175.087136	10.651247	19.412912	166.760831	11.168558	18.686861	156.58697	11.981247	18.362199
102.763116	11.975747	10.212101	110.617177	16.925988	12.691821	126.284051	4.3699	7.23518	141.699648	11.211695	14.938167	147.090119	10.995055	17.067082	157.982609	22.880013	18.386863	154.743695	2.706802	13.364348	168.847064	20.062014	17.180247	167.396024	4.728408	16.564115	175.740854	10.43162	19.532046	167.294216	11.063071	18.649505	157.20141	11.966824	18.281712
103.298739	11.856827	10.485717	111.130894	16.774393	12.602493	127.019366	4.379762	7.306975	142.273284	11.189801	15.078378	147.725744	10.911858	17.069262	158.633881	22.688335	18.503535	155.261826	2.50603	13.451122	169.395272	19.997281	17.234439	167.996192	4.67637	16.689548	176.308562	10.368139	19.644482	167.860559	10.98102	18.746958	157.736811	11.792993	18.366677
103.6169	11.774415	10.48877	111.652725	16.539677	12.800188	127.482433	4.199679	7.397189	142.833773	11.157571	15.168866	148.317112	10.911998	17.091881	159.3033	22.651341	18.717106	155.843214	2.454668	13.486263	170.102745	19.967928	17.351558	168.457438	4.569015	16.706222	176.896051	10.234196	19.769631	168.545552	10.868403	18.70075	158.34172	11.720461	18.356168
104.323865	11.60262	10.493195	112.269766	16.482874	12.889035	128.131106	4.209971	7.469534	143.51008	11.108564	15.164307	148.896173	10.840802	17.153728	159.978323	22.495026	18.633003	156.399682	2.456322	13.760513	170.784651	19.873802	17.545077	169.062909	4.459638	16.758747	177.514309	10.074671	19.540103	169.131608	10.820873	18.741326	158.942561	11.659885	18.360313
104.772222	11.405893	10.77451	112.758823	16.251924	13.088755	128.678022	4.156909	7.708697	144.118418	11.009414	15.357819	149.508871	10.771541	17.240523	160.527207	22.532107	18.854556	156.901088	2.302752	13.806951	171.380344	19.800957	17.514316	169.659093	4.424503	16.866247	178.100509	10.051949	19.65293	169.732129	10.850097	18.953406	159.524498	11.629207	18.588669
105.247324	11.367078	11.041462	113.22944	16.069614	13.190818	129.288296	4.250018	7.697003	144.67955	11.100671	15.395586	150.029257	10.720773	17.439869	161.14686	22.396223	18.884927	157.44948	2.415777	13.867292	171.897434	19.903913	17.930467	170.201821	4.441779	16.969454	178.761081	9.885276	19.646092	170.275465	10.794911	18.949218	160.111588	11.623805	18.519545
105.878696	11.017075	10.928064	113.863591	15.804649	13.203127	130.051262	3.970643	7.790814	145.298289	11.027012	15.490469	150.760366	10.852314	17.512103	161.923828	22.350342	18.633316	158.159704	2.317312	14.02814	172.514329	19.808392	17.930043	170.823489	4.382966	17.01684	179.337684	9.786707	19.764694	170.845179	10.669033	19.084382	160.702141	11.816412	18.645382
106.501875	11.058299	11.1866	114.497234	15.70002	13.389373	130.618212	3.879632	7.865674	145.811916	11.098408	15.57226	151.256482	10.780406	17.595614	162.410357	22.541372	18.941382	158.549603	2.339584	14.172146	173.201616	19.749529	17.971351	171.378252	4.360644	17.199152	179.886982	9.855382	19.891278	171.580821	10.669088	19.146791	161.186319	11.794805	18.822554
107.214921	10.811159	11.198619	115.311793	15.464726	13.583384	131.254434	3.810601	8.025174	146.408935	11.196028	15.722777	151.83779	10.907443	17.639986	163.076068	22.668378	18.875552	159.171725	2.371131	14.327135	173.826238	19.760577	18.039609	171.930347	4.436004	17.308168	180.615874	9.728533	19.742397	172.091403	10.708739	19.223672	161.796096	11.680736	18.964122