-4.357913	12.378146	15.229163	4.08197	16.59255	16.809824	19.766146	10.857363	12.157984	30.854724	24.35704	16.187587	34.171765	28.023686	18.574175	42.041641	39.269069	18.639922	44.965071	19.623439	18.684419	59.071176	42.79251	19.640597	61.275566	22.250285	20.602411	71.03414	34.414892	21.24135	61.188917	32.921063	22.062244	43.74145	28.798438	21.556299
-3.896044	12.258745	15.309579	4.50601	16.423547	16.729769	20.178418	10.831243	12.005122	31.400719	24.21071	15.988028	34.781234	27.814842	18.341103	42.553213	39.057265	18.362672	45.487129	19.366187	18.603737	59.560657	42.662932	19.553297	61.800807	22.044651	20.593086	71.38892	34.352309	21.355433	61.813137	32.709515	22.017739	44.087456	28.562538	21.541867
-3.584803	12.38297	15.264813	4.917679	16.316742	16.666685	20.603826	10.78254	11.717906	32.042542	24.074708	15.833466	35.331306	27.596148	18.439226	43.080159	38.917687	18.413376	46.0343	19.256088	18.513915	60.054394	42.417033	19.538137	62.357711	21.942685	20.60625	72.188473	34.280657	21.393617	62.319703	32.452368	21.939291	44.568233	28.420147	21.274276
-3.302289	12.241119	15.203509	5.296416	16.086247	16.525484	21.098021	10.751708	11.507103	32.603969	23.948331	15.7534	35.881952	27.443073	18.270235	43.666313	38.721493	18.361643	46.606521	19.043945	18.420414	60.553517	42.376491	19.63492	62.928827	21.82912	20.518834	72.471229	34.07312	21.455514	62.944206	32.336834	22.05436	45.267022	28.312815	21.409171
-2.906997	12.39412	15.329787	5.796256	16.074316	16.442231	21.600388	10.807801	11.418869	33.073824	23.876469	15.664227	36.39906	27.340574	18.19424	44.194245	38.57919	18.416086	47.202004	18.87618	18.286024	61.126031	42.2499	19.613771	63.474296	21.614479	20.437639	73.147695	34.072777	21.490966	63.345979	32.321379	21.903852	45.542273	28.069155	21.249024
-2.524184	12.380047	15.294643	6.270123	16.025865	16.434745	22.140336	10.745374	11.4639	33.663332	23.700372	15.657253	36.978635	27.252803	18.231597	44.790275	38.428595	18.393686	47.751063	18.819824	18.231201	61.7577	42.125942	19.660211	64.052702	21.554137	20.376052	73.737123	33.997801	21.468248	64.008688	32.137357	21.951138	46.258237	27.872753	21.051752
-2.030139	12.523879	15.368929	6.675226	16.018636	16.409872	22.586477	10.735863	11.433381	34.332375	23.693713	15.625102	37.620805	27.158029	18.210592	45.456517	38.378985	18.414719	48.378187	18.716894	18.209668	62.468874	42.040626	19.726668	64.621561	21.38796	20.28297	74.36961	33.927781	21.50855	64.648744	32.009391	21.931647	46.93947	27.952018	21.278358
-1.60139	12.65622	15.392495	7.267849	16.079222	16.452793	23.16234	10.819245	11.485304	34.891396	23.684483	15.564654	38.289786	27.10012	18.126604	45.981216	38.383821	18.545987	48.952167	18.607709	18.148334	62.976776	41.95393	19.731924	65.219591	21.333742	20.26398	75.046417	33.782275	21.485031	65.247868	31.887484	21.977936	47.515269	27.787439	21.353877
-1.057116	12.775201	15.390473	7.88562	16.067614	16.366516	23.771572	10.833587	11.58604	35.524305	23.747403	15.605067	38.903447	27.103482	18.159313	46.709474	38.287186	18.61907	49.536821	18.554265	18.125894	63.720449	41.923096	20.026839	65.835137	21.233153	20.281826	75.632464	33.782423	21.525475	65.908645	31.759099	21.955764	48.068957	27.837741	21.32083
-0.332253	12.740852	15.365029	8.521766	16.161909	16.328272	24.36411	10.886025	11.488638	36.126691	23.67907	15.545561	39.448781	27.200144	18.23603	47.251852	38.326248	18.54297	50.149042	18.555432	18.13926	64.384798	41.882089	20.115973	66.470338	21.187161	20.330207	76.271233	33.713225	21.562502	66.600752	31.772045	22.126103	48.763161	27.761201	21.132448
0.31997	12.873019	15.473563	9.194032	16.278145	16.421605	25.144851	10.891765	11.521943	36.705533	23.903166	15.46933	40.083147	27.184301	18.102227	48.017664	38.367413	18.617856	50.742573	18.601273	18.113666	65.022184	41.926155	20.320638	67.080563	21.136592	20.342735	76.960818	33.577512	21.670928	67.1319	31.700056	22.039812	49.325816	27.715697	21.277503
1.147283	13.099643	15.507231	10.011668	16.272454	16.386729	25.830816	10.891044	11.499802	37.375223	23.895311	15.408782	40.703298	27.312304	18.06117	48.596078	38.452802	18.568278	51.344464	18.644601	18.08169	65.651385	41.930986	20.502466	67.656092	21.135967	20.34856	77.462329	33.514217	21.780764	67.99639	31.717285	22.26549	50.048762	27.712412	21.252672
1.884951	13.211177	15.476896	10.898877	16.415167	16.3337	26.61615	10.906553	11.597354	37.982864	24.011622	15.409879	41.313042	27.399968	18.034199	49.228645	38.442966	18.544454	51.958552	18.65089	18.133534	66.360002	41.894251	20.729702	68.279518	21.090582	20.400726	78.077548	33.450805	21.88377	68.449381	31.781015	22.308765	50.542428	27.923566	21.122269
2.844821	13.383146	15.512105	11.755409	16.621663	16.348603	27.455386	10.951765	11.479352	38.691946	24.115176	15.303515	41.987912	27.488348	18.047965	49.974037	38.628289	18.616894	52.593615	18.837565	18.057003	66.985386	41.900889	20.910711	68.852123	21.145782	20.445008	78.864864	33.530099	22.038065	68.943041	31.782833	22.350903	51.250442	27.930128	21.186199
3.832433	13.612761	15.546209	12.848049	16.828723	16.357526	28.350389	10.968909	11.576614	39.344603	24.290999	15.302255	42.625103	27.658176	17.955134	50.601106	38.755648	18.515438	53.148118	18.914868	17.90839	67.701872	41.946075	21.180834	69.441015	21.196092	20.451449	79.471649	33.257282	22.153689	69.692956	31.666452	22.459711	51.900026	27.979509	21.148146
4.843678	13.89375	15.534685	13.808943	16.910725	16.24044	29.32878	10.828152	11.547276	39.987962	24.454509	15.222688	43.268955	27.838975	17.969132	51.318362	38.940103	18.590168	53.787491	19.111899	17.908806	68.398381	41.90578	21.338461	70.003635	21.145852	20.464539	80.278237	33.202712	22.377942	70.336084	31.612006	22.563778	52.358962	28.088265	21.1175
5.93994	14.222622	15.503724	14.992758	17.189807	16.423516	30.242012	10.83271	11.574456	40.616366	24.625789	15.18636	43.828063	28.016734	17.937522	51.974033	39.168819	18.616397	54.338402	19.256939	17.898144	69.099222	42.016196	21.305707	70.551484	21.196563	20.47321	80.715452	33.210086	22.48653	70.854639	31.736351	22.60081	53.032399	28.433854	21.155481
7.237687	14.472899	15.632621	16.118986	17.44194	16.418862	31.380111	10.755452	11.508629	41.307248	24.852766	15.138492	44.427301	28.270524	17.783632	52.663288	39.343251	18.539249	54.880694	19.442797	17.812778	69.795807	42.09815	21.458369	71.089084	21.252069	20.521153	81.154163	33.281627	22.52737	71.433769	31.792797	22.572816	53.756291	28.486993	21.12651
8.446591	14.818257	15.729794	17.440258	17.668234	16.598502	32.320163	10.761633	11.556618	42.040958	25.132809	15.043387	45.003968	28.500077	17.84575	53.325677	39.613556	18.435353	55.409069	19.683145	17.772329	70.476564	42.170944	21.473907	71.639859	21.403381	20.523492	81.794551	33.289049	22.625326	71.953393	31.978324	22.602502	54.298254	28.870879	20.992798
9.902958	15.166563	15.790814	18.850296	18.090013	16.703666	33.503317	10.664306	11.795687	42.588329	25.41842	14.995441	45.700945	28.858463	17.799349	54.030327	39.984548	18.539523	55.950492	19.958297	17.622857	71.137305	42.351649	21.27955	72.159141	21.458883	20.56716	82.509918	33.287642	22.658917	72.686633	32.045488	22.702443	55.087796	28.998706	21.132687
11.552975	15.6031	16.0943	20.330402	18.527368	16.931313	34.778757	10.598239	11.818321	43.1882	25.526387	14.921712	46.182702	29.026535	17.704607	54.624013	40.154984	18.390922	56.476695	20.143217	17.534177	71.756159	42.574832	21.24237	72.738797	21.605331	20.534601	82.99769	33.365481	22.76048	73.117597	32.21963	22.60528	55.526577	29.264497	20.970052
13.301231	16.09939	16.058771	22.015055	19.055929	17.104009	36.00709	10.571942	12.064291	43.772272	25.819364	14.920083	46.794165	29.294273	17.664768	55.259587	40.422367	18.292113	56.954656	20.337126	17.504693	72.379625	42.693111	20.9494	73.197684	21.65216	20.510184	83.688896	33.416521	22.600173	73.763187	32.336663	22.57089	56.098432	29.425014	20.877362
15.10769	16.461677	16.237371	23.730875	19.647639	17.399481	37.27513	10.595777	12.214129	44.39461	26.046857	14.874414	47.319534	29.606624	17.622493	55.821084	40.636127	18.095871	57.497428	20.614653	17.360454	72.986641	42.816456	20.726064	73.660257	21.954955	20.510159	84.169131	33.397075	22.387377	74.344433	32.565237	22.396773	56.675603	29.712795	20.898741
17.011323	16.966359	16.278622	25.470069	20.295012	17.558556	38.542153	10.555782	12.403787	44.952647	26.280858	14.876081	47.893378	29.913639	17.524613	56.401246	40.90742	17.997507	58.035425	20.973276	17.468221	73.609602	43.085259	20.580218	74.10771	22.04292	20.413315	84.692588	33.477489	22.552554	74.862098	32.683433	22.367779	57.171409	29.981023	20.740404
18.97635	17.429661	16.389054	27.330937	20.775633	17.794012	39.923586	10.539009	12.719425	45.555569	26.509793	14.83425	48.402016	30.003919	17.547495	57.018154	41.120553	17.799791	58.601102	21.312448	17.421379	74.166784	43.19032	19.944751	74.657283	22.298858	20.440831	85.216765	33.521392	22.270437	75.426257	33.028642	22.125219	57.743876	30.307251	20.579413
21.054457	17.884484	16.481901	29.220316	21.385608	18.0131	41.325967	10.510493	12.955295	46.111824	26.79779	14.791073	48.976577	30.311071	17.449497	57.626241	41.390402	17.702119	59.011979	21.363461	17.447544	74.804972	43.280208	19.769874	75.184705	22.438146	20.342321	85.835015	33.640875	22.043769	75.95886	33.068164	21.899514	58.280147	30.524921	20.482414
23.213617	18.239698	16.642579	31.287937	21.999712	18.280702	42.749448	10.680931	13.171011	46.690867	26.797181	14.805881	49.515658	30.482216	17.359643	58.160503	41.609319	17.505123	59.505384	21.502545	17.371943	75.427893	43.40148	19.477126	75.596374	22.473303	20.225116	86.338149	33.700903	21.954122	76.47728	33.186448	21.870244	59.024375	30.686242	20.388015
25.373283	18.594432	16.803774	33.296415	22.599633	18.439474	44.240828	10.68329	13.47571	47.339116	27.090416	14.833758	50.00692	30.703924	17.322364	58.723317	41.824415	17.309892	59.949783	21.645469	17.339993	76.041451	43.445332	19.07578	76.129689	22.604288	20.064614	86.809416	33.609674	21.746427	76.94751	33.288951	21.640928	59.585095	31.023004	20.338397
27.547158	19.006403	16.957382	35.378103	23.203846	18.649966	45.745575	10.802713	13.692218	47.878239	27.208914	14.847537	50.546742	30.920435	17.229364	59.38031	41.851657	17.080714	60.484459	21.850243	17.406475	76.748161	43.534997	18.898043	76.682877	22.80595	20.05882	87.384289	33.803615	21.58166	77.570141	33.338991	21.545418	60.198922	31.298568	20.238326
29.717809	19.230152	17.180261	37.371187	23.752641	18.760763	47.198789	11.036895	13.970762	48.486709	27.387928	14.891265	51.128656	31.109982	17.349774	60.014806	42.028436	17.007519	61.015095	22.042131	17.369415	77.310319	43.624438	18.657247	77.157919	22.739066	19.947312	87.886384	33.710147	21.308514	78.23867	33.612348	21.166884	60.711961	31.340751	20.09713
31.900966	19.384244	17.371159	39.23369	24.268093	19.01241	48.935216	11.215314	14.29639	49.213167	27.414959	15.153883	51.765316	31.225781	17.151375	60.559541	42.176955	16.848357	61.529764	22.051197	17.451684	77.929454	43.673523	18.324945	77.737473	22.902291	19.813315	88.773403	33.689513	21.142258	79.048798	33.582127	20.867904	61.214933	31.455321	20.122081
34.027447	19.387434	17.389354	41.103312	24.585965	19.057667	50.65429	11.45366	14.613224	49.718845	27.589226	15.158479	52.423549	31.281421	17.281329	61.158772	42.201777	16.696286	62.081982	22.163659	17.574687	78.631076	43.760381	18.078015	78.325966	22.968431	19.816338	89.234364	33.734676	20.862911	79.588015	33.638065	20.842403	61.767339	31.605431	19.910699
36.012517	19.326001	17.488287	42.813935	24.998106	19.16426	52.428659	11.819078	14.926824	50.42533	27.716691	15.282336	53.005978	31.457296	17.243253	61.964725	42.573192	16.798318	62.664249	22.35623	17.540196	79.280706	43.84518	17.763873	78.914817	23.023334	19.721721	89.962543	33.853702	20.631607	80.251354	33.848305	20.665359	62.419395	31.824371	19.814016
37.957282	19.06468	17.521627	44.332208	25.371705	19.270114	54.186672	12.244034	15.232177	51.003036	27.886535	15.244185	53.735647	31.687859	17.298014	62.46783	42.554499	16.549537	63.28667	22.475123	17.715415	80.013366	43.94028	17.655469	79.614349	23.148223	19.650873	90.639642	33.906485	20.470145	80.910316	33.935484	20.431123	63.091455	32.129317	19.762408
39.814874	18.673201	17.565847	45.691857	25.480682	19.415259	55.969332	12.737627	15.579107	51.656233	27.943845	15.252902	54.464165	31.826051	17.35323	63.206	42.710151	16.460289	63.826706	22.649512	17.941536	80.645694	44.029689	17.412082	80.142723	23.23097	19.784065	91.260879	33.811752	20.255105	81.416085	33.978842	20.31361	63.8486	32.179108	19.783656
41.653757	18.296908	17.710944	46.832551	25.300816	19.707437	57.812867	13.280707	15.851553	52.364764	28.075309	15.417885	55.198688	32.064773	17.504067	63.921364	42.911823	16.522605	64.497133	22.80404	18.007706	81.375148	44.116057	17.163461	80.809472	23.499635	19.769237	92.014548	34.066449	19.938414	82.207955	34.190576	20.266635	64.445694	32.47997	19.742254
43.340144	17.78939	17.864431	47.919615	25.322456	19.928864	59.512409	13.844264	16.263128	53.016074	28.220791	16.283489	55.657091	32.198361	17.515244	64.548958	43.063582	16.388753	65.165099	22.92778	18.128795	82.077452	44.212857	17.124705	81.359137	23.648285	19.898697	92.804791	34.186007	19.725083	82.955402	34.330298	19.987261	65.17013	32.53553	19.825604
45.069761	17.327134	17.865665	48.813918	25.232192	20.242352	61.105826	14.641781	16.574677	53.819814	28.595063	17.108716	56.436159	32.430588	17.610972	65.288438	43.263151	16.340212	65.860354	22.960086	18.410242	82.751785	44.224946	16.702427	82.186291	23.634598	19.797561	93.42519	34.101257	19.588766	83.628421	34.43507	19.950766	65.747312	32.739254	19.846068
46.6465	16.811993	17.934406	49.655824	25.063973	20.424466	62.573882	15.247323	16.865606	54.495345	28.822535	17.33773	57.074934	32.577665	17.766889	66.012669	43.463668	16.361065	66.496304	23.264267	18.523905	83.525876	44.319869	16.659875	82.776464	23.75611	19.69951	94.005157	33.952191	19.515628	84.121736	34.371971	19.873122	66.60398	33.097703	19.899528
48.206549	16.54057	17.883567	50.427661	24.826685	20.546024	63.822761	15.715839	17.084543	55.144053	28.880075	17.416672	57.695846	32.891222	17.96375	66.720588	43.670447	16.449013	67.231675	23.456675	18.685537	84.281243	44.266563	16.454798	83.473748	23.809824	19.600575	94.788582	33.931175	19.311138	85.082832	34.477327	19.88403	67.388912	33.213256	20.093182
49.528475	16.177784	17.652164	50.995695	24.576938	20.591317	64.948666	16.234743	17.221137	55.960044	29.101343	17.587697	58.531929	33.046514	18.40309	67.481866	43.784581	16.421399	67.869333	23.637739	18.750489	85.015882	44.331818	16.466572	84.19658	23.879332	19.628957	95.314995	33.918362	19.175168	85.675771	34.477373	19.917002	68.05446	33.314125	20.113919
50.749538	15.90305	17.125169	51.554302	24.245308	20.448619	65.859442	16.494455	17.296269	56.704172	29.182246	17.385874	59.198607	33.12558	18.41835	68.221772	43.98924	16.576673	68.540003	23.709072	18.874918	85.67934	44.330711	16.534037	84.803757	23.814804	19.670926	96.205976	33.817683	19.141776	86.381877	34.466688	19.827083	68.822389	33.526105	20.245409
51.927102	15.760319	16.596779	52.065578	23.967018	20.234305	66.810505	16.740735	17.279513	57.32007	29.345715	17.506313	59.928921	33.368067	18.467736	68.955839	44.02438	16.569672	69.257207	23.825619	18.891119	86.46463	44.394461	16.723735	85.505243	23.943343	19.631985	96.978155	33.757366	19.224824	87.165637	34.465691	19.851677	69.543841	33.580665	20.325133
53.0304	15.430609	15.903028	52.741723	23.602507	19.819343	67.685857	16.963752	17.096853	58.137205	29.419552	17.748314	60.706255	33.458274	18.622521	69.726376	44.232121	16.790202	69.964798	24.125697	18.980948	87.181632	44.450114	16.72222	86.174762	23.873287	19.639208	97.64033	33.822742	19.304842	87.819291	34.522734	19.937943	70.184215	33.803001	20.575514
54.050964	15.234384	15.137439	53.243627	23.178195	19.421233	68.55559	16.981943	16.792824	58.753998	29.643809	17.428076	61.336972	33.604813	18.487524	70.317087	44.228826	16.833033	70.726014	24.293245	18.938556	87.801697	44.514315	16.916186	86.901854	24.021381	19.75997	98.24683	33.824949	19.336402	88.510875	34.587831	20.081295	70.908799	33.867328	20.77151
55.252916	14.877645	14.146568	53.901924	22.522474	18.689667	69.351741	17.000083	16.535236	59.321863	29.53032	17.352868	61.885064	33.623442	18.265238	71.083764	44.354295	17.073336	71.42647	24.408752	18.946955	88.538069	44.610503	17.124471	87.566827	24.215632	19.686044	98.861674	33.830151	19.477384	89.089128	34.661292	20.347762	71.591385	33.958072	20.678272
56.279596	14.614119	13.075703	54.454725	21.934874	18.023896	70.298731	17.103186	16.090405	60.182952	29.729364	17.303252	62.538027	33.710072	18.375228	71.663467	44.477737	17.186597	72.112356	24.455723	18.864766	89.195956	44.772926	17.371943	88.200661	24.281074	19.686373	99.437909	33.977595	19.730348	89.911481	34.668756	20.488788	72.162026	34.11784	20.790691
57.377501	14.330852	11.874801	55.062984	21.194762	17.165381	71.067845	17.079037	15.529779	60.640062	29.614253	16.679701	63.071524	33.696543	18.250469	72.282359	44.605574	17.432014	72.685793	24.740499	18.820874	89.83025	44.935841	17.620936	88.899906	24.345972	19.683784	100.10721	34.167336	19.802488	90.512227	34.837642	20.570846	72.866191	34.17967	20.967542
58.408715	14.081232	10.54677	55.804846	20.638682	16.29025	71.951603	17.048055	14.918891	61.383546	29.638631	16.425917	63.884399	33.73994	18.318722	72.889259	44.771273	17.567002	73.421416	24.729041	18.744912	90.469028	45.122955	17.759554	89.480815	24.614867	19.674122	100.740285	34.349255	19.763552	91.036654	35.013611	20.715738	73.486611	34.284582	21.034994
59.339772	14.065183	9.372318	56.544638	20.071785	15.350032	72.736739	16.950326	14.229562	62.207075	29.781164	16.324392	64.489073	33.858786	18.331284	73.486312	44.852263	17.655893	74.0289	24.934588	18.515112	91.058609	45.3124	17.903546	90.230909	24.806866	19.596598	101.515505	34.603262	19.829281	91.711054	35.120407	20.738521	73.931993	34.331681	21.010866
59.990895	14.139599	8.07457	57.224232	19.637626	14.471381	73.521232	16.890018	13.405587	62.760778	29.724909	16.303026	65.141782	33.821833	18.404393	74.043533	45.016945	17.792616	74.757872	25.086481	18.333279	91.697759	45.596797	18.096064	90.918654	25.0556	19.42079	101.965715	34.661497	19.805594	92.311331	35.279601	20.702653	74.480062	34.428222	20.981966
59.974495	14.183917	7.287305	57.815344	19.689455	13.902504	74.134716	16.831385	12.589043	63.345799	29.754934	16.105755	65.774765	33.856524	18.373829	74.591463	45.094044	17.882889	75.406461	25.239248	18.154261	92.204462	45.783911	18.181101	91.558439	25.178723	19.320131	102.536039	35.051754	19.987259	92.915444	35.507383	20.84072	75.184897	34.620871	20.886021
59.817305	14.205615	7.064198	58.11728	19.97574	13.662399	74.446699	16.755668	12.053468	63.992191	29.853073	16.071581	66.23915	34.004343	18.244061	75.149763	45.252026	17.819567	75.947	25.504162	17.924611	92.771566	45.937143	18.244372	92.07214	25.438323	19.237641	103.274288	35.347374	19.82189	93.518778	35.716576	20.742453	75.820586	34.724949	20.95743
59.674641	14.329926	7.179009	58.540557	20.298575	13.692618	74.653331	16.77376	11.777103	64.596004	29.981698	15.81467	66.884785	34.110891	18.109862	75.750843	45.453395	17.910365	76.575207	25.69975	17.60354	93.377549	46.246742	18.273276	92.673873	25.758009	19.07571	103.922513	35.53923	19.950625	94.062366	35.876329	20.709144	76.320726	34.961702	20.763986
59.811257	14.450697	7.277103	58.855385	20.501515	13.794565	75.016644	16.808835	11.62558	65.07091	30.344236	15.821955	67.502043	34.390716	18.118359	76.237967	45.692104	17.829651	77.162854	26.085976	17.412503	93.8522	46.39751	18.221193	93.22683	25.942913	18.923973	104.425161	35.720521	19.862607	94.605897	36.027068	20.557542	76.888168	35.151279	20.623797
59.91345	14.580927	7.437338	59.256316	20.761727	13.832578	75.312552	16.844275	11.478006	65.62679	30.438386	15.739415	68.033236	34.582623	18.033965	76.711252	45.927216	17.617091	77.677942	26.368077	17.322757	94.413854	46.640435	18.15474	93.597717	26.132082	18.808666	104.979214	35.905539	19.88268	94.999836	36.244167	20.528075	77.514112	35.454274	20.630255
60.050851	14.75436	7.531142	59.818859	21.043271	14.05553	75.710046	16.909372	11.543543	66.06137	30.641574	15.706925	68.57263	34.843516	17.805096	77.23588	46.12069	17.445614	78.172153	26.59714	17.285192	94.947326	46.790532	18.1007	94.179122	26.401514	18.795535	105.423199	36.091625	19.854083	95.588729	36.520909	20.604284	78.015801	35.652538	20.597026
60.229725	14.891563	7.743881	60.109302	21.238325	14.094332	76.0364	17.044447	11.299491	66.59668	30.776303	15.504704	68.966528	34.996976	17.731071	77.723196	46.35985	17.365685	78.538986	26.700328	17.168446	95.44597	47.034992	18.038908	94.561119	26.530338	18.769158	105.820519	36.208236	19.771886	96.034238	36.619309	20.460673	78.482639	35.889997	20.406116
60.307845	14.854199	7.857785	60.508526	21.370018	14.135311	76.444495	16.967316	11.15427	67.067085	31.026158	15.413431	69.444665	35.223426	17.56481	78.161089	46.469073	17.085549	79.039661	27.007793	17.313637	95.949004	47.186492	18.043752	95.044489	26.795297	18.703174	106.449719	36.340293	19.907512	96.601534	36.831619	20.422067	78.901771	36.140128	20.372685
60.366315	15.012051	7.842292	60.928262	21.557434	14.108124	76.688776	16.935026	10.926048	67.627873	31.228414	15.374176	69.997317	35.4597	17.525882	78.672795	46.707428	17.004761	79.497299	27.104444	17.147593	96.46051	47.272371	17.954995	95.53867	27.002692	18.75506	107.085215	36.522025	19.868484	97.066952	36.936485	20.394895	79.367471	36.32729	20.184634
60.402983	15.010807	7.837403	61.041164	21.625278	14.155543	76.903596	16.897106	10.654963	68.059141	31.323337	15.293768	70.503861	35.535737	17.49927	79.175065	46.78108	16.898299	79.928343	27.271696	17.069007	96.92116	47.365	18.050423	95.987658	27.067344	18.731537	107.430937	36.465946	19.971603	97.509625	36.997687	20.491599	79.768035	36.480818	20.208813
60.500241	15.170383	7.827075	61.537926	21.598923	13.942102	77.124545	16.939512	10.553681	68.488821	31.413259	15.158328	70.850624	35.599649	17.302935	79.651997	46.847973	16.919339	80.445139	27.267611	17.046305	97.498497	47.38666	17.980481	96.413389	27.140026	18.794775	107.786676	36.526223	19.953082	98.073763	37.154294	20.398819	80.317349	36.530446	20.234268
60.632939	15.177148	7.87717	61.781191	21.722441	13.918738	77.390669	16.875322	10.502485	68.974379	31.460813	15.130495	71.469736	35.674778	17.272382	80.16699	46.875959	16.852353	80.835601	27.386166	17.068043	97.978124	47.476591	18.012982	96.998325	27.201401	18.764241	108.406191	36.53749	20.153508	98.574579	37.207108	20.431862	80.883386	36.619323	20.099701
60.670656	15.177364	7.877299	62.045133	21.90181	13.826989	77.60965	16.817483	10.497115	69.47844	31.461673	15.163017	71.929342	35.664257	17.163944	80.637149	46.943569	16.808857	81.445353	27.433518	16.991882	98.467872	47.470759	17.995168	97.470172	27.335777	18.764031	108.916811	36.590976	20.070256	99.069229	37.141878	20.353012	81.34398	36.611445	20.0277
60.803905	15.086835	7.993343	62.351523	21.718683	13.896708	77.853245	16.734973	10.316835	70.000293	31.509221	15.138476	72.465693	35.70656	17.225926	81.125218	47.018012	16.963972	81.930954	27.425124	16.923416	99.01054	47.598416	18.226952	98.003578	27.364311	18.76917	109.462817	36.650716	20.097795	99.684252	37.197047	20.382914	81.792143	36.663107	20.056148
60.823072	15.138959	7.986536	62.62011	21.821959	13.945194	77.951125	16.404866	9.984808	70.62704	31.45228	15.116495	72.953624	35.695808	17.117143	81.681673	46.93513	16.899364	82.52822	27.415138	16.850689	99.505899	47.55934	18.186865	98.560266	27.297104	18.746983	110.064636	36.590867	20.134988	100.104518	37.202492	20.483336	82.303698	36.611812	20.088825
60.84224	15.191086	7.979734	62.782159	21.755636	13.872531	78.020734	16.12957	9.652429	71.106625	31.297495	15.157604	73.497633	35.537145	17.191029	82.1431	46.894676	16.991283	83.101387	27.336607	16.689684	99.99645	47.58552	18.186809	99.186713	27.350156	18.687665	110.572916	36.887683	19.978455	100.73283	37.137075	20.399093	82.745537	36.511278	20.126853
60.78368	15.033294	7.995179	62.880852	21.689725	13.802374	78.103812	15.829107	9.539963	71.690282	31.245453	15.181724	74.066058	35.441931	17.040878	82.657075	46.816265	16.995868	83.781678	27.378861	16.562801	100.535141	47.614333	18.302862	99.905475	27.338254	18.598562	111.045156	36.951346	20.012119	101.268008	37.1371	20.435095	83.423166	36.399059	20.052205
60.839712	15.032912	7.992873	63.155645	21.520223	13.807418	78.222325	15.504063	9.250909	72.32707	31.122969	15.01627	74.653426	35.322752	17.112287	83.157804	46.738853	17.066089	84.43223	27.195275	16.498325	101.086606	47.607156	18.280604	100.479098	27.215168	18.608744	111.610348	36.942268	19.930249	101.707996	37.130934	20.357802	83.981959	36.288751	19.982027
60.893501	15.024352	7.933401	63.40049	21.452924	13.729928	78.358138	15.089573	9.146369	72.957263	30.967219	15.045611	75.359848	35.112717	17.049913	83.695698	46.659449	17.06916	85.115135	27.11244	16.285399	101.559501	47.644528	18.284271	101.090053	27.39082	18.598027	112.264432	36.87654	19.960529	102.381278	37.177356	20.323356	84.762187	36.226788	19.79534
60.892655	14.971624	7.937786	63.679756	21.403965	13.793431	78.357607	14.848849	9.058753	73.491786	30.638669	14.896216	75.856279	34.941273	16.95081	84.318958	46.542062	17.048676	85.753671	27.045101	16.167503	102.124565	47.679996	18.285487	101.768613	27.396506	18.682806	112.822928	37.078187	20.155693	103.173307	37.272862	20.164565	85.211746	36.08096	19.679493
60.891808	14.918899	7.94217	63.901568	21.272708	13.655791	78.516738	14.49371	8.96107	74.165335	30.520358	14.776218	76.577461	34.766969	16.845202	84.784855	46.499564	17.010091	86.48912	26.977048	16.045303	102.641062	47.754999	18.191609	102.381134	27.542664	18.910401	113.437065	37.2616	20.17268	103.650056	37.281881	20.321744	85.797415	35.93965	19.66233
60.88927	14.760741	7.955321	64.150268	21.150292	13.58738	78.675032	14.192763	8.862653	74.799283	30.251363	14.719255	77.199272	34.557706	16.786724	85.381165	46.302445	16.880188	87.219764	26.805237	15.930242	103.198078	47.785768	18.066324	103.048194	27.671844	19.017638	114.015544	37.443147	20.135947	104.334818	37.487953	20.217563	86.324487	36.017801	19.529948
60.979885	14.699623	7.90037	64.441528	20.987526	13.651804	78.774624	13.876093	8.649514	75.43938	30.068037	14.454566	77.806607	34.381506	16.640517	85.925055	46.181878	16.731251	87.955215	26.73708	15.808032	103.787464	47.82109	18.06792	103.748949	27.736276	19.097236	114.766343	37.318397	20.169451	104.867486	37.424865	20.138426	87.086455	35.826567	19.455675
61.017571	14.699827	7.900475	64.669411	20.913259	13.514903	78.99388	13.631743	8.542414	76.078724	30.053668	14.42899	78.540583	34.170328	16.579473	86.549553	46.098237	16.663794	88.65778	26.617913	15.690765	104.31849	47.856318	18.052225	104.337808	27.797196	19.098588	115.179015	37.625295	20.132097	105.421522	37.426076	20.174722	87.668203	35.678889	19.334651
60.992888	14.629821	7.788096	64.956906	20.789826	13.441736	79.185714	13.209322	8.393016	76.809436	29.737384	14.270425	79.118101	33.954313	16.436858	87.149447	45.94307	16.623318	89.484329	26.446676	15.584085	104.921176	47.889572	17.998517	105.177063	27.847279	19.02933	116.107063	37.812503	20.194887	105.95419	37.519523	20.02999	88.38219	35.529231	19.208009
61.083864	14.522783	7.789777	65.204245	20.611086	13.377496	79.309157	13.004862	8.169819	77.481514	29.542925	14.205038	79.850647	33.772311	16.243666	87.768292	45.750467	16.562004	90.162867	26.324855	15.437004	105.491155	47.794543	17.87142	105.937188	27.818205	18.766222	116.914421	37.934221	20.209399	106.825791	37.554899	19.98432	89.159267	35.338418	19.13326
61.083864	14.522783	7.789777	65.494004	20.496119	13.371145	79.489201	12.752048	8.006589	78.276493	29.276952	14.039892	80.637471	33.51675	16.139277	88.429252	45.549628	16.362219	91.019222	26.151088	15.326643	106.115379	47.789694	17.952971	106.740327	27.61856	18.625815	117.473994	37.993225	20.202907	107.572706	37.445938	19.89718	89.868985	35.102463	19.064267
61.083007	14.470054	7.794176	65.821653	20.307921	13.23542	79.702656	12.385517	7.85177	78.841263	29.130072	13.828886	81.333451	33.254887	16.081778	89.02411	45.285245	16.328108	91.835855	25.914135	15.097569	106.785413	47.73842	17.904592	107.558354	27.59799	18.446796	118.001071	38.056141	20.228565	108.240619	37.435376	19.791849	90.461272	34.813497	18.899626
61.198972	14.583011	7.837887	66.153035	20.288186	13.087224	79.90605	12.291926	7.61744	79.626279	28.867655	13.715111	82.190675	32.982972	15.888017	89.733731	45.086963	16.193921	92.6317	25.795462	14.987024	107.336401	47.643827	17.779802	108.412546	27.559898	18.112244	118.611736	38.158391	20.144007	108.928085	37.280464	19.767876	91.06253	34.70505	18.723527
61.272448	14.529321	7.837591	66.463445	20.10876	13.020549	80.203156	12.133049	7.325086	80.348278	28.611206	13.651859	82.852131	32.831366	15.824924	90.430593	44.932672	16.215542	93.432979	25.609447	14.755066	108.003455	47.636723	17.805603	109.172914	27.413079	17.905711	119.300928	38.088884	20.014208	109.631011	37.381105	19.788585	91.835957	34.508031	18.546366
61.367007	14.581871	7.830966	66.761722	20.163024	13.006052	80.483981	12.039086	7.087021	80.955487	28.464429	13.438014	83.460238	32.704455	15.632815	91.052113	44.773575	16.106403	94.165283	25.480934	14.564247	108.584984	47.584861	17.707782	109.962417	27.450384	17.736878	120.034988	38.1403	19.981123	110.302137	37.221187	19.711358	92.599305	34.322673	18.575313
61.443693	14.537803	7.892626	67.067618	20.086737	12.860041	80.68983	11.962831	6.967939	81.607549	28.377379	13.219309	84.163401	32.53997	15.439555	91.72486	44.650415	15.948091	94.96676	25.461565	14.405163	109.207263	47.57663	17.68196	110.765731	27.358836	17.474347	120.696059	38.12827	19.851185	110.953593	37.258393	19.575889	93.296426	34.163469	18.346166
61.653652	14.604734	7.990814	67.396162	19.971096	12.849537	81.044736	11.803174	6.673401	82.284332	28.310297	13.193999	84.846894	32.433208	15.50349	92.282666	44.569144	15.940615	95.651364	25.285723	14.261477	109.781282	47.611573	17.678394	111.520339	27.513936	17.226892	121.292381	38.231762	19.81629	111.547966	37.195289	19.3964	93.964918	34.095733	18.112982
61.730305	14.560671	8.052431	67.626285	19.904768	12.779186	81.272732	11.783722	6.548262	82.926894	28.229118	13.023644	85.497569	32.345212	15.350334	92.944566	44.485605	15.873159	96.344766	25.261191	14.065205	110.33939	47.60261	17.603553	112.285346	27.372226	17.048186	121.893571	38.390503	19.777771	112.127324	37.186847	19.318562	94.763998	34.006066	18.186624
61.749526	14.612792	8.045692	67.810443	19.829887	12.642487	81.483267	11.820564	6.419562	83.655922	28.156786	12.947269	86.133202	32.262073	15.240761	93.582028	44.506614	15.687891	97.107507	25.192584	13.951959	110.937352	47.633931	17.493051	113.028353	27.651374	16.842886	122.623127	38.541065	19.584332	112.868626	37.265629	19.170506	95.393469	33.984436	17.945549
61.80449	14.611099	8.038631	68.062231	19.77178	12.636591	81.653801	11.801567	6.296923	84.147867	28.018741	12.837549	86.736033	32.248108	15.127942	94.09701	44.427642	15.686258	97.792501	25.183855	13.881209	111.516953	47.754522	17.539658	113.51032	27.631416	16.691252	123.132492	38.823647	19.650425	113.495769	37.45837	19.13408	95.969683	33.982392	17.965801
61.882936	14.672401	8.091486	68.288997	19.761129	12.558022	82.003741	11.896133	6.155809	84.735889	28.08686	12.904145	87.371944	32.282802	15.135758	94.657094	44.493657	15.64669	98.405575	25.324855	13.760026	112.007588	47.828486	17.405895	114.27801	27.731393	16.497563	123.744064	38.744246	19.323388	114.028178	37.49923	19.055426	96.639435	34.01715	17.887145
61.978798	14.680439	8.146361	68.478875	19.759726	12.550424	82.174821	11.932338	6.029451	85.362019	28.081558	12.876773	87.957143	32.305951	15.031168	95.225807	44.567294	15.785222	99.018865	25.308361	13.610157	112.538243	47.992259	17.474676	114.912269	27.961975	16.379549	124.422604	38.960331	19.280397	114.590384	37.67916	18.910837	97.228678	33.966763	17.864051
62.077754	14.749371	8.25403	68.559573	19.750321	12.479092	82.292662	12.027308	5.89954	85.880096	28.06193	12.707985	88.526402	32.260126	14.932005	95.807881	44.596665	15.780019	99.632437	25.454054	13.530245	113.077471	48.069033	17.44982	115.500181	28.128652	16.263669	124.951509	39.229566	19.189339	115.160764	37.771775	18.830518	97.702515	33.986147	17.565222
62.077754	14.749371	8.25403	68.812088	19.796062	12.398032	82.490117	12.139825	5.880967	86.405745	28.180115	12.676194	89.047879	32.248558	14.832577	96.213334	44.588627	15.703433	100.191661	25.434546	13.380702	113.538838	48.144974	17.365663	116.10085	28.171846	16.105978	125.479321	39.437512	19.000386	115.65721	37.757501	18.700727	98.272479	34.12931	17.669876
62.192842	14.809482	8.302213	68.878931	19.860496	12.457933	82.6711	12.301624	5.800102	86.917127	28.2284	12.551698	89.588386	32.358191	14.878141	96.738757	44.62636	15.878138	100.79351	25.534989	13.347581	114.010113	48.217253	17.335968	116.620991	28.155495	15.979073	126.020582	39.421455	18.822166	116.182594	37.885797	18.557301	98.79788	34.033229	17.651949
62.212077	14.861589	8.295527	68.873569	19.907809	12.383242	82.982	12.411688	5.777532	87.469064	28.222683	12.527591	90.154651	32.242714	14.822307	97.232514	44.620839	15.860982	101.383278	25.566367	13.192283	114.516195	48.362299	17.396962	117.176976	28.322	15.840549	126.587317	39.698379	18.78478	116.820396	37.983077	18.528114	99.408524	34.066658	17.530908
62.288392	14.914539	8.29123	69.001005	20.010858	12.302983	83.048321	12.629663	5.697805	87.952911	28.343313	12.497409	90.705758	32.316997	14.869931	97.710763	44.692454	15.942107	101.937154	25.610358	13.123391	114.98258	48.507791	17.463662	117.806079	28.479989	15.621491	127.004877	39.854826	18.654118	117.325106	38.066314	18.391698	99.88255	34.105088	17.461855
62.328107	14.974328	8.339392	69.043337	19.954353	12.306784	83.249453	12.807759	5.732	88.52875	28.394827	12.418971	91.264964	32.308404	14.807026	98.19037	44.800995	16.041422	102.578255	25.597579	13.013387	115.372526	48.498029	17.28727	118.377743	28.593545	15.539516	127.56212	40.005599	18.464722	117.88219	38.209963	18.36005	100.655082	34.099007	17.471869
62.328107	14.974328	8.339392	69.281766	19.952953	12.302427	83.466116	12.92774	5.770898	89.049047	28.389945	12.396113	91.751359	32.338033	14.745275	98.745757	44.791014	15.958349	103.069038	25.640576	12.946272	115.858833	48.692226	17.325544	118.936043	28.815228	15.368011	128.002772	40.222907	18.382659	118.404276	38.294874	18.224398	101.069777	34.136345	17.360837
62.334308	15.096004	8.445101	69.410202	20.129224	12.347567	83.701734	13.039521	5.750998	89.593311	28.442397	12.319033	92.273366	32.329787	14.68399	99.182951	44.92937	16.135586	103.662195	25.737504	12.911006	116.315864	48.886708	17.362852	119.502364	29.048467	15.253478	128.508251	40.548481	18.240348	118.854499	38.584613	18.186934	101.468171	34.184037	17.38776
62.508692	15.165027	8.552913	69.422988	20.120152	12.275127	83.941772	13.225235	5.84157	90.039193	28.63788	12.432485	92.838931	32.438524	14.728295	99.715975	45.02307	16.053622	104.189016	25.791866	12.926934	116.75226	49.032325	17.428737	120.058295	29.223065	15.19148	128.973466	40.713513	18.259595	119.299406	38.775655	18.055892	102.117905	34.180403	17.447433
62.583937	15.216728	8.543944	69.72071	20.10108	12.134624	84.179354	13.354086	5.937088	90.579807	28.619143	12.262436	93.329447	32.537912	14.661011	100.236552	45.098553	15.906078	104.718746	25.907292	13.021941	117.199871	49.22387	17.366297	120.606697	29.346894	15.236238	129.561127	41.042056	18.212779	119.794469	39.02272	18.124706	102.52521	34.360123	17.419415
62.644006	15.329734	8.59021	69.765388	20.174087	12.259708	84.462306	13.652197	6.01662	91.025474	28.809722	12.327129	93.726938	32.759451	14.743945	100.641944	45.226686	15.962051	105.181592	25.969381	13.122438	117.648499	49.41558	17.292843	120.960138	29.531342	15.286149	129.882484	41.093486	18.145857	120.282968	39.168778	18.147271	102.918838	34.538593	17.347682
62.761277	15.397855	8.695727	69.914623	20.285527	12.244058	84.739661	13.781837	6.110131	91.586979	28.98348	12.240031	94.346462	32.942946	14.819542	101.145877	45.444716	16.121456	105.682346	26.181879	13.167965	118.10535	49.608511	17.276973	121.494441	29.701665	15.358296	130.398427	41.434953	18.259272	120.713633	39.26733	18.275269	103.467848	34.642879	17.591137
62.780527	15.449942	8.689111	70.064558	20.380098	12.098432	85.022956	14.033347	6.25188	91.947956	29.175213	12.3086	94.793466	33.151447	14.747359	101.61921	45.525129	16.09186	106.171389	26.251221	13.349341	118.572287	49.799891	17.212034	122.041423	29.864477	15.422652	130.745474	41.653586	18.277014	121.20896	39.513918	18.344114	103.968813	34.856358	17.461921
62.840611	15.562881	8.73544	70.146991	20.427243	12.022796	85.261354	14.216572	6.343422	92.436431	29.362544	12.323203	95.234902	33.259173	14.759402	102.101069	45.739296	16.138341	106.622549	26.38119	13.569884	119.12609	49.941156	17.164584	122.417042	29.939577	15.706223	131.336516	41.88068	18.391941	121.555608	39.819245	18.37593	104.433786	35.002314	17.57325
63.011766	15.668014	8.724485	70.299894	20.603623	12.06961	85.423206	14.361651	6.558472	92.97105	29.617745	12.42842	95.744925	33.477206	14.836676	102.622453	45.821268	16.165557	107.133867	26.49117	13.709881	119.532029	50.086852	17.229594	122.907716	30.056525	15.830873	131.864507	41.996706	18.516397	122.125833	39.978195	18.550567	104.987059	35.154563	17.816215
63.052432	15.780313	8.768551	70.383924	20.707212	11.989692	85.687545	14.620479	6.759499	93.399984	29.682216	12.454637	96.215388	33.660742	14.88166	103.174727	46.03841	16.325118	107.548196	26.573305	14.061501	120.062045	50.231893	17.345025	123.428737	30.130843	16.039011	132.292153	42.282169	18.589208	122.598211	40.148987	18.570166	105.409249	35.331696	17.786187
63.113699	15.848667	8.876512	70.53337	20.818801	11.974014	85.891559	14.82288	6.968061	93.890383	29.75689	12.623894	96.740048	33.712613	15.087181	103.762057	46.032588	16.357512	108.053653	26.551253	14.33081	120.546499	50.424154	17.330655	123.919642	30.255415	16.218254	132.838399	42.388182	18.605976	123.104968	40.24368	18.704271	105.993699	35.48563	18.029776
63.290111	15.976823	9.0329	70.707525	20.882305	12.030868	86.210074	15.030315	7.230034	94.336724	30.015633	12.76059	97.293765	33.823204	15.170112	104.243473	46.031668	16.461666	108.591802	26.655208	14.42756	120.973605	50.46778	17.283467	124.39087	30.216828	16.410885	133.175891	42.333317	18.694875	123.609893	40.341279	18.891287	106.440994	35.459648	18.057214
63.328642	16.080972	9.019806	70.844526	21.123553	12.142364	86.494025	15.332916	7.427198	94.854019	30.012936	12.78036	97.731317	33.863331	15.262952	104.733008	46.06886	16.460981	108.985067	26.621898	14.578124	121.51598	50.509402	17.241218	124.884645	30.281702	16.566815	133.795403	42.552576	18.608701	123.994597	40.42241	18.817205	106.930437	35.528483	18.171827
63.387779	16.141179	9.070549	71.015186	21.122219	12.136633	86.738294	15.406281	7.586312	95.357691	30.155583	12.968249	98.195525	33.939526	15.31583	105.21226	46.113946	16.645196	109.499725	26.636771	14.722661	121.972543	50.608074	17.493243	125.3659	30.393633	16.671897	134.177724	42.666137	18.784093	124.52571	40.50411	18.78823	107.424059	35.537614	18.333729
63.618107	16.26076	9.167452	71.163153	21.177416	12.125244	86.893482	15.521093	7.687423	95.736919	30.094687	12.999244	98.680528	33.944144	15.409326	105.751626	46.066748	16.714001	109.977553	26.598938	14.848966	122.400894	50.650568	17.392899	125.851284	30.454438	16.741457	134.585745	42.553134	18.77495	125.034716	40.595859	18.96926	107.98968	35.544704	18.448132
63.696756	16.321471	9.22043	71.24932	21.289492	12.112183	87.155506	15.655379	7.899703	96.21104	30.177701	12.926978	99.147084	34.050536	15.420167	106.198677	46.107191	16.77711	110.396104	26.570524	15.019249	122.892745	50.693876	17.405968	126.321197	30.357175	16.845014	135.203932	42.499329	18.855633	125.432645	40.559179	19.06446	108.594678	35.543617	18.511223
63.812958	16.433746	9.264655	71.444086	21.341041	12.07194	87.389697	15.826247	8.051485	96.633331	30.295503	12.989485	99.555256	34.017011	15.481042	106.617127	45.964489	16.569667	110.883934	26.57125	15.035344	123.249894	50.640138	17.414338	126.769875	30.411619	16.888703	135.772624	42.66509	18.921486	125.899847	40.590939	19.03332	108.880519	35.492655	18.684437
63.836423	16.501772	9.372902	71.660351	21.395707	12.05959	87.655889	15.939673	8.147849	97.001721	30.287103	12.929212	99.966091	34.035662	15.499669	107.023812	46.012594	16.814347	111.306619	26.581135	15.128727	123.608687	50.684553	17.372243	127.180424	30.371029	17.014855	135.847651	42.772822	18.956439	126.22748	40.684396	19.073755	109.239466	35.660641	18.492972
64.064697	16.613188	9.412557	71.896212	21.450227	12.045285	87.845459	16.04708	8.189535	97.360809	30.284836	12.9138	100.342619	34.002997	15.486603	107.486657	45.955237	16.591308	111.649705	26.587232	15.188316	124.006455	50.677802	17.308427	127.592758	30.378429	17.111201	136.040792	42.779267	19.005561	126.650286	40.683972	19.108341	109.463459	35.549322	18.596817
64.235914	16.67246	9.458772	72.089783	21.490369	11.912606	88.163593	16.153956	8.225621	97.795464	30.277222	12.85127	100.676603	34.024246	15.355774	107.822217	45.95575	16.699415	112.068544	26.475144	15.061304	124.336534	50.722778	17.264917	127.96812	30.327395	17.165707	136.457965	42.839468	19.137995	127.025713	40.730462	19.195507	110.04078	35.542709	18.570055
64.333917	16.785063	9.505317	72.169436	21.448	12.034635	88.44357	16.201406	8.209293	98.12954	30.326662	12.790143	101.123883	34.048787	15.331891	108.239873	45.943279	16.5028	112.451571	26.481227	15.119356	124.713236	50.668983	17.269832	128.379671	30.32326	17.167479	137.014689	42.834195	19.11312	127.332748	40.683927	19.184	110.338631	35.482758	18.563007
64.48691	16.844719	9.553769	72.385952	21.551804	11.955269	88.702625	16.22471	8.372215	98.517144	30.31113	12.642616	101.486985	34.132453	15.194978	108.597303	45.890368	16.352402	112.800422	26.517827	15.028327	125.080362	50.66387	17.257689	128.774455	30.337864	17.333805	137.38687	42.887819	19.095102	127.745963	40.771243	19.165453	110.677129	35.476813	18.4946
64.679516	16.963889	9.651018	72.643247	21.711731	11.871017	88.934332	16.362499	8.291741	98.929718	30.247915	12.584322	101.899227	34.122881	15.114986	109.037846	45.839821	16.304615	113.144608	26.516235	15.014278	125.447461	50.65875	17.245606	129.103676	30.280794	17.321671	137.846169	42.895715	19.306317	128.159971	40.809195	19.241997	111.14812	35.522609	18.35942
64.814991	17.03094	9.754858	72.893675	21.645801	11.806944	89.213344	16.454382	8.21353	99.261114	30.39536	12.426707	102.263133	34.076022	14.931711	109.322958	45.783102	16.038264	113.627462	26.40248	14.883413	125.791357	50.601725	17.09802	129.470534	30.28009	17.32862	138.319319	42.949108	19.284736	128.593552	40.767213	19.280696	111.667358	35.524443	18.443929
65.043358	17.14215	9.794648	73.188503	21.700146	11.787061	89.515424	16.594724	8.13015	99.673994	30.323976	12.281361	102.663803	34.098615	14.875836	109.716857	45.730893	15.93373	113.925982	26.457485	14.94404	126.168246	50.598769	17.157844	129.840061	30.229615	17.424923	138.58087	42.941276	19.309446	128.994216	40.800767	19.204085	111.953691	35.322547	18.222246
65.277144	17.259729	9.882082	73.520611	21.746511	11.709985	89.792933	16.662772	7.877734	100.080877	30.313561	12.177134	102.982624	34.064845	14.832213	110.096245	45.632868	15.755829	114.237668	26.478768	14.707263	126.529586	50.54294	17.065735	130.177431	30.177519	17.397179	138.805837	42.893306	19.356858	129.258719	40.670416	19.202167	112.145327	35.315092	18.10705
65.518184	17.318309	9.923809	73.790862	21.72956	11.58014	90.134229	16.757395	7.854164	100.406031	30.35177	12.027459	103.370652	34.051868	14.711856	110.495998	45.671951	15.762559	114.609546	26.52173	14.687767	126.897621	50.439389	17.09188	130.568717	30.121256	17.40422	139.172261	42.777528	19.388081	129.698869	40.6163	19.22556	112.518456	35.311289	18.09012
65.682345	17.435169	10.006613	74.087199	21.79095	11.622746	90.452282	16.856371	7.832279	100.840919	30.352236	12.051846	103.705964	34.120239	14.794777	110.847577	45.620564	15.663714	114.955879	26.417582	14.603836	127.336909	50.385896	17.193213	130.888539	29.967523	17.471297	139.568244	42.715652	19.327769	130.094067	40.538304	19.358537	112.772471	35.256252	18.190749
65.982738	17.558855	10.139981	74.441853	21.802703	11.72667	90.712251	16.905711	7.817052	101.106557	30.520786	12.073448	104.124922	34.077871	14.709191	111.204215	45.622986	15.828679	115.328502	26.456699	14.547502	127.737812	50.279682	17.126755	131.259464	29.956649	17.364576	139.971541	42.666347	19.495581	130.453337	40.496487	19.350348	113.339783	35.313371	18.163764
66.266663	17.689729	10.326657	74.74017	21.920966	11.762321	91.049279	16.96847	7.914358	101.471484	30.469568	12.147393	104.458555	34.111465	14.727863	111.556383	45.616009	15.754325	115.664772	26.367074	14.577024	128.104287	50.27932	17.295281	131.595512	29.960448	17.397943	140.309562	42.668838	19.529947	130.784812	40.496821	19.383341	113.707201	35.253608	18.20525
66.603417	17.812486	10.455955	75.137255	22.044449	11.859606	91.464642	17.131696	8.000358	101.881887	30.517963	12.082657	104.787491	34.239601	14.739761	111.926737	45.655202	15.756522	115.974193	26.469048	14.668345	128.539165	50.272405	17.231122	131.946749	29.905532	17.469249	140.740909	42.557825	19.607074	131.203336	40.501078	19.505662	113.993164	35.312203	18.189812
66.871334	17.988275	10.585643	75.492344	22.105829	11.897147	91.839183	17.185089	8.037582	102.273134	30.569218	12.061411	105.15511	34.26489	14.686885	112.308398	45.69712	15.828817	116.340947	26.473707	14.725789	128.912063	50.268892	17.258001	132.255555	29.971012	17.570793	141.06009	42.614174	19.551749	131.541021	40.59012	19.579907	114.31214	35.30042	18.066133
67.242142	18.06537	10.770239	75.825006	22.012595	12.068477	92.22612	17.199662	8.137408	102.686455	30.684282	12.123142	105.501412	34.333858	14.769914	112.64057	45.819168	15.713214	116.712119	26.520465	14.7431	129.241354	50.432917	17.383941	132.63696	29.980874	17.670647	141.372462	42.780975	19.660338	131.965273	40.586751	19.561635	114.619229	35.437317	18.265699
67.736151	18.253258	10.995166	76.339181	22.134753	12.160502	92.577038	17.196971	8.122004	102.986694	30.790418	12.101586	105.959128	34.394485	14.778354	113.064475	45.815888	15.755008	117.033151	26.665134	14.828	129.644969	50.427728	17.365263	132.916473	29.925935	17.682851	141.784306	42.92225	19.722651	132.307526	40.593899	19.689885	115.015514	35.503497	18.354759
68.161504	18.388867	11.224857	76.912986	22.21592	12.368665	93.075314	17.21838	8.275191	103.31734	30.797542	12.175429	106.23921	34.463994	14.832284	113.463827	45.945903	15.86932	117.39683	26.619962	14.8519	130.011097	50.357768	17.410134	133.331743	29.988433	17.798032	142.203818	42.780216	19.937385	132.625807	40.589848	19.674461	115.494794	35.493178	18.32788
68.706159	18.478284	11.507047	77.347891	22.241653	12.587863	93.595923	17.272014	8.306427	103.765326	30.846088	12.150169	106.612728	34.589835	14.840927	113.863021	45.936177	15.73387	117.764785	26.681843	15.016439	130.407068	50.421543	17.522679	133.695261	29.993799	17.873133	142.558097	42.787373	20.019609	132.956521	40.644323	19.805342	115.738333	35.502033	18.42873
69.270055	18.619463	11.783367	78.077257	22.320239	12.792375	94.186976	17.232983	8.408106	104.131728	30.957224	12.17036	106.968511	34.780234	14.846789	114.189778	46.022725	15.825214	118.127936	26.73164	15.03699	130.82323	50.352874	17.660745	133.991879	30.008527	18.042709	142.931868	42.735458	20.091951	133.382707	40.638492	19.740295	116.14764	35.675959	18.346391
69.883956	18.753208	12.006266	78.747447	22.441873	12.873902	94.766935	17.200073	8.542018	104.449492	31.084089	12.366591	107.315206	34.846314	14.895755	114.565963	46.157305	16.059898	118.435035	26.779835	15.058103	131.245287	50.354157	17.917633	134.315663	29.949804	18.049085	143.389115	42.546518	20.352821	133.820502	40.556584	19.911137	116.4632	35.676368	18.386126
70.685223	18.833235	12.22592	79.376795	22.46625	13.084276	95.365307	17.201073	8.566872	104.82137	31.230316	12.165089	107.725838	34.879831	14.975916	115.065524	46.192999	16.011109	118.790962	26.821046	15.037639	131.707951	50.419146	18.175222	134.711561	29.905124	18.109247	143.934878	42.643117	20.412377	134.240276	40.558201	19.986538	116.825203	35.740584	18.424105
71.473856	19.071835	12.432421	80.206375	22.607654	13.338906	96.04724	17.160331	8.644556	105.292321	31.33468	12.135782	108.096747	34.979147	15.02311	115.512173	46.19369	16.170973	119.178012	26.861123	15.04819	132.058853	50.35472	18.454677	135.009022	29.864627	18.218323	144.048647	42.412295	20.695517	134.540666	40.484389	20.171098	117.124817	35.749132	18.522891
72.161114	19.232442	12.594515	81.113705	22.788889	13.467682	96.680431	17.163084	8.66878	105.650075	31.444633	12.114882	108.488698	35.037539	15.000231	115.838311	46.233586	16.178879	119.499929	26.853728	14.963078	132.446824	50.354925	18.67022	135.418785	29.850188	18.147252	144.544738	42.4054	20.628098	134.895525	40.441744	20.249766	117.48183	35.803242	18.500751
73.123429	19.575278	12.738629	81.863867	22.965965	13.541606	97.512643	17.057058	8.64044	106.098495	31.493023	12.089358	108.838856	35.130192	14.946768	116.303312	46.318029	16.262642	119.825787	26.892271	14.874729	132.90424	50.224644	19.004458	135.732934	29.807047	18.239733	144.874683	42.207763	20.668834	135.304122	40.360004	20.377426	117.931924	35.850779	18.418297
73.911688	19.820585	12.838864	82.747293	23.079204	13.553748	98.196849	17.052425	8.610809	106.469543	31.644246	12.013251	109.241956	35.189407	14.924117	116.661748	46.312296	16.423019	120.167025	26.841184	14.827445	133.311132	50.295796	19.491979	136.130412	29.74058	18.178089	145.12347	42.070029	20.892439	135.708175	40.235436	20.507775	118.31261	35.849083	18.35253
74.984558	20.055964	12.8812	83.812148	23.310224	13.610165	98.973185	16.900491	8.638684	106.858534	31.643869	11.957671	109.587409	35.218432	14.906998	117.080182	46.420348	16.353555	120.579866	26.967095	14.758478	133.671129	50.097113	19.604318	136.425783	29.641454	18.182236	145.778755	42.024722	20.96278	136.041218	40.1026	20.543247	118.66763	35.798782	18.605932
75.940186	20.299417	12.976307	84.855466	23.480938	13.673413	99.889816	16.79262	8.6059	107.298341	31.691192	11.890948	109.935179	35.279179	14.887647	117.47277	46.458671	16.474107	120.840732	27.04548	14.563847	134.036147	50.033514	19.879274	136.761859	29.635497	18.145822	146.049315	41.88578	21.098868	136.291384	40.063203	20.585144	118.991955	35.797429	18.542532
77.083953	20.679482	13.054252	85.883444	23.761762	13.667631	100.745	16.794835	8.621099	107.687688	31.952279	11.76559	110.280859	35.305277	14.86806	117.758203	46.494159	16.485895	121.199891	26.980243	14.435912	134.319948	49.967402	20.021822	137.05984	29.57696	18.132693	146.216727	41.887163	21.306884	136.590671	39.990009	20.769596	119.236543	35.851901	18.524711
78.204421	20.914955	13.090652	87.130865	24.107772	13.768922	101.722489	16.569753	8.488587	108.058044	31.939849	11.66076	110.534018	35.270572	14.794444	118.041785	46.49255	16.530355	121.558181	27.109298	14.338488	134.676206	49.900558	20.104081	137.318235	29.521912	18.124828	146.503842	41.698274	21.358663	136.850262	39.981914	20.707709	119.551162	35.780307	18.40474
79.615046	21.332317	13.102094	88.505959	24.271118	13.756473	102.727207	16.488478	8.292068	108.420237	31.922805	11.471387	110.851413	35.318861	14.605758	118.393887	46.601434	16.462566	121.86625	27.119087	14.023563	134.89341	49.83307	20.157665	137.520379	29.464143	18.079674	146.862143	41.55137	21.481345	137.07431	39.857524	20.800046	119.822896	35.843255	18.394326
81.060407	21.668087	13.223864	89.873515	24.66705	13.788723	103.692818	16.319925	8.160489	108.759255	31.954599	11.192992	111.114787	35.360722	14.349518	118.660521	46.591717	16.276485	122.09957	27.145129	13.826591	135.151722	49.828493	20.100676	137.803241	29.410377	18.108574	146.895956	41.609278	21.573288	137.264117	39.768908	20.751726	120.095561	35.830469	18.170025
82.589317	22.076403	13.179117	91.410166	24.968331	13.880067	104.831054	16.171708	7.857917	109.092077	32.040725	10.950793	111.411574	35.402329	14.091698	118.839116	46.663673	16.201445	122.365078	27.261691	13.620244	135.427537	49.758957	20.050721	137.972736	29.352959	18.083042	147.13055	41.515598	21.618049	137.533979	39.767902	20.78506	120.362657	35.88312	18.098951
84.014771	22.475924	13.033494	92.885353	25.189852	13.676927	105.935846	16.145637	7.707537	109.437479	32.011225	10.630255	111.683398	35.416004	13.87218	119.082564	46.656369	16.07289	122.640837	27.34142	13.492039	135.555082	49.822303	20.035047	138.212344	29.398662	18.027015	147.434946	41.513554	21.647704	137.758639	39.719517	20.729952	120.683798	35.845335	17.696281
85.641994	22.875921	12.908341	94.448328	25.733141	13.630034	107.105543	16.157593	7.496239	109.833953	32.040362	10.347257	111.957737	35.461571	13.650342	119.326436	46.802136	15.909662	122.965748	27.353417	13.178062	135.813532	49.817723	19.978044	138.459884	29.393727	17.922502	147.69003	41.604242	21.625348	137.903753	39.755406	20.627119	120.809371	35.907507	17.639686
87.23172	23.319891	12.758973	95.910026	26.056859	13.420791	108.299713	16.034097	7.293312	110.135103	32.073428	10.111417	112.194781	35.441329	13.400454	119.529601	46.867954	15.651351	123.154682	27.433094	13.019497	136.030177	49.87451	19.724818	138.612917	29.48258	17.80064	147.878046	41.548615	21.486573	138.087783	39.833105	20.431853	121.119863	35.938356	17.292439
88.939472	23.692788	12.422965	97.525777	26.735666	13.23933	109.53771	16.161307	7.23051	110.423199	32.054605	9.882741	112.444815	35.456429	13.182817	119.659826	46.908962	15.789233	123.415716	27.534142	12.697475	136.257799	49.933805	19.561391	138.819178	29.363153	17.713008	147.970649	41.548182	21.482974	138.368953	39.915265	20.412943	121.369557	35.981286	17.110831
90.484331	24.061829	12.001583	99.000199	27.205753	12.978412	110.661424	16.232409	7.120575	110.739216	32.132441	9.55245	112.685694	35.505111	12.99661	119.875759	46.93651	15.544371	123.65297	27.610669	12.533671	136.436754	49.926487	19.372067	139.050852	29.468461	17.624913	148.141773	41.542651	21.428204	138.510009	39.86045	20.22225	121.679321	36.088098	16.9773
92.115146	24.295239	11.632326	100.375211	27.732969	12.771702	111.854697	16.421218	7.20735	111.012562	32.167352	9.318859	112.919248	35.582967	12.742012	120.148305	47.12413	15.485485	123.915426	27.68197	12.33042	136.671531	49.983613	19.115067	139.274088	29.507993	17.526155	148.320062	41.595876	21.425073	138.72399	39.991854	20.104191	121.832683	36.145388	16.964999
93.807506	24.511438	11.120956	101.891324	28.26882	12.664856	112.987263	16.646468	7.240507	111.371655	32.176505	9.434737	113.145615	35.603994	12.626041	120.363466	47.187812	15.154141	124.140143	27.854075	12.174675	136.795568	50.04255	18.916121	139.371879	29.56164	17.429569	148.526301	41.583452	21.276034	138.841975	40.031969	20.100193	122.001711	36.122438	16.733666
95.387159	24.604029	10.624149	103.124184	28.699686	12.472128	114.117704	16.876457	7.277836	111.54441	32.273514	9.246945	113.402207	35.720272	12.469606	120.578839	47.217404	14.961258	124.31344	27.935375	12.071604	137.048255	50.100001	18.655392	139.597162	29.597691	17.290498	148.728379	41.637929	21.358195	139.087411	40.013366	19.895332	122.202946	36.358031	16.55344
96.903923	24.647791	10.319692	104.329107	29.24836	12.435559	115.122317	17.205617	7.367372	111.863349	32.385034	9.349228	113.574995	35.777468	12.388866	120.788281	47.366947	14.881958	124.515188	28.098621	11.831589	137.269677	50.221671	18.344655	139.75153	29.685021	17.148222	148.943186	41.672167	21.161093	139.229808	40.041562	19.745389	122.422129	36.581843	16.258918
98.390335	24.653804	10.064841	105.435618	29.580914	12.305568	116.264983	17.577128	7.492471	112.152056	32.443552	9.377768	113.908835	35.958357	12.244434	121.002368	47.472157	14.624488	124.643977	28.180374	11.730273	137.623051	50.280832	18.222684	139.949507	29.789025	17.149952	149.08502	41.669521	21.110837	139.450625	40.149042	19.591362	122.601952	36.701842	16.243841
99.573703	24.636499	9.878405	106.286603	30.034836	12.293545	117.243364	17.955155	7.675646	112.34597	32.652008	9.88094	114.121925	36.107603	12.101879	121.243986	47.618129	14.450921	124.928622	28.22127	11.711191	137.816895	50.405941	18.056104	140.125683	29.837483	17.062615	149.421805	41.662515	21.090996	139.60165	40.184133	19.536508	122.931905	36.815204	16.165988
100.887824	24.497327	9.827548	107.137498	30.241242	12.40186	118.309213	18.383685	7.83417	112.398871	32.776383	10.045035	114.302382	36.244356	12.081103	121.511336	47.727947	14.340222	125.084173	28.223906	11.668878	138.171316	50.394225	17.713301	140.313906	29.782668	17.039625	149.527411	41.716962	21.049459	139.835058	40.292195	19.469968	123.147085	36.861296	15.987664
101.952159	24.468204	9.968749	107.967337	30.40048	12.516955	119.40567	18.79266	7.891902	112.916105	33.008622	10.182215	114.607979	36.318411	12.104565	121.744034	47.838206	14.240409	125.260722	28.356034	11.605748	138.338011	50.457316	17.644134	140.479971	29.781306	17.086663	149.600267	41.715878	21.087983	140.04081	40.33078	19.461091	123.286772	36.973329	15.914883
102.767428	24.475853	10.070616	108.681364	30.664181	12.68297	120.320045	19.083427	8.103129	113.149018	33.237344	10.286494	114.829159	36.406211	11.963322	121.931877	47.949212	14.138447	125.436013	28.492335	11.586277	138.574798	50.515324	17.386495	140.640453	29.885419	17.053553	149.861325	41.711951	21.074472	140.224884	40.360827	19.355323	123.540494	37.221001	15.895952
103.372682	24.594292	10.397662	109.230263	30.834156	12.91756	120.974616	19.45302	8.145518	113.439383	33.294092	10.32924	115.068628	36.557522	11.981205	122.207442	47.98025	13.992434	125.588234	28.588615	11.656492	138.841942	50.508375	17.292434	140.791877	29.89262	17.09275	149.991998	41.755332	21.018273	140.432308	40.440089	19.390629	123.75472	37.152663	15.884295
104.012671	24.574125	10.618146	109.615237	31.15385	13.148028	121.467764	19.923286	8.691275	113.553623	33.507321	10.19455	115.179734	36.705473	11.848764	122.333517	48.096692	14.056706	125.705043	28.674519	11.559481	139.050548	50.569453	17.179197	140.920338	29.891347	17.104982	150.145312	41.850094	20.961671	140.601569	40.427673	19.238913	123.951109	37.264497	15.809153
104.59028	24.581913	10.677147	109.904094	31.311641	13.233242	122.027193	20.37653	9.057663	113.749695	33.620945	10.290597	115.205245	36.808262	11.841928	122.540507	48.207675	13.951617	125.832273	28.635549	11.644922	139.221256	50.631675	17.063065	141.069351	29.889321	17.07943	150.371301	41.800363	20.955919	140.697477	40.54716	19.234102	124.062208	37.457299	15.906566
105.112052	24.393169	10.836223	110.187027	31.433715	13.483909	122.684898	20.796489	9.558356	113.677389	33.899547	10.22173	115.499817	36.817271	12.029514	122.711225	48.320461	13.909603	125.940985	28.746008	11.810185	139.315268	50.695768	16.9983	141.223917	30.003919	17.167196	150.492322	41.900007	20.94879	140.896645	40.619823	19.174225	124.178861	37.520826	15.952469
105.755745	24.033342	10.998033	110.328246	31.494693	13.634294	123.085669	21.263593	10.110605	113.940138	34.117919	10.248401	115.603276	37.185511	12.165359	122.83564	48.512751	13.909651	126.068289	28.90533	12.099659	139.618059	50.623367	16.90679	141.326539	30.221451	17.246141	150.614258	41.949258	21.027157	141.046181	40.741043	19.301133	124.330422	37.531934	16.060432
106.49984	23.770619	11.272806	110.483123	31.507189	13.788799	123.64764	21.81228	10.605292	114.018946	34.245971	10.524668	115.718027	37.245361	12.318358	123.040061	48.590264	13.995267	126.166779	28.963459	12.268569	139.690334	50.819907	16.873188	141.46444	30.293248	17.404422	150.85188	41.944336	20.928492	141.179213	40.779131	19.337917	124.475866	37.775481	16.142884
107.147184	23.451728	11.392507	110.636286	31.523352	14.10588	124.093874	22.2216	11.027469	114.23109	34.301366	10.567524	115.942174	37.357149	12.465208	123.166768	48.744369	14.029691	126.245274	29.155135	12.518776	139.929871	50.814845	16.726433	141.636256	30.344671	17.447593	150.947848	42.085368	20.867624	141.333731	40.895537	19.371403	124.636991	37.960708	16.231211
107.899372	23.141765	11.626512	110.667025	31.332903	14.17549	124.616941	22.621958	11.398626	114.287307	34.310798	10.628132	115.984726	37.423905	12.703557	123.329	48.938797	14.131629	126.446195	29.258921	12.725607	140.102467	50.944492	16.741159	141.768731	30.412351	17.601518	151.061973	42.291851	20.951367	141.440341	40.974519	19.409909	124.774378	38.215733	16.326433
108.717759	22.788439	11.821169	110.863472	31.217212	14.390941	125.089568	22.972128	11.770056	114.575273	34.440001	10.898224	116.167912	37.588689	12.889057	123.473616	49.05213	14.084323	126.65556	29.493781	13.010748	140.219731	51.076598	16.745666	141.978822	30.48012	17.73481	151.333573	42.322628	20.789581	141.623023	41.135133	19.491236	124.966664	38.355112	16.58638
109.390528	22.668316	11.881315	110.955464	31.102837	14.561292	125.584708	23.296742	12.286676	114.431848	34.557904	11.661807	116.253711	37.718967	13.325429	123.634368	49.131306	14.223789	126.834235	29.626973	13.124739	140.443658	51.136065	16.614824	142.193083	30.707901	17.858915	151.479343	42.485737	21.009458	141.849447	41.320181	19.464366	125.148743	38.542165	16.676586
110.011919	22.388659	11.958744	111.05448	30.91863	14.732628	125.938024	23.650457	12.572763	114.607948	34.611181	12.354899	116.45143	37.892788	13.634001	123.780534	49.245739	14.232845	126.995215	29.819142	13.453405	140.610281	51.269468	16.729236	142.370832	30.824506	18.003628	151.621601	42.678946	21.033363	142.093281	41.475211	19.537156	125.340156	38.661925	16.875773
110.739648	22.176785	11.942296	111.251925	30.672405	15.007304	126.272669	23.835213	12.784301	114.909241	34.618694	12.45932	116.532685	37.911258	13.915347	123.963647	49.401491	14.36553	127.164379	30.051178	13.659191	140.741174	51.398575	16.752851	142.546452	30.999173	18.151061	151.745124	42.68577	21.080457	142.18921	41.524562	19.63298	125.544852	38.917864	17.0731
111.32255	22.05586	11.882011	111.357315	30.544992	15.066038	126.603988	24.240201	13.1179	114.99982	34.561198	12.457328	116.675185	37.931241	14.195965	124.044031	49.518051	14.427376	127.381451	30.195084	13.902828	140.912231	51.530738	16.811536	142.725666	31.063344	18.263682	151.889719	42.786074	21.158542	142.404934	41.635264	19.657908	125.554168	39.002529	17.225614
111.818802	21.994492	11.624855	111.412901	30.221587	15.141764	126.960709	24.353391	13.230991	115.294284	34.517401	12.677329	116.855367	38.135216	14.292874	124.230245	49.673273	14.564318	127.533148	30.42713	14.189649	141.159076	51.660506	16.87618	142.810801	31.175965	18.316401	152.050664	42.785885	21.102013	142.465147	41.717086	19.745759	125.906406	39.181725	17.427537
112.447963	21.881362	11.352605	111.488688	29.940399	14.993916	127.226495	24.473504	13.354476	115.354771	34.503384	12.499697	117.066042	38.259539	14.606417	124.408592	49.867967	14.71414	127.655316	30.6124	14.395271	141.238459	51.659808	16.870414	142.908095	31.288955	18.387421	152.071438	42.786457	21.177667	142.50151	41.837631	19.788663	125.923946	39.343674	17.445155
113.045353	21.826779	10.954001	111.609603	29.667907	14.901557	127.458347	24.749056	13.468226	115.59048	34.542764	13.015014	117.152427	38.458674	14.588029	124.551566	49.866256	14.704422	127.814189	30.705827	14.555307	141.454811	51.791218	17.050303	143.097332	31.399225	18.415758	152.212954	42.740316	21.2926	142.621161	41.84809	19.929587	126.139836	39.359837	17.728194
113.637626	21.693312	10.482878	111.571021	29.376304	14.650977	127.688505	24.752852	13.463914	115.55498	34.541859	12.907031	117.305422	38.409275	14.624951	124.697865	50.020406	14.791557	127.962526	30.843879	14.716951	141.581671	51.787368	16.936691	143.199843	31.406427	18.566479	152.391087	42.789405	21.284367	142.799559	41.925329	20.008175	126.141444	39.699772	17.933413
114.125843	21.551666	9.899242	111.838286	29.151223	14.434748	127.905816	24.846299	13.397011	115.618626	34.59253	12.788967	117.425566	38.452586	14.534278	124.904123	50.096829	14.880916	128.069381	30.984092	14.842691	141.785335	51.919114	17.053642	143.365089	31.477742	18.65181	152.567261	42.787658	21.351997	142.935211	41.960927	19.99818	126.491983	39.761267	17.827701
114.59884	21.514281	9.339702	111.903108	28.644653	14.033671	128.136453	24.890173	13.335616	115.867663	34.5772	12.657444	117.573588	38.456617	14.571071	124.987791	50.133658	14.846989	128.147623	31.02026	14.752529	141.989318	51.917008	17.163395	143.453796	31.425153	18.707151	152.719702	42.695666	21.472959	143.122693	42.001823	20.081121	126.429468	39.855577	17.908395
115.122148	21.435383	8.703859	112.070656	28.267397	13.61841	128.402054	24.916875	13.131377	116.162096	34.673067	12.572573	117.71489	38.586933	14.306992	125.169055	50.171668	14.908625	128.330692	31.135253	14.729603	142.042082	51.985211	17.242623	143.563758	31.475685	18.679084	152.760025	42.697373	21.511588	143.174495	42.007127	20.174067	126.600726	39.77777	17.910155
115.660377	21.403555	8.11019	112.235549	28.031296	13.251336	128.553682	24.896705	12.940025	116.1784	34.761543	12.219672	117.845158	38.604881	13.809308	125.231293	50.169863	14.851569	128.357688	31.142417	14.776061	142.158804	51.917804	17.258083	143.665659	31.421815	18.732482	152.791618	42.847465	21.544966	143.282209	42.043333	20.12165	126.783055	39.935003	17.958771
116.203155	21.349201	7.387015	112.498415	27.634458	12.671216	128.847952	24.859349	12.643334	116.410627	34.667788	11.799551	118.051326	38.653399	13.796726	125.415872	50.207568	14.917709	128.486393	31.135307	14.764055	142.25018	52.115811	17.303951	143.773001	31.580032	18.708697	152.864101	42.69973	21.624524	143.34611	42.080416	20.071737	126.700428	39.85523	17.967123
116.750404	21.327164	6.620013	112.587259	27.362926	11.985267	129.052935	24.824302	12.310927	116.476464	34.709995	12.269948	118.213394	38.661019	13.989363	125.520788	50.206091	14.914612	128.604597	31.172938	14.753682	142.41694	52.046651	17.385294	143.880937	31.627676	18.695576	153.036332	42.700183	21.619457	143.43868	42.004302	20.073631	126.861867	39.859932	17.898266
117.175228	21.278958	5.906364	112.815187	26.965996	11.40974	129.262025	24.742436	12.07017	116.496753	34.707304	12.212546	118.296712	38.585357	13.659813	125.624739	50.243663	14.933464	128.737002	31.117439	14.537121	142.538541	51.978332	17.345496	143.976384	31.634786	18.729422	153.102822	42.699231	21.653856	143.544764	41.968046	20.207072	126.989229	39.782034	18.106592
117.722723	21.409133	5.129665	113.068119	26.558974	10.72909	129.441934	24.761877	11.737424	116.620001	34.534771	11.399	118.307596	38.489379	13.594657	125.621224	50.167066	14.936609	128.86796	31.160573	14.571908	142.548327	52.048653	17.476721	144.050871	31.518302	18.63459	153.015972	42.751396	21.620529	143.734814	42.00676	20.243214	127.06455	39.78167	18.1036
118.070745	21.500776	4.324477	113.254202	26.354887	10.088232	129.691263	24.714885	11.349925	116.767492	34.476476	11.3944	118.449321	38.483429	13.545675	125.709869	50.085521	14.785231	128.897301	31.111867	14.445926	142.539823	52.047818	17.543951	144.085296	31.619348	18.592364	153.105126	42.762292	21.820424	143.768067	42.001851	20.192032	127.119975	39.765622	17.87909
118.547276	21.561201	3.594952	113.462983	26.025326	9.562157	129.910669	24.737226	11.10108	117.026872	34.357376	10.625709	118.496641	38.379871	13.433918	125.814711	50.007073	14.78981	129.061148	31.022446	14.437803	142.656824	52.045925	17.541251	144.198301	31.63616	18.550302	153.202602	42.807905	21.73498	143.805029	41.964977	20.238792	127.172761	39.753762	17.727624
118.971336	21.625872	2.870385	113.670794	25.833281	9.029878	130.153197	24.602751	10.821775	117.254948	34.354983	10.615266	118.587234	38.270595	13.353219	125.856019	50.00655	14.78766	129.22778	30.996138	14.165205	142.667559	52.04806	17.647272	144.284072	31.592818	18.554634	153.404395	42.712303	21.887276	143.746541	41.96843	20.200833	127.117927	39.677056	17.738408
119.22247	21.757022	2.356669	113.921374	25.572187	8.452086	130.370942	24.563088	10.484394	117.405106	34.287612	10.494131	118.718706	38.305655	13.177574	125.985433	50.003432	14.734151	129.291234	30.982321	13.989088	142.677511	52.046191	17.536783	144.366625	31.584195	18.484101	153.395877	42.70478	21.764652	143.911269	41.960921	20.142123	127.153696	39.667527	17.52175
119.670677	21.691588	1.843305	114.143463	25.592436	8.010642	130.568828	24.526013	10.191645	117.180289	34.292787	10.399143	118.769801	38.150829	13.106761	126.010519	49.845677	14.591181	129.365878	30.972071	13.895991	142.688241	52.048334	17.642818	144.538504	31.581762	18.446556	153.461632	42.756205	21.763229	143.949731	41.964299	20.233153	127.535445	39.498706	17.509853
119.702295	21.758802	1.426323	114.27149	25.487242	7.688036	130.649042	24.556017	9.955526	117.429449	34.209087	10.097057	118.800375	38.138782	12.941573	126.094203	49.805502	14.564873	129.49932	30.959301	13.758351	142.734586	52.047965	17.578697	144.54205	31.631288	18.475181	153.507893	42.845932	21.63303	143.929708	41.971145	20.286245	127.534577	39.569137	17.494164
119.604346	21.775483	1.188914	114.329842	25.604481	7.563036	130.732636	24.471643	9.676166	117.543172	34.202022	10.086239	119.01563	38.1233	12.766481	126.162176	49.802055	14.460538	129.578917	30.878315	13.722619	142.798072	52.046078	17.522069	144.637499	31.575694	18.378438	153.668401	42.749288	21.634301	143.986954	41.959664	20.049888	127.59031	39.575432	17.499001
119.602235	21.840981	1.429807	114.447448	25.833174	7.759413	130.791308	24.431316	9.773064	117.640805	34.190131	9.963481	119.082877	38.068515	12.725401	126.240467	49.840516	14.47368	129.670215	30.908821	13.665591	142.873696	52.043617	17.528259	144.701812	31.672743	18.373694	153.648751	42.748077	21.671187	144.050799	41.951955	19.994282	127.630427	39.4917	17.499003
119.630903	21.885841	1.468591	114.440589	25.910296	7.811331	130.804865	24.421601	9.721303	117.851212	34.181499	9.89376	119.14124	38.017062	12.687919	126.289305	49.797112	14.294324	129.698094	30.863789	13.583675	142.927588	52.109034	17.563954	144.779123	31.617156	18.306414	153.654618	42.796625	21.668037	144.068254	41.992039	19.993678	127.696259	39.721413	17.498089
119.645497	21.934006	1.547356	114.531009	26.042128	7.84313	130.812979	24.319196	9.73161	117.835204	34.239175	9.946708	119.190415	38.064928	12.641953	126.420191	49.794834	14.297066	129.708491	30.824542	13.588095	142.999691	52.108034	17.440067	144.817437	31.618227	18.364025	153.792178	42.792282	21.544615	144.213004	41.991375	19.988061	127.739002	39.486014	17.352468
119.673014	21.927601	1.503987	114.543007	25.915095	7.908571	130.866814	24.266842	9.774942	117.885429	34.198454	10.070585	119.2825	38.115378	12.635051	126.44136	49.7935	14.241932	129.901541	30.852047	13.484512	143.050005	52.171662	17.487853	144.867096	31.710176	18.324965	153.887263	42.891208	21.575667	144.254138	41.992622	20.032317	127.739002	39.486014	17.352468
119.620288	21.982583	1.627985	114.610033	26.060834	8.002033	130.886811	24.264253	9.730392	117.848883	34.196371	10.015945	119.309976	38.111102	12.591808	126.528491	49.789961	14.134108	129.954804	30.806551	13.480802	143.139285	52.169164	17.371528	144.863607	31.715269	18.388732	153.974558	42.930211	21.51983	144.291762	42.070687	19.984366	127.802146	39.572573	17.351955
119.659563	21.93069	1.507393	114.628259	25.995634	8.008586	130.955799	24.197179	9.675649	117.890869	34.180613	9.837517	119.361751	38.110311	12.627263	126.500522	49.792023	14.180049	129.934961	30.767574	13.526342	143.129188	52.170985	17.482021	144.938249	31.71635	18.387443	153.959336	42.887107	21.530262	144.325053	42.065788	19.933158	127.903981	39.487094	17.484572
119.633216	21.928032	1.505837	114.702161	26.064249	8.050096	130.898169	24.151962	9.648062	117.794936	34.193954	9.9077	119.423245	38.111956	12.626698	126.584477	49.791857	14.232078	129.988299	30.733605	13.534856	143.172923	52.23818	17.628151	145.018195	31.764409	18.382896	154.014544	42.880208	21.481848	144.404604	42.070351	20.068445	127.924441	39.410049	17.492455
119.621181	21.977943	1.587238	114.731001	26.133684	8.045585	130.936557	24.047103	9.654764	118.042887	34.177039	9.828667	119.423245	38.111956	12.626698	126.584477	49.791857	14.232078	129.988299	30.733605	13.534856	143.209226	52.239647	17.674379	145.019947	31.761869	18.351012	154.014564	42.892284	21.724159	144.343432	42.075957	20.077326	127.931846	39.490263	17.487024
119.621181	21.977943	1.587238	114.699314	26.080827	8.210139	131.030665	24.029773	9.551223	118.038383	34.122017	9.832998	119.405706	38.110286	12.62568	126.60127	49.793034	14.280445	129.97005	30.690861	13.536553	143.198659	52.237564	17.568465	145.06	31.760353	18.376731	154.010838	42.89466	21.65167	144.371309	42.075255	20.119656	127.903981	39.487094	17.484572
119.647807	21.976184	1.584611	114.722829	26.082952	8.211157	131.028772	23.967437	9.462892	118.057534	34.123811	9.834024	119.436596	38.063129	12.631471	126.648053	49.673699	14.160313	129.984367	30.692616	13.537922	143.162819	52.239973	17.738513	144.997291	31.766433	18.385978	154.114741	42.884788	21.522226	144.408821	42.108495	20.065936	128.008025	39.419541	17.499907
119.595405	21.966426	1.57739	114.746343	26.085075	8.212185	131.07907	23.962352	9.414743	118.045791	34.022756	9.959183	119.460879	38.066629	12.710152	126.68163	49.67612	14.257128	130.014556	30.686579	13.490706	143.32573	52.172341	17.68986	145.048457	31.720522	18.417403	154.111928	42.886334	21.562108	144.437291	41.995309	20.117712	127.944898	39.333008	17.500354
119.598607	22.003963	1.573902	114.819937	26.036549	8.376644	131.095839	23.942596	9.270401	118.164377	34.076561	9.949643	119.460879	38.066629	12.710152	126.662665	49.639159	14.346524	130.065512	30.602059	13.452379	143.320245	52.107873	17.763253	145.010159	31.719479	18.35981	154.106035	42.837772	21.56527	144.447824	41.999359	20.166403	127.972758	39.336173	17.502839
119.598607	22.003963	1.573902	114.919269	26.096155	8.312513	131.156108	23.870268	9.128544	118.141115	34.025751	9.958652	119.456691	38.01615	12.713893	126.719667	49.601967	14.422444	130.061574	30.561063	13.455452	143.314758	52.04344	17.836667	145.015195	31.631171	18.458889	154.105218	42.694898	21.577773	144.452632	41.925046	20.173341	128.048099	39.335825	17.499866
119.598607	22.003963	1.573902	114.937793	26.148126	8.196091	131.128842	23.822508	9.097443	118.11884	33.964467	9.903689	119.465847	37.916871	12.722403	126.703894	49.484498	14.359715	130.061574	30.561063	13.455452	143.314758	52.04344	17.836667	145.058692	31.569924	18.32849	154.176989	42.651324	21.698022	144.50535	41.843178	20.169456	128.033275	39.175432	17.51073
119.545355	22.007506	1.579134	114.903625	26.011446	8.206084	131.170691	23.747757	8.953832	118.136216	33.964777	9.957253	119.492257	37.915178	12.719797	126.660311	49.486322	14.41364	130.0537	30.479077	13.461597	143.356767	51.910543	17.821104	144.989866	31.477456	18.338749	154.096609	42.504417	21.745564	144.48367	41.764992	20.172536	128.015754	39.019417	17.594517