-4.392238	17.075397	18.586968	3.546059	20.974767	20.56828	16.599713	11.938237	14.896861	19.02167	28.306901	18.177934	22.388528	32.352099	21.101074	30.926742	41.107183	21.936256	32.328822	23.442066	19.907646	48.617469	42.719974	21.995379	49.941536	26.013914	21.713316	59.356867	34.449842	22.96059	49.649741	34.547309	23.770676	31.794796	32.241637	23.983594
-2.128319	17.588919	18.46911	5.605099	21.566771	20.692001	18.303993	12.02184	14.984695	19.718631	28.512014	18.006518	23.040826	32.471916	21.029049	31.571712	41.333329	21.705474	32.756569	23.691103	19.715758	49.214416	42.787858	21.688968	50.541676	26.19024	21.530888	59.828099	34.550637	22.723579	50.195359	34.631362	23.672044	32.353826	32.544136	23.78731
0.118984	18.107162	18.397788	7.619503	22.367403	20.750345	19.932336	12.193612	15.202315	20.451928	28.626441	17.997029	23.704158	32.666024	21.015112	32.196657	41.604547	21.583515	33.35565	23.83013	19.758929	49.873615	42.954544	21.55636	51.036564	26.045888	21.446872	60.291924	34.301921	22.723733	50.742317	34.81093	23.570826	32.960052	32.725787	23.775324
2.377938	18.617718	18.291754	9.600876	23.08722	20.754297	21.49475	12.433004	15.409422	21.087234	28.794835	17.973019	24.313306	32.728794	21.007593	32.849126	41.755307	21.487544	34.017584	23.900015	19.803152	50.660011	43.032687	21.448629	51.77347	26.241783	21.437654	61.091126	34.400127	22.480611	51.320427	34.879741	23.291661	33.616862	32.895078	23.598389
4.485746	18.988122	18.136589	11.565287	23.717457	20.682801	23.215067	12.674016	15.588879	21.943326	28.859831	18.045402	24.856989	33.048803	20.892656	33.469356	41.980092	21.168195	34.463663	24.097768	19.737521	51.209663	43.1899	21.114584	52.294826	26.295175	21.343749	61.560441	34.384449	22.322701	51.957968	34.963453	23.191646	34.295789	33.170243	23.585717
6.560551	19.142891	17.877384	13.266054	24.211711	20.636212	24.785701	12.925217	15.855825	22.678018	29.076243	18.42078	25.489023	33.311769	20.922716	34.140434	42.135691	21.155327	35.041673	24.320533	19.898717	51.883512	43.266137	20.939536	52.709686	26.498324	21.408568	62.272358	34.497275	22.240846	52.76601	34.960768	23.193074	34.823713	33.345596	23.554977
8.573836	19.239635	17.716948	14.809588	24.85782	20.637927	26.431009	13.442445	16.006139	23.331341	29.235559	18.318763	26.132064	33.512281	20.964903	34.733084	42.364398	20.924749	35.593469	24.538594	20.007777	52.555228	43.436741	20.875396	53.317838	26.554494	21.325207	62.786115	34.480694	22.077964	53.348971	35.228168	22.996263	35.484517	33.522323	23.463088
10.475075	19.13837	17.569528	16.077558	25.143868	20.699539	28.00241	13.974757	16.224152	24.165398	29.36104	18.394075	26.730249	33.703728	20.943275	35.450277	42.6011	20.955948	36.170213	24.68602	20.114068	53.231345	43.600143	20.676743	53.937063	26.736758	21.213478	63.200877	34.579955	21.825174	53.837906	35.216464	22.896631	36.091764	33.797181	23.448365
12.182233	18.849752	17.497486	17.364093	25.36216	20.735803	29.571783	14.366992	16.487232	24.846829	29.633268	18.818588	27.406042	33.971705	20.987148	36.084557	42.835113	20.806284	36.707264	24.893975	20.156921	53.924341	43.493983	20.340422	54.548163	26.877688	21.29774	63.715249	34.563692	21.662981	54.736785	35.287852	22.630047	36.8259	34.020945	23.356798
13.945472	18.553357	17.36996	18.290128	25.344538	20.657602	31.101348	14.895605	16.732678	25.452407	29.891429	19.096812	28.048869	34.238195	21.02716	36.805756	43.066839	20.660893	37.25121	25.059355	20.432634	54.521185	43.75223	20.255586	55.175012	27.005698	21.283446	64.33018	34.683032	21.65279	55.402244	35.572017	22.620365	37.340343	34.391116	23.410778
15.520996	17.979918	17.19379	19.210753	25.275644	20.786863	32.549932	15.434428	17.036341	26.174586	30.027549	19.312663	28.612889	34.560907	20.99769	37.464363	43.383061	20.649334	37.786993	25.192323	20.420499	55.234855	43.918492	20.126604	55.776433	27.059106	21.18941	65.089669	34.660874	21.424441	56.064136	35.657711	22.527995	38.019353	34.52038	23.316293
17.132532	17.599801	16.91847	19.994154	25.114569	20.722165	33.846484	16.023376	17.193623	26.742395	30.371069	19.225729	29.295467	34.840061	21.193006	38.109166	43.580404	20.56309	38.342326	25.422509	20.645287	55.803488	44.003571	20.087672	56.141463	27.122583	21.180669	65.55369	34.779635	21.402597	56.6473	35.748143	22.512085	38.655877	34.812854	23.485432
18.585636	17.198205	16.559001	20.717178	24.871878	20.568715	35.062739	16.55108	17.410927	27.048849	30.53765	19.253321	29.819071	34.97604	21.282532	38.715902	43.731484	20.472409	38.925278	25.595021	20.983048	56.450819	44.081417	19.982779	56.857497	27.337324	21.344266	66.07681	34.783338	21.480139	57.216004	35.8625	22.674114	39.267242	34.954967	23.560664
19.972345	16.847836	15.94201	21.35836	24.560571	20.427651	36.098404	16.762002	17.441534	27.613958	30.640926	19.159453	30.526017	35.18651	21.47486	39.332791	43.897702	20.621785	39.513821	25.806633	21.038465	57.051812	44.077429	19.971169	57.350241	27.417064	21.499688	66.785936	34.785386	21.552686	57.820019	35.858686	22.668957	39.897496	35.10253	23.718707
21.191904	16.677398	15.332936	21.997173	24.24373	20.239388	36.945951	17.253854	17.411339	28.267844	30.769419	19.243898	31.061268	35.329284	21.624283	39.933628	44.01681	20.673223	40.118018	25.964138	21.256349	57.678912	44.137858	20.053929	57.880041	27.424752	21.58731	67.298367	34.910577	21.6094	58.346812	35.982895	22.660072	40.38208	35.342136	23.870778
22.461485	16.557279	14.543634	22.611712	24.036485	19.788717	37.799627	17.399692	17.446146	29.010064	30.830459	19.252205	31.583065	35.461273	21.663601	40.471384	44.138756	20.718767	40.687997	26.066027	21.552042	58.278219	44.257897	20.168863	58.369262	27.426444	21.604779	68.059918	35.035528	21.679905	58.917404	35.991461	22.824952	41.124682	35.446006	24.040762
23.688118	16.606076	13.800853	23.155676	23.702324	19.458047	38.555598	17.491122	17.116793	29.561658	30.831545	19.314396	32.105512	35.527175	21.705093	41.079659	44.263409	20.847583	41.374346	26.201926	21.590772	58.920598	44.31619	20.256208	58.949689	27.573809	21.767049	68.668169	34.791804	21.761465	59.498956	36.001593	22.998664	41.642258	35.436174	23.949444
24.90555	16.648549	13.032788	23.714952	23.488997	18.926737	39.290044	17.602973	16.923151	30.016062	30.938659	19.229745	32.687758	35.665787	21.844144	41.671986	44.395446	21.235903	41.952378	26.354446	21.756084	59.442568	44.44014	20.438985	59.791283	27.686407	21.640718	69.094413	35.17008	21.890141	60.140112	36.129333	23.06401	42.22445	35.500363	24.206356
25.968798	16.680185	12.171612	24.340769	23.210467	18.453017	39.996148	17.770225	16.600864	30.699141	30.861431	19.074287	33.279013	35.671611	21.945506	42.279679	44.475565	21.259202	42.564081	26.420869	21.753099	60.049033	44.564479	20.692768	60.316408	27.833558	21.800759	69.665163	35.295625	21.959584	60.66579	36.202954	23.233343	42.771056	35.714176	24.624155
26.976929	17.139746	11.41075	25.076335	23.076273	18.005113	40.810537	17.787162	16.235445	31.264065	31.005127	19.368209	33.860311	35.674422	22.038222	42.830771	44.609209	21.549236	43.200503	26.553712	21.743358	60.671177	44.681489	20.736925	60.945543	28.018928	21.699806	70.236038	35.538091	21.944653	61.191311	36.276495	23.402744	43.418107	35.844989	24.5356
28.11105	17.183473	10.603092	25.767685	22.857329	17.416966	41.523229	17.834848	15.820345	31.913987	31.133665	19.510604	34.509314	35.749138	22.186523	43.442361	44.7667	21.624986	43.801988	26.766201	21.844306	61.225064	44.80694	20.988013	61.594262	28.031852	21.85833	70.745132	35.417865	22.015055	61.888977	36.400685	23.402083	44.048043	36.03822	24.693722
29.001432	17.406773	9.923791	26.485426	22.742074	16.996007	42.268051	17.952629	15.316223	32.622995	31.067917	19.497695	35.124871	35.822703	22.331504	43.964259	44.806096	21.63001	44.46011	26.748741	21.718348	61.894029	45.043593	21.089121	62.261184	28.162009	21.858001	71.36616	35.65419	21.925656	62.51017	36.663014	23.556044	44.668493	36.10662	24.422666
29.895986	17.548128	9.210168	27.112154	22.565951	16.506746	42.968127	18.074168	14.820131	33.148779	30.999125	19.419596	35.770735	35.823907	22.380345	44.590362	44.849878	21.72157	45.095483	26.807182	21.65264	62.477435	45.218531	21.167879	62.914764	28.355834	21.839919	72.076648	35.714916	21.915197	63.1397	36.792435	23.633182	45.115904	36.171054	24.746767
30.572319	17.764527	8.440108	27.780807	22.412367	15.98099	43.688071	17.979269	14.152824	33.937347	31.127521	19.562767	36.379856	35.882509	22.322259	45.209822	45.033822	21.966885	45.73229	27.070115	21.580553	63.099404	45.278096	21.250212	63.606064	28.476191	21.750826	72.631449	35.96929	22.053907	63.686707	36.782022	23.537209	45.781309	36.214617	24.743749
31.039049	17.836764	7.819168	28.354277	22.424756	15.42659	44.355318	18.092666	13.603635	34.541018	31.214666	19.312695	37.015408	36.012748	22.358831	45.777434	45.139884	22.007503	46.391995	27.189159	21.450226	63.67125	45.515827	21.424866	64.314159	28.586225	21.565833	73.282914	36.035532	21.895038	64.475804	36.910527	23.614302	46.542774	36.261106	24.752301
31.229621	18.08398	7.246795	28.902561	22.457274	15.021257	44.797926	18.121183	12.914418	35.18233	31.199472	19.163822	37.670489	35.998351	22.242144	46.351034	45.242939	21.964191	47.050533	27.233903	21.263862	64.339979	45.686172	21.362158	64.889574	28.780879	21.548185	74.142135	36.380665	22.184787	64.969501	37.027614	23.512753	47.039318	36.48017	24.644453
31.153636	18.347811	6.934853	29.217992	22.677426	14.703981	44.967615	18.052594	12.424706	35.719684	31.293636	18.987453	38.278593	36.053281	22.133119	47.007575	45.343802	21.923825	47.712116	27.489783	21.129174	65.017217	45.803651	21.475331	65.387199	29.05986	21.700468	74.720771	36.278274	21.950311	65.737775	37.220044	23.590543	47.682233	36.56708	24.629882
31.109377	18.477622	6.710946	29.599184	22.920592	14.508954	45.215881	18.192686	12.051749	36.37978	31.387747	18.755898	38.886749	36.240218	22.019963	47.576376	45.484842	21.894427	48.296381	27.79462	20.812134	65.599314	45.976572	21.483344	66.158371	29.188238	21.695798	75.254704	36.445375	22.012879	66.285266	37.209809	23.494588	48.418476	36.644173	24.45344
31.086045	18.521794	6.615732	29.809574	23.110595	14.291862	45.266011	17.830855	11.764984	36.996754	31.549211	18.61094	39.49797	36.351712	21.7987	48.317495	45.689132	21.828415	48.911265	27.997496	20.803851	66.263179	46.030338	21.429536	66.73098	29.241762	21.596787	76.100607	36.613653	22.158813	66.896668	37.46045	23.482416	48.858437	36.856697	24.255074
31.114591	18.405474	6.60597	30.041072	23.240632	14.248265	45.494566	17.750297	11.669736	37.506208	31.713551	18.524551	40.175219	36.605443	21.69394	48.894261	45.784711	21.623442	49.474327	28.191706	20.727849	66.886987	46.20594	21.503294	67.395917	29.502981	21.583887	76.748895	36.69646	22.227538	67.468535	37.520038	23.471094	49.525885	37.125841	24.158627
31.043872	18.62876	6.569935	30.338996	23.375652	14.285101	45.750977	17.664518	11.53309	38.166474	31.821527	18.448219	40.683894	36.783725	21.453719	49.515279	45.98693	21.386672	50.09061	28.338074	20.838112	67.476678	46.374862	21.446966	68.00184	29.631666	21.572911	77.539159	36.855495	22.213538	67.918192	37.714267	23.549448	50.045081	37.410094	24.307559
31.178248	18.408215	6.612391	30.653432	23.425455	14.332603	45.863684	17.655507	11.454351	38.698393	32.106602	18.365912	41.302924	37.036477	21.343387	50.106046	46.190727	21.147976	50.529283	28.658586	20.64374	68.219381	46.605145	21.410793	68.44683	29.703526	21.650478	78.141698	36.927733	22.128985	68.745701	37.893529	23.451725	50.678452	37.628413	24.130648
31.121494	18.756459	6.674299	30.917443	23.504362	14.273364	46.096427	17.383576	11.374138	39.24853	32.202409	18.153936	41.956862	37.222931	21.199372	50.861575	46.473029	21.196399	51.169129	28.854422	20.572958	68.69987	46.594544	21.199417	69.034019	29.95665	21.551915	78.678941	36.92838	22.202032	69.341913	38.0229	23.52549	51.36433	37.856574	24.119214
31.136067	18.826647	6.775226	31.119417	23.678282	14.26145	46.245559	17.431896	11.272762	39.954505	32.435231	18.14288	42.63696	37.414261	21.14141	51.338841	46.563167	20.741166	51.850679	29.08007	20.796525	69.400341	46.766769	21.205343	69.71729	30.109968	21.798123	79.41384	37.017356	22.342366	69.951334	38.139959	23.427876	51.974895	38.026419	23.933883
31.235856	18.983853	6.716115	31.525974	23.766318	14.259215	46.409242	17.293026	11.198174	40.551764	32.484736	18.068531	43.31516	37.533161	20.99459	51.985704	46.811192	20.771375	52.3256	29.133601	20.671495	70.101067	46.875784	21.051743	70.403389	30.32097	21.956652	80.108452	37.186296	22.487898	70.562161	38.32681	23.417089	52.627315	38.250138	23.840318
31.302607	18.99875	6.819061	31.824764	23.817395	14.310131	46.59189	17.098136	11.20408	41.212455	32.589113	17.979953	44.102249	37.656802	20.934714	52.63852	46.907586	20.565231	53.148474	29.331353	20.633	70.691395	47.110483	21.157135	71.191186	30.456514	22.028793	80.81509	37.254125	22.341365	71.351508	38.460596	23.582767	53.161316	38.388738	23.904491
31.398356	18.842819	6.91503	32.137634	23.901632	14.298114	46.887563	16.958389	11.128101	41.982531	32.583918	17.922525	44.782685	37.715608	20.880619	53.447031	47.044675	20.540341	53.810507	29.411667	20.781947	71.485915	47.097867	20.900262	71.928042	30.534085	22.192628	81.608175	37.508162	22.53003	72.168114	38.570356	23.391897	53.900116	38.611662	23.897261
31.534554	19.019661	7.003952	32.500388	24.000427	14.390885	47.06396	16.813816	11.037909	42.714226	32.760462	17.908263	45.541117	37.775478	20.86587	54.216516	47.039444	20.436179	54.656796	29.607842	20.719849	72.303992	47.216283	21.061384	72.665782	30.603162	22.270311	82.42836	37.584393	22.518399	72.851496	38.571211	23.474236	54.570452	38.555873	23.970381
31.5891	19.03147	7.099502	32.956055	24.049486	14.437606	47.355167	16.619556	11.04625	43.427824	32.654065	17.962303	46.419824	37.843602	20.9515	54.929986	47.175829	20.327285	55.481761	29.542871	20.81113	72.990619	47.329477	21.045494	73.602774	30.642372	22.34441	83.257222	37.581891	22.577897	73.719267	38.709916	23.728198	55.264135	38.769345	23.946815
31.74671	19.042378	7.193131	33.272389	24.100467	14.522524	47.613441	16.61006	10.994127	44.296979	32.619825	18.16432	47.177304	37.770849	20.940962	55.809476	47.206275	20.328674	56.385754	29.621828	20.959648	73.882239	47.322028	20.967012	74.400488	30.762844	22.416241	84.176159	37.75909	22.833704	74.64695	38.760288	23.629813	56.103797	38.764531	23.942015
31.844715	19.113236	7.296357	33.649986	24.144613	14.556475	47.960793	16.410949	10.962886	45.068818	32.671156	18.014123	48.107737	37.768708	20.981083	56.667936	47.134258	20.438326	57.252053	29.542964	20.902116	74.636582	47.38115	21.099768	75.192343	30.773915	22.577579	84.984501	37.681146	22.96228	75.509984	38.695825	23.710868	56.980778	38.648103	23.934558
31.990456	19.236481	7.425154	34.057444	24.14448	14.557788	48.321627	16.154447	11.006665	45.838962	32.544923	18.214275	48.918926	37.698453	21.014389	57.523968	47.05827	20.468761	58.141484	29.394791	20.843283	75.444888	47.443104	21.351932	76.169637	30.790868	22.826508	85.844055	37.765461	23.086257	76.376129	38.764457	23.877325	58.026589	38.532573	23.936332
32.022875	19.183147	7.431242	34.51478	24.15484	14.653831	48.613472	16.147507	10.962327	46.79222	32.403711	18.271384	49.733102	37.490961	20.966804	58.30333	47.024436	20.595115	59.158357	29.330409	20.940594	76.409755	47.442395	21.448864	77.061295	30.784951	22.813901	86.778417	37.84452	23.14125	77.261317	38.700125	23.956722	58.980512	38.476633	24.014737
32.141093	19.197539	7.533237	34.860193	24.104691	14.641082	48.874491	15.940232	10.881424	47.522226	32.326161	18.25552	50.686894	37.364631	21.143469	59.225759	46.884784	20.832954	60.05739	29.121454	20.934246	77.223635	47.440878	21.551715	78.011511	30.788616	22.912726	87.45938	37.760733	23.13488	78.090811	38.769852	24.032264	59.77945	38.305368	24.007901
32.277477	19.204054	7.582787	35.267818	24.060543	14.644119	49.261701	15.724075	10.75005	48.424816	32.187749	18.321203	51.577738	37.158772	21.135824	60.000279	46.742349	20.994178	61.008573	28.921729	20.822576	78.0704	47.319517	21.533907	78.836493	30.666599	22.902936	88.397108	37.67909	23.262132	79.132911	38.640665	23.93794	60.786269	38.127579	23.917431
32.397667	19.16997	7.735953	35.500394	24.045262	14.538326	49.465809	15.573687	10.618806	49.144934	32.032163	18.187015	52.503127	36.951322	21.090213	60.827653	46.517306	20.784025	61.978528	28.621228	20.920375	78.8657	47.320414	21.696308	79.72129	30.705202	22.736016	89.410576	37.834416	23.245842	79.890378	38.579482	23.927784	61.677705	37.845387	23.911367
32.377504	19.226283	7.737224	35.954779	24.044842	14.539203	49.785396	15.502683	10.57935	49.984841	31.885303	18.176113	53.422727	36.745824	21.084443	61.743984	46.336362	20.838418	62.910166	28.548856	20.859702	79.733161	47.203278	21.797158	80.717421	30.639541	22.725311	90.257871	37.824873	23.167877	80.85968	38.577868	24.004584	62.495262	37.679963	23.98947
32.483976	19.183071	7.834765	36.319341	24.016971	14.685002	50.155825	15.476674	10.404445	50.799495	31.739703	18.169325	54.289725	36.607155	21.078274	62.65321	46.167135	20.895793	63.771416	28.349534	20.747769	80.486939	47.186262	21.716269	81.600807	30.573708	22.717024	91.177719	37.906085	23.22301	81.579723	38.456142	23.906293	63.276124	37.502088	23.888775
32.518267	19.251169	7.931695	36.613643	23.950965	14.530142	50.470326	15.403752	10.359468	51.613103	31.588208	18.096389	55.105601	36.529123	21.111308	63.411093	45.973878	20.95086	64.823938	28.215784	20.690574	81.270653	47.13333	21.792246	82.506583	30.546821	22.474599	92.194861	37.965809	23.004872	82.492347	38.441412	23.808101	64.362752	37.3877	23.921212
32.675679	19.26208	8.025434	36.910161	23.943287	14.477949	50.676658	15.446965	10.219162	52.39863	31.597726	18.231336	56.036674	36.258376	21.111521	64.309475	45.875824	20.963599	65.68334	27.950128	20.528555	82.127815	47.020794	21.661801	83.333086	30.418035	22.389712	92.952123	37.957481	22.995032	83.292333	38.375539	23.708436	65.201599	37.167109	23.995005
32.743805	19.283014	8.176721	37.146826	23.859952	14.527993	51.044027	15.496361	10.122876	53.177183	31.576647	18.074255	56.881895	36.163459	21.10114	65.126016	45.682204	21.017948	66.64788	27.882819	20.520857	82.936133	47.070985	21.729893	84.382171	30.336435	22.226022	93.688842	37.940674	22.783114	84.161622	38.2405	23.525313	65.974835	37.03451	23.756028
32.833056	19.273002	8.119202	37.414045	23.953441	14.573567	51.279172	15.488138	10.074663	53.849131	31.504317	18.077051	57.693667	35.981359	21.097746	66.054211	45.480259	20.817331	67.530982	27.672054	20.302975	83.672868	47.014015	21.687672	85.273829	30.240628	21.911149	94.549302	38.090241	22.633171	84.865452	38.121784	23.427272	66.881088	36.740703	23.585164
32.879606	19.344005	8.223451	37.679204	23.988672	14.516624	51.567175	15.654533	9.884811	54.757504	31.490821	17.994638	58.630594	35.970614	21.038236	66.833373	45.333758	20.8101	68.498317	27.648833	20.136999	84.513644	46.958926	21.703048	86.330794	30.202626	21.592279	95.388687	38.315935	22.412714	85.653603	38.162866	23.237771	67.793912	36.67918	23.577212
33.039843	19.367171	8.413916	37.914243	23.987793	14.515385	51.940342	15.764209	9.746946	55.575105	31.560563	18.046994	59.368729	35.78342	20.967375	67.776909	45.28661	20.930523	69.329701	27.565581	19.968653	85.346084	46.946125	21.445596	87.304434	30.208714	21.119666	96.449192	38.37894	22.260861	86.492331	38.142767	23.050847	68.51765	36.546561	23.336878
33.111399	19.480065	8.451604	38.214415	24.040334	14.604157	52.286537	15.944428	9.647674	56.406932	31.473999	17.911226	60.232738	35.682535	20.877226	68.574109	45.275094	20.748481	70.301049	27.586483	19.644273	86.008152	47.098465	21.449524	88.147397	30.374968	21.026967	97.247624	38.444347	22.112172	87.586361	38.176647	22.859073	69.617729	36.428413	23.331273
33.315275	19.56181	8.64976	38.510898	24.076619	14.550128	52.63341	16.183375	9.501532	57.111925	31.46819	17.898273	61.128322	35.580911	20.783292	69.199748	45.219955	20.627261	71.203387	27.552545	19.371849	86.809427	47.144766	21.398425	89.151482	30.445571	20.628431	98.031349	38.67574	21.894449	88.529831	38.262407	22.58746	70.535502	36.465134	23.164939
33.36961	19.57358	8.745547	38.886885	24.119141	14.546285	52.979945	16.311368	9.492514	57.971624	31.520215	17.754033	62.015167	35.572034	20.737252	70.105039	45.223428	20.839115	72.117816	27.518254	19.101962	87.640954	47.29255	21.279785	90.076304	30.582558	20.228665	98.88888	38.808463	21.53776	89.231309	38.42437	22.494908	71.461098	36.385225	22.928446
33.526391	19.638863	8.83669	39.107592	24.165466	14.584978	53.408417	16.562711	9.433642	58.787726	31.51425	17.742584	62.855092	35.562439	20.68376	70.842706	45.167742	20.725315	73.011187	27.551295	18.877022	88.361193	47.442853	21.223102	91.007459	30.735183	20.057962	99.580648	38.954033	21.320346	90.02419	38.524456	22.324111	72.417245	36.433327	22.913358
33.624469	19.709151	8.940064	39.419712	24.159949	14.538602	53.772254	16.663872	9.241601	59.512067	31.573248	17.666424	63.639543	35.641736	20.630084	71.566454	45.258218	20.68324	73.920365	27.634179	18.548363	89.112439	47.487597	21.112152	91.720145	30.882844	19.737593	100.568728	39.094664	21.032015	90.809575	38.553684	21.997036	73.137644	36.466601	22.664252
33.803624	19.784881	9.124009	39.669269	24.284362	14.481138	54.176808	16.851603	9.188951	60.439119	31.560904	17.589742	64.535259	35.540301	20.536558	72.407932	45.350678	20.712777	74.767086	27.617313	18.433023	89.833991	47.632572	20.876735	92.718449	30.842604	19.417729	101.329625	39.322245	20.745723	91.710936	38.702609	21.744383	74.072623	36.392936	22.498987
33.906511	19.784004	9.122134	40.077818	24.24527	14.531307	54.496458	17.044232	9.174979	61.188849	31.613237	17.443957	65.372383	35.619501	20.485024	73.119758	45.401078	20.868066	75.719679	27.756442	18.057856	90.638551	47.680775	20.885686	93.64862	31.114506	19.167318	102.055314	39.621534	20.384094	92.586745	38.861278	21.649726	74.980471	36.373175	22.33861
33.979059	19.957083	9.205796	40.232694	24.317553	14.419804	54.841932	17.412743	9.017083	61.963976	31.671107	17.361697	66.210359	35.518673	20.393965	73.972782	45.393089	20.776442	76.448482	27.800261	17.920894	91.432191	47.720038	20.59599	94.347628	31.12591	18.6968	102.75336	39.764385	20.097996	93.204983	38.952482	21.32354	75.709886	36.417483	22.248751
34.098518	19.97729	9.356341	40.45202	24.405691	14.417816	55.213456	17.552025	9.092327	62.731936	31.742081	17.420034	66.937334	35.601701	20.383139	74.667109	45.482805	20.736887	77.28172	27.904431	17.781755	92.104439	47.976597	20.593516	95.251297	31.279053	18.450361	103.709482	40.077989	19.873851	94.125694	39.046278	21.072628	76.59565	36.344411	22.082328
34.204377	20.157489	9.491678	40.764692	24.484959	14.358954	55.561529	17.692176	9.170762	63.353272	31.806586	17.401715	67.635874	35.593434	20.333459	75.436473	45.581131	20.914983	78.010052	27.955015	17.706894	92.790817	48.073151	20.451412	95.962304	31.453045	18.435548	104.212348	40.409008	19.925861	94.685347	39.27908	21.139692	77.257434	36.511694	22.145245
34.357526	20.130606	9.696512	40.984117	24.57309	14.356916	55.890261	18.04571	9.374339	63.969489	31.936026	17.321956	68.286918	35.768397	20.357866	76.06478	45.712184	20.967877	78.637692	28.128219	17.631044	93.407975	48.328448	20.390699	96.46263	31.752933	18.421783	105.184509	40.564033	19.776555	95.532071	39.494678	21.120365	77.899463	36.678736	22.20953
34.479115	20.236615	9.685287	41.094046	24.659609	14.349773	56.129663	18.191417	9.495148	64.562033	32.153566	17.44195	68.906454	35.943612	20.385339	76.66048	45.835531	20.944962	79.140787	28.382763	17.740052	93.994131	48.532945	20.363604	97.107129	31.996892	18.557561	105.529	40.55352	19.636017	96.091984	39.665644	21.110302	78.517879	36.795916	22.354197
34.477958	20.399413	9.677233	41.251421	24.786895	14.332047	56.430011	18.54404	9.697577	65.046067	32.429657	17.425655	69.473771	36.119232	20.411264	77.267154	46.092664	21.133366	79.72436	28.454622	17.851216	94.552864	48.579335	20.258481	97.606736	31.95017	18.70793	106.084622	40.795871	19.685154	96.668284	39.833609	21.175724	79.052265	36.957265	22.343679
34.471859	20.464154	9.734122	41.31302	24.959396	14.282264	56.648975	18.837501	9.947208	65.570809	32.647386	17.546698	69.927977	36.386948	20.479269	77.820069	46.151408	21.079938	80.179359	28.653232	18.026593	95.09004	48.728145	20.088044	98.159516	32.027246	18.929677	106.76322	40.807689	19.88592	97.157369	40.067416	21.244509	79.528392	37.115623	22.252427
34.54521	20.528339	9.823484	41.405506	25.077483	14.172221	56.856268	19.057729	10.147267	65.983145	32.905695	17.532394	70.301669	36.561001	20.466389	78.446864	46.338647	21.088973	80.550915	28.744861	18.327231	95.773041	48.830176	20.124081	98.588129	32.213668	19.070599	107.237673	40.902143	20.150408	97.614743	40.016036	21.398565	80.171173	37.405854	22.552956
34.627449	20.691859	9.81762	41.467214	25.294203	14.120502	57.108927	19.351956	10.403421	66.405642	33.156478	17.578433	70.779432	36.74008	20.537956	78.91809	46.465177	21.142191	80.963215	28.882631	18.504612	96.210763	48.935995	20.287679	98.988231	32.180256	19.375314	107.651913	40.895367	20.077345	98.038963	40.251306	21.545793	80.520937	37.588116	22.773095
34.5632	20.74373	9.808799	41.466653	25.418122	14.058706	57.164871	19.557169	10.480856	66.782525	33.402538	17.56814	71.181621	37.008121	20.604758	79.453935	46.595812	21.340711	81.431759	28.897523	18.685345	96.719478	49.036973	20.269998	99.387621	32.246344	19.519595	108.054204	40.979165	20.073742	98.367747	40.26397	21.703403	80.894123	37.69514	22.766222
34.647596	20.804707	9.856797	41.560594	25.508889	14.062928	57.280321	19.86181	10.822338	67.223766	33.596909	17.687093	71.659582	37.186994	20.676407	79.886958	46.722095	21.39496	81.78056	28.98855	18.987497	97.14036	48.980531	20.174235	99.82659	32.312651	19.59086	108.661284	40.976717	20.197815	98.994914	40.429134	21.766943	81.332803	37.75165	22.837954
34.664976	20.905667	9.798948	41.623272	25.598759	14.064508	57.46791	20.012639	10.989621	67.55186	33.662356	17.748553	72.003935	37.276058	20.706692	80.240631	46.779545	21.273107	82.132426	28.915334	19.23274	97.524137	49.086464	20.339087	100.158741	32.273531	19.820163	109.034017	41.058423	20.192556	99.360104	40.377499	21.921626	81.860313	37.747132	22.831795
34.701069	20.924659	9.947599	41.621635	25.673562	13.956721	57.626871	20.163066	11.15555	67.927445	33.77834	17.670233	72.364231	37.361367	20.703118	80.680856	46.83836	21.22302	82.488818	28.97747	19.352564	97.971578	49.030212	20.26382	100.52599	32.283579	19.968517	109.440362	41.059088	20.255767	99.658803	40.374199	21.841051	82.119646	37.869163	22.978122
34.732279	21.034341	9.94535	41.761762	25.803061	13.910957	57.687051	20.309803	11.284764	68.276352	33.843683	17.73512	72.762211	37.444103	20.653234	81.06048	46.640941	21.045464	82.816496	28.880061	19.475264	98.354197	49.081348	20.279052	101.016872	32.3496	20.111975	109.725514	41.065902	20.390009	100.00439	40.496336	21.99314	82.450912	37.920077	22.974266
34.78613	21.099978	10.038864	41.825819	25.85107	13.953751	57.874588	20.460267	11.452366	68.622347	33.790243	17.86565	73.073582	37.436313	20.56645	81.452521	46.641138	21.11004	83.183253	28.848569	19.720198	98.727175	48.973173	20.2214	101.302349	32.240302	20.191628	110.167276	40.975248	20.253379	100.569838	40.431199	21.98524	82.699929	37.821709	23.12684
34.902867	21.107819	10.092624	41.96726	25.894576	13.951082	58.086479	20.400351	11.498007	68.95688	33.890005	17.585723	73.547246	37.42985	20.521064	81.762076	46.507972	20.966257	83.511893	28.682851	19.722054	99.068639	48.970212	20.159531	101.778606	32.225616	20.105942	110.543878	40.973735	20.314643	100.891423	40.372488	21.983263	83.015073	37.881781	23.043453
34.954633	21.275959	10.132335	42.185175	25.972543	13.853194	58.224232	20.400607	11.500946	69.387979	33.830368	17.657313	73.911192	37.421403	20.435434	82.072092	46.431766	20.634562	83.844804	28.627221	19.71915	99.387811	48.860437	19.992916	102.131065	32.188133	20.336128	111.12911	40.96113	20.299702	101.349991	40.47632	21.894124	83.527541	37.806287	22.961804
35.018892	21.446842	10.179111	42.419829	25.966392	13.803952	58.440817	20.582038	11.402731	69.63554	33.871686	17.417941	74.273789	37.315907	20.230141	82.438465	46.230689	20.383597	84.273137	28.455603	19.657093	99.798909	48.704557	20.061352	102.522342	32.126917	20.333558	111.403911	40.968966	20.370359	101.664012	40.303952	21.895429	83.960524	37.668448	22.881049
35.288008	21.555865	10.176257	42.670449	26.003339	13.749954	58.731408	20.434667	11.274956	70.196891	33.604325	17.239569	74.560961	37.128122	20.10003	82.730922	46.045644	20.574151	84.687806	28.324757	19.470072	100.103762	48.600519	20.165411	102.9121	31.942431	20.331093	111.759758	40.88967	20.438676	101.923095	40.200042	22.055345	84.150875	37.535175	22.882921
35.394699	21.626745	10.317584	42.875534	25.917513	13.798376	59.044063	20.47943	11.131354	70.577617	33.591641	17.118996	74.938018	36.945715	20.06557	83.039199	45.842062	20.250667	85.022687	28.13315	19.224186	100.343623	48.495456	20.158704	103.257763	31.876786	20.253875	112.100847	40.883039	20.366108	102.413374	40.017469	21.972318	84.588682	37.321464	22.729209
35.548761	21.679653	10.31221	43.185278	25.905265	13.698627	59.360865	20.466157	11.038998	70.882109	33.393157	16.998307	75.323981	36.761177	19.992358	83.416462	45.465334	20.416723	85.411128	27.962258	19.162371	100.692895	48.231043	20.072112	103.611149	31.577807	20.257975	112.385963	40.465052	20.435831	102.668282	39.857092	22.133844	84.92239	36.973708	22.501434
35.769795	21.692293	10.412745	43.463366	25.990792	13.688697	59.575253	20.52414	10.990548	71.295547	33.265581	17.001805	75.700188	36.581376	19.99411	83.745621	45.342638	20.56567	85.760476	27.725254	18.978948	101.012997	47.972978	20.197802	103.906184	31.45713	20.257667	112.753776	40.403606	20.778392	103.06526	39.633288	22.215372	85.241168	36.58569	22.584939
35.908414	21.76423	10.557201	43.684019	25.964506	13.693762	59.919734	20.704288	10.886568	71.734061	33.195034	16.941839	76.205793	36.483397	19.920156	84.128078	45.025707	20.617286	86.151172	27.54554	18.856263	101.426309	47.76836	20.404089	104.408411	31.274427	20.255476	113.173498	40.15636	20.783348	103.571479	39.395215	22.134589	85.518589	36.540097	22.813903
36.076832	21.993872	10.648302	43.934857	25.988371	13.684075	60.188872	20.655682	11.023058	72.240309	33.1967	16.993067	76.608635	36.22085	19.995004	84.63345	44.96436	20.721202	86.717841	27.370672	18.793212	101.963433	47.524989	20.481539	104.906236	31.03266	20.255088	113.760062	39.986252	20.779879	103.951512	39.227075	22.213623	86.069427	36.195814	22.661321
36.275138	22.066815	10.829817	44.289878	25.992693	13.728363	60.56454	20.707436	10.930321	72.73269	32.939037	16.938815	77.066802	36.126241	19.956445	85.091827	44.779719	20.909038	87.260578	27.210642	18.85352	102.365563	47.38516	20.509098	105.34344	30.885628	20.176126	114.065847	39.919861	21.026469	104.426602	39.115917	22.290567	86.628036	36.121069	22.578241
36.508394	22.136068	10.934748	44.685941	25.826866	13.736595	60.914063	20.647185	10.978405	73.2379	32.945914	17.049452	77.601073	36.039333	20.025212	85.586567	44.462958	20.959257	87.686396	27.04511	18.853453	102.908869	47.246309	20.586542	106.039179	30.783784	20.247875	114.680451	39.74919	20.965303	104.810158	39.004646	22.367926	86.905803	35.931118	22.656994
36.886017	22.212886	11.127445	45.099649	25.797912	13.864656	61.469119	20.724852	11.099331	73.809752	32.894204	17.227333	78.177985	35.863322	20.097236	86.227119	44.400671	21.059849	88.175441	26.929112	18.788833	103.506591	47.106805	20.664833	106.37894	30.635968	20.399694	115.228049	39.580621	21.019986	105.390955	38.833778	22.293574	87.371825	35.753358	22.888431
37.247988	22.308458	11.470212	45.555594	25.727469	13.994015	61.943501	20.802865	11.220513	74.300477	32.891522	17.217026	78.76451	35.784802	20.272979	86.807038	44.3487	21.38304	88.776394	26.833701	18.970279	104.069106	46.970005	20.794051	106.991198	30.52701	20.395369	115.695072	39.399309	21.201853	105.954619	38.548174	22.370781	88.297751	35.535713	22.806033
37.595917	22.395603	11.757611	46.069489	25.660655	14.162994	62.452307	20.677196	11.271015	74.921237	32.964132	17.38723	79.37619	35.697639	20.340422	87.347948	44.219475	21.380584	89.342555	26.722085	18.966621	104.772612	46.830875	20.866785	107.53553	30.359739	20.317776	116.25608	39.322481	21.253957	106.641275	38.495754	22.520959	88.575291	35.414695	22.882864
38.174494	22.485958	12.055034	46.667176	25.600383	14.38083	63.067836	20.633176	11.458027	75.496424	32.851031	17.563175	79.979932	35.812681	20.511189	88.044671	44.218817	21.439348	89.966331	26.742235	19.205576	105.482619	46.790463	21.147388	108.078304	30.268021	20.539586	116.91982	39.184606	21.43314	107.189846	38.502165	22.672248	89.129624	35.491667	23.029248
38.710636	22.584219	12.440498	47.352094	25.619851	14.587369	63.734052	20.782635	11.637777	76.162322	32.918694	17.671039	80.571471	35.899838	20.683323	88.731153	44.156732	21.539429	90.573041	26.753793	19.3215	106.157075	46.702554	21.348925	108.729988	30.132821	20.769412	117.522294	39.043389	21.552355	107.891642	38.456288	22.902291	90.023329	35.28793	23.1007
39.309187	22.732367	12.780729	47.965968	25.597899	14.794048	64.348493	20.734467	11.791884	76.917238	32.999503	17.960176	81.216401	35.90688	20.819015	89.37257	44.159499	21.67098	91.103601	26.755579	19.376363	106.819654	46.56355	21.424857	109.348677	29.966059	20.761725	118.150452	38.904736	21.674086	108.431659	38.288256	22.979395	90.621564	35.375601	23.401651
39.963099	22.864602	13.012341	48.663831	25.623432	15.047782	65.071136	20.95398	12.016995	77.444786	33.073819	18.127231	81.90985	36.068258	20.951708	90.07744	44.297031	21.797581	91.792371	26.818528	19.489416	107.626343	46.479369	21.787944	109.973988	29.925649	20.909579	118.855742	38.767519	21.965396	109.268227	38.161693	22.891335	91.200862	35.381689	23.549196
40.57228	22.977958	13.540691	49.418797	25.611554	15.343014	65.771941	20.986392	12.12298	78.138694	33.260264	18.170449	82.557984	36.153451	21.085295	90.784876	44.359847	22.029198	92.334794	26.780434	19.669387	108.326232	46.436475	21.959699	110.508512	29.773304	20.984741	119.635803	38.693074	22.018433	109.7629	38.075216	23.286151	91.952889	35.449639	23.615959
41.386914	23.227446	13.83101	50.243855	25.6773	15.593881	66.548968	20.849065	12.281472	78.802849	33.332727	18.338111	83.199285	36.242855	21.292642	91.577043	44.358559	22.084575	93.050236	26.884788	19.657211	109.124364	46.396269	22.237185	111.2114	29.688485	21.210325	120.286848	38.331216	22.083565	110.462805	38.029818	23.515965	92.675874	35.530989	23.914872
42.275351	23.545254	14.261595	51.224381	25.747242	15.88803	67.462763	20.959502	12.584411	79.484183	33.470886	18.564749	83.970895	36.407061	21.459546	92.350519	44.532071	22.297975	93.757334	26.951816	19.771569	109.915498	46.446435	22.452096	111.949695	29.629164	21.270384	120.925393	38.344513	22.375657	111.244013	37.982511	23.665706	93.344551	35.716502	23.824357
43.29783	23.755259	14.697946	52.264565	25.916698	16.347239	68.344362	20.826415	12.778288	80.270089	33.537276	18.671506	84.692094	36.568278	21.591248	93.120383	44.702211	22.438143	94.310966	27.068851	19.884738	110.765686	46.312148	22.684669	112.483794	29.699279	21.421014	121.671932	38.195305	22.427881	111.940954	37.987335	23.814272	94.137006	35.800474	24.123415
44.371298	24.017562	15.131459	53.332548	26.16307	16.762687	69.356185	20.697653	13.008724	80.984448	33.667466	18.841137	85.414293	36.726641	21.686693	93.98038	44.868538	22.503751	94.982857	27.184623	19.996305	111.490808	46.358539	22.796547	113.20026	29.68917	21.407122	122.426408	38.044579	22.533971	112.716046	37.9803	23.803467	94.85864	35.921075	24.086968
45.620245	24.34687	15.704511	54.555884	26.329803	17.218627	70.423403	20.715634	13.194731	81.691627	33.973708	18.819053	86.183076	36.883529	21.781918	94.713085	45.044706	22.788029	95.591553	27.374378	20.29245	112.296815	46.356804	22.8879	113.909465	29.737461	21.397486	123.20673	37.909877	22.657956	113.31635	37.985734	23.879592	95.384103	36.124113	24.214202
46.823414	24.571985	16.323512	55.891584	26.505116	17.761367	71.480788	20.440099	13.468974	82.497794	34.095269	18.865403	86.845621	37.194314	21.800666	95.50425	45.199346	22.564026	96.180065	27.513119	20.094961	113.135478	46.401071	22.942631	114.538365	29.602158	21.626427	123.853566	37.909703	22.655317	114.100417	38.023494	23.788672	96.315376	36.314213	24.265473
48.320414	24.752019	17.007301	57.268186	26.674896	18.261106	72.651787	20.4626	13.690894	83.318935	34.403882	18.903785	87.530045	37.421323	21.748977	96.239354	45.480161	22.686891	96.926278	27.776569	20.076792	113.980928	46.444514	23.000142	115.160667	29.650121	21.61714	124.597189	37.834608	22.651441	115.031535	37.962693	23.864641	96.835684	36.564476	24.11663
49.818146	25.095543	17.734816	58.777713	26.826336	18.813255	73.937714	20.18039	13.927687	83.948766	34.46195	18.893203	88.289474	37.647965	21.696368	97.059502	45.637936	22.534634	97.6601	27.884721	20.125531	114.775055	46.531825	22.973297	115.83643	29.747008	21.602852	125.282156	37.681786	22.643445	115.747919	37.997369	23.746235	97.634396	36.68074	24.033028
51.355806	25.363987	18.302531	60.365581	27.043831	19.402192	75.258431	19.975815	14.15179	84.819058	34.573218	18.819372	89.01004	37.799007	21.719405	97.880082	45.795867	22.382546	98.285911	28.038013	20.080189	115.487743	46.477282	22.830669	116.572589	29.619609	21.440624	125.928583	37.736052	22.3957	116.401186	38.086199	23.631015	98.364081	36.737042	23.954083
53.087656	25.714867	19.012939	62.088071	27.19774	19.916957	76.519615	19.764974	14.344657	85.52873	34.691059	18.806612	89.722321	38.029699	21.703648	98.636652	45.905813	22.420295	98.945587	28.027331	20.01659	116.291896	46.510702	22.570101	117.211803	29.721137	21.362063	126.523555	37.730501	22.386977	117.269759	38.007176	23.402285	99.147345	36.911898	23.798817
54.877788	25.994799	19.508714	63.887226	27.516303	20.468254	77.837436	19.630281	14.530574	86.254562	34.685955	18.79724	90.445785	38.013887	21.549071	99.337776	46.118817	22.226816	99.685453	28.115648	19.892054	116.966412	46.542073	22.263286	117.874867	29.749756	21.195065	127.416874	37.566116	22.198359	118.044985	38.096765	23.287024	99.776284	37.026028	23.58241
56.80378	26.234703	20.065763	65.778924	27.716389	20.935751	79.197136	19.184286	14.64669	87.132119	34.728259	18.604913	91.18761	38.007146	21.539508	100.102042	46.106035	21.994681	100.303793	28.211518	19.772872	117.679214	46.576104	22.004659	118.511017	29.612788	20.954947	128.118167	37.477705	22.06809	118.701053	38.022267	22.966288	100.506935	37.08269	23.503677
58.861362	26.449707	20.427994	67.748087	28.076313	21.401821	80.734373	19.037159	14.742952	87.893158	34.66028	18.597406	91.967154	38.069699	21.381937	100.761442	46.092233	21.68679	101.004255	28.187987	19.597885	118.334	46.604524	21.590644	119.216802	29.54974	20.872706	128.697962	37.305276	21.760727	119.275226	37.965636	22.8605	101.130128	37.207082	23.425936
60.967545	26.56249	20.71407	69.809228	28.364484	21.716677	82.278151	18.897287	14.904651	88.668713	34.713817	18.525692	92.643263	38.057971	21.264379	101.608496	46.074427	21.303071	101.639044	28.281316	19.476983	119.168222	46.35347	21.143909	119.746041	29.492361	20.796196	129.427579	37.003578	21.532292	119.891126	37.997642	22.544315	101.909892	37.247433	23.204306
63.065637	26.668682	20.946757	71.973005	28.474367	21.878291	83.866727	18.518522	14.967635	89.415264	34.626062	18.280042	93.440607	38.120191	21.142286	102.254952	46.002171	20.972432	102.344363	28.276973	19.522547	119.889305	46.246759	20.814396	120.454288	29.518503	20.600838	130.09298	36.919702	21.518332	120.77159	37.92672	22.421718	102.542942	37.108457	23.065654
65.264317	26.703405	20.961772	74.068439	28.741283	21.994798	85.467192	18.381575	15.125583	90.280447	34.613405	18.209449	94.08711	38.190445	21.060397	103.166434	46.046517	20.760602	103.02746	28.220027	19.461373	120.704354	46.27837	20.498868	120.971399	29.314739	20.61028	130.789766	36.752882	21.21883	121.398939	37.807062	22.206046	103.351203	37.215355	22.842881
67.52623	26.783763	20.972468	76.084256	29.068024	22.147654	87.163109	18.303051	15.17543	90.894609	34.536092	18.02515	94.853564	38.170149	20.824612	103.770187	46.038387	20.598653	103.405275	28.133396	19.228913	121.371142	46.08253	20.225356	121.752275	29.286494	20.414039	131.482024	36.515153	21.033998	121.99831	37.638595	21.896835	104.051675	37.210719	22.834554
69.685311	26.669265	20.894995	78.140846	29.293196	22.156726	88.784817	18.161076	15.2985	91.835143	34.454094	17.895735	95.489959	37.997395	20.659397	104.555617	46.142401	20.464729	103.94111	27.983186	19.173854	122.111136	45.935797	19.987975	122.428116	29.153753	20.221803	132.08554	36.350491	20.902837	123.069054	37.509687	21.86334	104.753003	37.180949	22.41497
71.761183	26.54553	20.737135	80.02053	29.551952	21.985092	90.470707	17.932309	15.353799	92.528294	34.561556	17.763184	96.259792	38.144533	20.580533	105.253584	45.959005	20.170222	104.702343	28.014273	19.103176	122.862922	45.756596	19.71944	123.020527	29.031543	20.122302	132.762842	36.042092	20.668867	123.355035	37.36312	21.677789	105.486662	37.228303	22.263717
73.852013	26.313793	20.447656	81.913896	29.805625	21.766452	92.242921	17.918541	15.329196	93.419438	34.412064	17.527968	96.956075	38.055023	20.445989	105.943657	45.893235	19.995023	105.312105	27.908476	19.043475	123.504259	45.710553	19.578394	123.55979	28.915424	19.949063	133.386983	35.959251	20.547281	123.997462	37.302131	21.567845	106.395766	37.20682	22.110124
75.993429	25.933335	20.083511	83.680653	30.007661	21.50645	94.033322	17.925159	15.443328	94.24951	34.295559	17.732256	97.669511	38.114669	20.271897	106.725366	45.95436	19.946442	105.997276	27.954221	19.085516	124.310715	45.655066	19.356448	124.261787	28.793073	19.92959	134.125008	35.79035	20.356441	124.762116	37.188117	21.552335	107.028106	37.132779	22.035622
77.892754	25.591776	19.645767	85.328172	30.113712	21.203668	95.812522	18.058808	15.517564	94.655408	34.370341	17.72991	98.403636	38.101682	20.165131	107.35354	45.996876	19.828915	106.55993	27.837794	18.91681	125.128077	45.560768	19.155101	124.805704	28.77953	19.831409	134.819299	35.703571	20.175498	125.544043	37.167539	21.42887	107.819909	37.182995	22.016092
79.791183	25.213024	18.995214	86.820395	30.220936	20.903993	97.545918	18.132307	15.597421	95.284521	34.417055	17.562051	99.058108	38.101093	20.159075	108.144538	45.985235	19.616421	107.126059	27.989559	19.014675	125.793479	45.384507	18.909573	125.60673	28.71978	19.820837	135.53913	35.469866	20.106433	126.324913	37.039389	21.203957	108.454893	37.114745	21.946399
81.593637	24.716579	18.409135	88.152045	30.233621	20.609931	99.219582	18.345151	15.766932	96.025184	34.486339	17.709773	99.747157	38.168029	20.082232	108.84396	45.982265	19.597293	107.869805	27.838183	19.008007	126.430451	45.38049	18.897141	126.173347	28.586623	19.548841	136.207435	35.379671	19.921626	126.939867	36.930104	21.001895	109.184286	37.177196	21.937559
83.385078	24.036739	17.66974	89.162501	30.198845	20.276032	100.835243	18.619306	15.85987	96.816488	34.427323	17.808233	100.423934	38.164608	20.04362	109.452976	46.077221	19.575589	108.433917	27.887393	19.00303	127.156454	45.324854	18.677338	126.846301	28.492201	19.640669	136.716743	35.177758	20.022566	127.611696	36.841094	21.304772	109.843381	37.234298	21.924426
85.044943	23.28875	17.095494	90.123161	29.932743	20.042238	102.337764	19.025651	15.920266	97.53215	34.499533	18.008508	100.855073	38.381302	20.11522	110.240198	46.066418	19.360069	109.206267	27.87665	18.988568	127.757214	45.241385	18.661183	127.502807	28.591327	19.707851	137.514471	35.151962	19.770356	128.167635	36.767249	20.987974	110.633995	37.294664	21.978106
86.71426	22.596705	16.310747	91.024231	29.709541	19.762512	103.732496	19.168793	16.022641	98.411997	34.436664	18.154753	101.50293	38.304568	20.143775	110.914522	46.2166	19.419629	109.729044	27.880781	19.038355	128.497644	45.197998	18.722258	128.11429	28.421336	19.535247	138.042085	35.000019	19.765494	128.740375	36.838954	21.10603	111.344264	37.350569	21.898725
88.241983	21.998811	15.473123	91.752537	29.387781	19.442904	104.962505	19.370193	16.062147	98.472823	34.404026	17.994108	102.14473	38.381382	20.196899	111.59358	46.214885	19.470634	110.457398	27.942134	19.243511	129.123197	45.149407	18.643766	128.613759	28.411838	19.522033	138.59391	35.155608	19.844209	129.53192	36.772044	21.180627	111.948347	37.360364	22.033569
89.808362	21.485663	14.634484	92.502736	28.957084	19.034722	106.164089	19.702682	16.067583	99.361891	34.440021	17.923587	102.715837	38.386982	20.319456	112.194381	46.213035	19.525563	111.082649	28.004026	19.399697	129.660703	45.272519	18.641388	129.277378	28.419967	19.608003	139.185613	35.280912	19.738976	130.113188	36.873835	21.17682	112.580777	37.489676	22.154294
91.367611	21.175918	13.84116	93.090361	28.565504	18.530406	107.187072	19.894113	16.017609	99.879483	34.510594	18.128129	103.338812	38.389218	20.377625	112.837939	46.318593	19.756838	111.619742	28.068652	19.559005	130.270451	45.231582	18.753461	129.99243	28.464808	19.59421	139.995238	35.269502	19.64961	130.832554	36.81654	21.167324	113.106375	37.369788	22.294151
92.699152	20.759919	12.99507	93.782091	28.318659	18.041854	108.116284	20.006468	15.905221	100.497969	34.372639	17.807127	103.896896	38.471606	20.558874	113.401365	46.4202	19.858446	112.349925	28.07061	19.655676	130.927093	45.398098	18.816343	130.517499	28.634533	19.681044	140.574758	35.268864	19.791398	131.409182	36.883839	21.376331	113.677677	37.501423	22.353009
94.025097	20.691316	12.098513	94.370006	27.985431	17.639776	108.98648	20.054861	15.76992	101.029485	34.493893	17.906479	104.49646	38.465753	20.519164	113.972829	46.522055	20.031712	112.968022	28.143385	19.921829	131.429116	45.441047	18.975348	131.224309	28.781464	19.660811	141.126455	35.346509	19.793798	131.850013	36.890879	21.479358	114.4244	37.633541	22.475962
95.228158	20.57554	11.251257	94.951048	27.622918	17.116462	109.81224	20.169992	15.660339	101.527905	34.418756	17.640222	105.114026	38.474312	20.674494	114.541243	46.66768	19.963924	113.5368	28.288798	19.96496	132.086241	45.650527	19.162479	131.791826	28.789588	19.747552	141.63414	35.489585	19.784219	132.671964	36.99914	21.548311	114.736368	37.720439	22.687454
96.441254	20.545747	10.634745	95.651881	27.291392	16.713697	110.61896	20.39709	15.361135	102.663496	34.470451	17.978938	105.698705	38.705308	20.691128	115.094983	46.826488	20.284947	114.122101	28.441101	20.014384	132.649696	45.648633	19.145509	132.473285	28.848526	19.910186	142.261803	35.780658	19.772606	133.267149	37.179685	21.543187	115.354279	37.855946	22.750562
97.609593	20.608699	9.967364	96.288455	27.088686	16.267239	111.475059	20.424393	15.06927	103.057525	34.404583	17.769348	106.206301	38.702863	20.685499	115.575845	46.92962	20.454747	114.821402	28.599119	20.218206	133.207964	45.895417	19.21178	132.974003	29.025633	19.902005	142.901245	35.859398	19.920995	133.726526	37.313273	21.537084	115.938818	37.910575	22.799508
98.54768	20.831222	9.341846	96.906567	26.785019	15.8642	112.118093	20.511512	14.699845	103.647058	34.573513	17.912057	106.766597	38.781575	20.710188	116.148616	47.074047	20.390665	115.333326	28.727372	20.046568	133.713832	46.063263	19.327373	133.448744	29.220563	19.904445	143.349102	35.922339	19.904257	134.262359	37.413664	21.738491	116.557508	38.115462	22.929796
99.532578	20.870623	8.821221	97.56522	26.739023	15.491243	112.921436	20.518987	14.270918	104.223136	34.677036	17.798972	107.306323	38.934472	20.6989	116.739021	47.270812	20.345663	115.84238	28.830912	20.147427	134.21223	46.227279	19.402677	134.022795	29.534647	19.976681	143.907944	36.286907	19.891526	134.85781	37.594231	21.73379	117.005801	38.297153	22.843766
100.111734	21.298383	8.145784	98.091499	26.601529	15.128781	113.46012	20.723985	13.758588	104.840492	34.670947	17.839908	107.79345	39.006266	20.657321	117.228706	47.416162	20.282265	116.377441	29.056485	20.023833	134.750894	46.433173	19.549693	134.571038	29.643938	19.872584	144.469872	36.300906	19.981514	135.452462	37.716549	21.713195	117.556201	38.433211	22.908138
100.589715	21.399781	7.676083	98.653978	26.602468	14.67656	114.102954	20.773716	13.120824	105.328133	34.869194	17.512836	108.342614	39.149287	20.484409	117.740647	47.615629	20.374653	116.980146	29.282873	19.950139	135.333703	46.594204	19.47206	135.075149	29.704402	19.946567	145.091563	36.525355	20.198565	135.8444	37.951094	21.815873	117.942431	38.699238	22.905291
100.703746	21.566184	6.882511	99.071858	26.705226	14.221086	114.503569	20.845514	12.577849	105.862986	34.692823	17.506279	108.825081	39.217189	20.369928	118.219007	47.865479	20.422783	117.48045	29.489276	19.558252	135.867909	46.759325	19.593527	135.490797	29.931475	20.228785	145.635616	36.685439	20.357564	136.21138	37.999156	21.817859	118.500686	39.015729	22.755139
100.6529	21.925222	6.446854	99.286552	26.823713	13.851748	114.67608	20.910963	11.95678	106.409328	34.946302	17.176769	109.331809	39.361934	20.242723	118.689683	47.955139	20.139682	117.991899	29.671351	19.489525	136.394831	47.039379	19.768079	136.007925	30.158448	20.113066	146.118298	36.901618	20.419365	136.828671	38.131579	21.906371	118.724869	39.135609	22.610161
100.53759	22.054805	6.253998	99.501032	27.048432	13.555707	114.803648	20.940071	11.660576	106.835517	34.980968	16.956641	109.852633	39.506963	20.006439	119.189385	48.046874	19.990867	118.350229	29.935123	19.204729	136.869939	47.093804	19.832733	136.64486	30.392891	19.925458	146.576017	36.977377	20.565511	137.383359	38.314061	22.19362	119.327235	39.18423	22.458596
100.565024	22.15275	6.202991	99.687631	27.146785	13.509489	114.889653	20.765506	11.409349	107.434051	35.243196	16.832241	110.316342	39.642275	19.725536	119.675698	48.390603	19.763871	118.820441	30.346526	19.0169	137.436106	47.201472	19.824858	136.915074	30.408158	20.103551	147.102156	37.051369	20.563829	137.764779	38.400623	22.090106	119.717792	39.508863	22.446141
100.639998	22.006384	6.30026	99.941693	27.207171	13.624245	115.130696	20.748089	11.318253	107.777004	35.335544	16.612252	110.805548	39.867538	19.596951	120.2227	48.534455	19.635196	119.292595	30.48947	18.958333	137.903256	47.420983	19.926208	137.360031	30.586232	20.085982	147.576502	37.117608	20.551611	138.204142	38.487416	22.083094	120.424389	39.739846	22.273376
100.644598	22.082598	6.526855	100.258791	27.268516	13.739088	115.395735	20.891338	11.354614	108.239939	35.609178	16.646886	111.295134	40.093039	19.468289	120.688855	48.779554	19.562355	119.75434	30.773	18.990957	138.384472	47.581774	19.905685	137.770622	30.703058	19.991171	148.093923	37.409617	20.615818	138.677691	38.696084	21.863464	120.894304	40.125369	22.188474
100.755087	22.156373	6.708449	100.701109	27.48252	13.845895	115.707221	20.808169	11.231319	108.825461	35.769185	16.63219	111.762993	40.395142	19.335095	121.208743	49.073298	19.380692	120.136484	31.023999	19.091803	138.962296	47.794549	19.765947	138.229999	30.891786	20.066953	148.542891	37.335436	20.687861	139.11814	38.84118	22.06599	121.307388	40.2455	21.976655
100.876178	22.289668	6.978241	100.975448	27.539574	13.920747	115.984336	20.928254	11.135842	109.200103	35.982756	16.465908	112.276868	40.627623	19.284828	121.597377	49.216257	19.12416	120.693716	31.300438	19.016637	139.492243	47.900874	19.76416	138.760217	31.154941	20.317023	148.982965	37.338084	20.690573	139.604544	38.971103	21.958984	121.696387	40.680114	22.098904
100.970713	22.294746	7.023422	101.304879	27.71906	14.154759	116.237106	20.859695	11.136481	109.679479	35.987071	16.565907	112.706364	40.853384	19.228809	122.172994	49.410764	19.023354	121.121296	31.448487	19.113598	139.956441	48.004507	19.619584	139.332502	31.267555	20.216178	149.423032	37.417675	20.769807	140.038066	39.144905	21.946303	122.101012	40.855585	22.093582
100.99988	22.355388	7.112133	101.662181	27.865009	14.102883	116.422343	20.850704	11.090182	110.291219	36.250409	16.491069	113.346397	41.090436	19.254757	122.708202	49.508859	18.92545	121.702139	31.631001	19.093787	140.51832	48.109692	19.620552	139.771827	31.27033	20.298461	150.035667	37.626768	20.822317	140.739563	39.272606	22.029056	122.791112	40.960452	22.009597
101.025596	22.36499	7.203475	101.932997	27.870609	14.179845	116.638573	20.909745	10.968036	110.827363	36.359509	16.581947	113.861203	41.160825	19.277961	123.205637	49.753947	18.924325	122.251073	31.781848	19.18819	141.008918	48.217421	19.554798	140.388898	31.38935	20.205438	150.622259	37.644894	20.919355	141.368465	39.361574	22.121216	123.237302	41.156583	22.288188
101.065338	22.350164	7.48502	102.229289	27.979878	14.253264	116.862524	20.689279	10.886209	111.398395	36.464075	16.519141	114.515274	41.307932	19.259427	123.824108	49.651177	18.85191	122.784504	31.919252	19.173338	141.657362	48.267039	19.57592	140.932734	31.661969	20.548911	151.140347	37.769678	20.812241	141.945405	39.401131	22.014887	123.807675	41.194801	22.001193
101.23888	22.328265	7.341555	102.52631	27.924788	14.250412	117.068705	20.610843	10.841213	111.965684	36.465701	16.616401	115.041981	41.30513	19.180734	124.361957	49.749577	18.891829	123.427179	31.917589	19.257236	142.215043	48.37323	19.53386	141.709738	31.597049	20.624764	151.6146	37.775963	20.965949	142.677444	39.5101	21.975967	124.45096	41.130518	22.058385
101.364562	22.388424	7.42925	102.909686	28.037999	14.363524	117.24567	20.45944	10.685368	112.517924	36.447216	16.397473	115.693506	41.377476	19.16838	124.925857	49.797868	18.902826	124.057158	32.012008	19.24886	142.872908	48.36857	19.477161	142.340814	31.591067	20.614831	152.291405	37.820558	21.104836	143.234705	39.429208	22.08506	125.007914	41.244858	21.985824
101.473119	22.499012	7.471514	103.182272	28.039424	14.400004	117.407581	20.179664	10.651927	113.152112	36.385794	16.439638	116.378911	41.291348	19.196353	125.631896	49.743544	18.929607	124.755015	31.949415	19.186595	143.440867	48.372477	19.623195	143.072913	31.654949	20.693218	153.021232	37.886479	21.030475	143.863519	39.517811	22.176845	125.760894	41.237765	22.104814
101.491187	22.468523	7.657871	103.534773	28.033	14.392803	117.660606	20.110147	10.615545	113.780812	36.438441	16.480875	116.989593	41.280247	19.218561	126.225029	49.791	18.942124	125.534954	31.987977	19.215113	144.104365	48.422609	19.64171	143.706598	31.735232	20.954051	153.768006	37.939339	21.083574	144.560668	39.50574	22.158933	126.422211	41.109669	22.156725
101.591164	22.519051	7.654271	103.833258	28.033697	14.353489	117.857939	19.8901	10.498607	114.474337	36.381953	16.526921	117.728025	41.124593	19.257493	126.852551	49.63621	18.917553	126.222982	31.839611	19.211599	144.719425	48.421667	19.665403	144.527016	31.676675	21.03764	154.336288	38.004168	21.153956	145.26957	39.511519	22.164828	126.987879	40.995717	22.218742
101.667799	22.46113	7.609003	104.100197	27.987959	14.432442	118.00302	19.671232	10.455576	115.106878	36.152946	16.473967	118.362149	40.958923	19.214468	127.497926	49.481233	18.935338	126.986836	31.778232	19.150172	145.424882	48.35961	19.630832	145.251477	31.678671	21.118032	155.076706	38.026137	21.329691	146.185285	39.576469	22.224288	127.735599	40.990296	22.055883
101.754589	22.426173	7.749199	104.497151	27.981431	14.424716	118.296291	19.385631	10.379762	115.747237	36.155825	16.571622	119.124283	40.871969	19.24081	128.208583	49.361995	19.028339	127.700982	31.665173	19.042259	146.124129	48.359998	19.737543	146.043323	31.667788	21.101158	156.071628	38.080558	21.603601	146.689215	39.452075	22.339072	128.438178	40.875097	22.058083
101.914149	22.473965	7.743355	104.808983	27.921919	14.343527	118.473365	19.312965	10.34091	116.377106	35.917435	16.460439	119.90349	40.628511	19.236545	128.93811	49.244623	19.175457	128.624851	31.608412	19.029368	146.738364	48.248067	19.797047	146.703795	31.545367	21.10405	156.620972	38.082092	21.531741	147.446856	39.359606	22.335154	129.299193	40.623459	22.038398
101.924937	22.435132	7.838965	105.168544	27.822332	14.421785	118.732823	19.150461	10.138869	117.136631	35.689568	16.407834	120.773209	40.460609	19.370759	129.628092	48.99935	19.041809	129.349792	31.311388	18.840248	147.431243	48.30393	19.931567	147.473014	31.71206	21.071479	157.391406	38.069723	21.512676	148.182979	39.351178	22.321889	130.001293	40.25896	22.026451
102.115785	22.439786	7.883123	105.515009	27.723898	14.463608	118.963175	18.727497	10.032636	117.753056	35.513977	16.351373	121.313477	40.218523	19.168584	130.247882	48.758828	19.08102	130.176868	31.053256	18.930826	148.104405	48.245885	19.885412	148.369609	31.633502	20.968044	157.947857	38.203629	21.515163	148.766815	39.349683	22.318376	130.694783	40.070332	21.935088
102.13072	22.390072	7.88631	105.914257	27.653701	14.336499	119.261809	18.429863	9.838069	118.455408	35.220405	16.22979	121.992168	40.046435	19.058514	130.840678	48.635133	19.007212	130.94942	30.801617	18.583086	148.692379	48.18823	19.886801	149.047042	31.52089	20.903612	158.692537	38.320945	21.420499	149.512955	39.336632	22.212896	131.36284	39.899447	22.017926
102.217994	22.391428	7.929092	106.193848	27.607863	14.377854	119.518648	18.458866	9.615394	119.071763	35.045164	16.092131	122.669416	39.649577	19.015852	131.521812	48.456945	19.067542	131.847147	30.611234	18.474518	149.260717	48.183503	19.788484	150.007474	31.566599	20.877282	159.467001	38.466916	21.525429	150.183531	39.289741	22.20936	132.08373	39.708828	21.847909
102.289759	22.308276	8.073573	106.586617	27.400382	14.381122	119.753411	18.293183	9.41156	119.761264	34.806148	15.991423	123.332652	39.322665	18.866075	132.18559	48.153528	19.021409	132.537185	30.4671	18.281921	149.985824	48.122496	19.840794	150.72828	31.551008	20.774164	160.08654	38.512741	21.398133	150.864222	39.238339	22.113881	132.753815	39.413453	21.771693
102.443553	22.403902	8.020738	106.878216	27.389329	14.259097	120.014785	18.125496	9.205841	120.409306	34.687498	15.896783	124.085073	39.081226	18.864085	132.745184	47.966233	18.866138	133.289581	30.236033	18.178323	150.497141	48.119144	19.694608	151.338945	31.472623	20.672089	160.927849	38.495337	21.274095	151.49944	39.175331	22.103648	133.615605	39.161215	21.599126
102.462076	22.311779	8.117085	107.187758	27.228902	14.220653	120.336986	18.09954	9.034909	121.0832	34.397155	15.802402	124.729404	38.913639	18.712033	133.477951	47.781771	18.756417	134.113992	30.072573	17.876082	151.174795	48.115685	19.724119	152.242755	31.369783	20.296685	161.495506	38.676949	21.152764	152.160427	39.28396	21.827337	134.155874	39.043173	21.522652
102.533021	22.290542	8.351468	107.472468	27.184687	14.30035	120.566442	17.944239	8.913587	121.686311	34.340226	15.842623	125.371175	38.744134	18.700769	134.043323	47.657018	18.62246	134.74193	29.927113	17.683347	151.77426	48.1289	19.638813	152.849992	31.479406	20.111769	161.986921	38.746985	21.158181	152.804586	39.270456	21.721495	134.869072	38.856805	21.434691
102.683979	22.273495	8.211324	107.715242	27.07684	14.261419	120.81661	18.06961	8.787585	122.23554	34.28056	15.79388	126.068987	38.49863	18.552274	134.660168	47.533602	18.54494	135.558617	29.819003	17.52562	152.2596	48.223445	19.545478	153.532798	31.456567	19.839142	162.859271	38.853139	20.924363	153.373223	39.228052	21.717632	135.415203	38.796839	21.356809
102.666223	22.292514	8.351812	108.023078	27.1751	14.251792	121.082378	18.053654	8.698484	122.85678	34.046142	15.655479	126.746233	38.492283	18.537442	135.28802	47.527343	18.476891	136.247907	29.794224	17.31918	152.88597	48.263316	19.394011	154.33303	31.421336	19.549644	163.450882	39.03929	20.808915	154.019137	39.385672	21.624373	136.120907	38.661152	21.182562
102.867509	22.356385	8.484052	108.227366	27.114259	14.170718	121.408394	18.101069	8.565221	123.466871	34.086249	15.591113	127.417608	38.342332	18.432928	135.873883	47.398611	18.290899	136.954918	29.692358	17.169549	153.42437	48.304124	19.243203	155.094248	31.715002	19.434493	164.228868	39.142851	20.766303	154.525452	39.375715	21.438063	136.840242	38.578712	20.925138
102.870311	22.468846	8.571482	108.425889	27.111572	14.130304	121.503352	18.146598	8.395682	124.110108	34.016557	15.488412	128.021953	38.273245	18.433455	136.502423	47.392281	18.222988	137.763835	29.746862	16.951742	153.964828	48.448546	19.171417	155.760452	31.637572	19.253791	164.796945	39.400841	20.561047	155.190774	39.437144	21.237652	137.633334	38.49438	20.665241
102.927668	22.373813	8.622894	108.58215	27.104733	14.049898	121.807022	18.286024	8.3731	124.694395	33.988717	15.34162	128.718448	38.254567	18.267324	137.031606	47.454497	18.289763	138.397369	29.691451	16.80525	154.561772	48.590508	19.105632	156.394072	31.727659	18.961445	165.412164	39.647455	20.338295	155.793693	39.555438	21.231572	138.165842	38.536125	20.414873
103.025425	22.429634	8.665617	108.785989	27.103419	14.047449	122.065992	18.267222	8.257223	125.330952	33.990126	15.382764	129.369972	38.24743	18.256274	137.695125	47.446962	18.224491	139.099022	29.720275	16.696771	155.149446	48.730489	19.001705	157.266277	31.903454	18.857669	166.057326	39.698004	20.216336	156.403468	39.74638	21.12755	139.147299	38.635977	20.462239
103.072849	22.491098	8.755076	108.969123	27.104823	14.084212	122.26635	18.405596	8.298918	125.978596	34.076557	15.319849	129.986062	38.170019	18.200141	138.251228	47.562214	18.155271	139.792283	29.804545	16.731873	155.737251	48.870546	18.897945	157.813417	32.158005	18.855171	166.747089	40.070485	20.081165	157.072182	39.89803	21.110952	139.657212	38.691422	20.455213
103.154384	22.44711	8.846385	109.153093	27.151973	14.040695	122.580127	18.542438	8.290805	126.604232	33.970102	15.311567	130.570463	38.243821	18.294072	138.806114	47.62044	18.234365	140.503486	29.872137	16.573208	156.289974	48.968919	18.950186	158.498843	32.387078	18.656934	167.387144	40.266376	19.978092	157.611223	40.099601	21.107855	140.333558	38.808514	20.525624
103.241322	22.623225	9.024813	109.386817	27.200443	14.034717	122.883994	18.787697	8.27482	127.198973	34.17242	15.350118	131.134833	38.239626	18.305106	139.341641	47.555424	18.070149	141.155633	29.826639	16.568874	156.845051	49.156893	18.877399	159.158209	32.498709	18.552698	168.050285	40.703644	19.938314	158.362976	40.23695	20.898432	141.057499	38.719966	20.335548
103.344771	22.724193	9.018873	109.512767	27.203394	14.036499	123.106127	18.8526	8.274967	127.803318	34.209102	15.331499	131.904625	38.294531	18.215662	139.991373	47.676949	18.293272	141.825658	30.031927	16.50286	157.433695	49.35178	19.020033	159.892878	32.727908	18.434029	168.76063	40.835669	19.93698	158.914699	40.351745	20.715022	141.682804	38.779271	20.333018
103.401226	22.690828	9.160303	109.705043	27.257199	14.10885	123.396573	18.965405	8.258501	128.409531	34.212856	15.3755	132.459194	38.230288	18.321688	140.571992	47.67547	18.337912	142.535414	30.110823	16.531306	157.906873	49.446766	18.94307	160.623503	32.845174	18.31841	169.287105	41.144736	19.606033	159.6553	40.576469	20.685795	142.557483	38.869566	20.292926
103.471303	22.742501	9.158086	109.86313	27.305824	14.066789	123.626339	19.158313	8.3073	128.990557	34.221479	15.510922	133.108812	38.372524	18.38338	141.173951	47.728693	18.304936	143.149462	30.112466	16.487337	158.529213	49.587928	18.89494	161.320069	33.048558	18.283387	169.753384	41.336223	19.594334	160.191296	40.655826	20.595781	142.990916	38.82441	20.31014
103.55066	22.796977	9.200148	109.988661	27.20351	14.070277	123.842063	19.283159	8.351484	129.61843	34.361389	15.536813	133.641066	38.303202	18.450427	141.779472	47.845304	18.292351	143.900703	30.155361	16.52583	159.077016	49.778469	18.815147	161.927156	33.151728	18.195458	170.619538	41.562615	19.236504	160.671159	40.864483	20.60257	143.7857	38.858187	20.274226
103.627834	22.856842	9.288473	110.194627	27.362827	14.104459	124.135434	19.484441	8.50427	130.081862	34.422832	15.546644	134.258419	38.310883	18.490318	142.342118	47.966325	18.455821	144.5432	30.189613	16.554055	159.666653	49.97418	18.894918	162.530048	33.375727	18.260721	171.271821	41.746791	19.213025	161.393314	41.047161	20.571047	144.283287	38.986826	20.360019
103.737011	22.909839	9.329294	110.283571	27.362897	14.103979	124.315632	19.611763	8.551441	130.639821	34.422696	15.672459	134.767083	38.386033	18.690764	142.832828	48.031236	18.639838	145.058984	30.290709	16.654287	160.189591	50.115722	18.849886	163.142464	33.580703	18.084131	171.826432	42.002537	19.297038	161.936672	41.255324	20.663586	144.917608	38.988646	20.511268
103.740871	22.980533	9.468412	110.349905	27.474994	14.181404	124.567684	19.754944	8.710452	131.104191	34.489899	15.817793	135.356811	38.466392	18.83131	143.331819	48.152948	18.739623	145.565441	30.298386	16.748501	160.621487	50.310674	18.820379	163.676087	33.746798	18.076266	172.330376	42.138271	19.300968	162.405313	41.328747	20.651264	145.299057	39.004383	20.68143
103.852246	23.028097	9.462967	110.418077	27.477681	14.220044	124.684544	19.963015	8.919873	131.542927	34.65076	15.95469	135.760801	38.537739	18.895564	143.827263	48.27081	18.913985	145.977571	30.455642	16.994565	161.19711	50.355095	18.778733	164.02601	33.715531	18.326797	172.60103	42.237005	19.450023	162.84055	41.496351	20.744469	145.708597	39.18985	20.764652
103.899583	23.08927	9.552592	110.406866	27.569254	14.096247	124.855022	20.177384	9.183876	131.927773	34.752872	16.039719	136.11494	38.695596	19.110743	144.241723	48.51144	19.143303	146.383594	30.555762	17.094675	161.622521	50.402439	18.909624	164.482397	33.768575	18.248473	173.042743	42.27079	19.299936	163.283483	41.570554	20.82005	146.191736	39.31956	21.07931
103.922871	23.197073	9.594794	110.496901	27.683937	14.212594	124.965797	20.376714	9.289217	132.328388	35.011666	16.173507	136.592486	38.844723	19.248944	144.657407	48.515295	19.300457	146.692878	30.635048	17.484789	162.031487	50.49395	18.847207	164.628439	33.928344	18.744389	173.467553	42.271677	19.400857	163.598683	41.700818	21.005421	146.588796	39.443744	21.311838
103.871205	23.239816	9.502316	110.470716	27.849958	14.291175	125.108275	20.579926	9.4466	132.566602	35.127732	16.361769	136.883217	38.991923	19.352542	145.172518	48.633505	19.470459	147.001506	30.724551	17.615377	162.421509	50.545338	18.966604	164.966322	33.972752	18.79811	173.745703	42.220945	19.823838	163.900035	41.717902	21.290696	146.980176	39.483493	21.133599
103.884077	23.293134	9.544162	110.406984	27.942405	14.24164	125.147353	20.851658	9.706489	132.909638	35.377892	16.400487	137.209425	39.0676	19.489166	145.505526	48.897883	19.823494	147.245513	30.845672	17.909706	162.848572	50.445561	18.963508	165.27615	33.920446	18.875462	174.276001	42.079256	20.008963	164.3039	41.675774	21.20126	147.377136	39.607348	21.365985
103.886824	23.40503	9.631928	110.415517	27.985559	14.158782	125.2166	20.992908	9.818219	133.195657	35.535466	16.578373	137.463845	39.212781	19.491404	145.831285	48.824323	19.873361	147.443217	30.868547	18.130974	163.223402	50.492968	19.095727	165.621934	33.897797	19.06648	174.508665	42.215946	19.815658	164.770541	41.664469	21.357378	147.64406	39.727119	21.442294
103.886824	23.40503	9.631928	110.330896	28.142059	14.155597	125.393872	21.364674	9.906311	133.406038	35.677693	16.523593	137.813023	39.286349	19.625523	146.191477	48.90666	20.198575	147.735305	30.842851	18.345827	163.506876	50.593724	19.242711	165.737802	33.861472	19.382167	174.596672	42.297241	20.238059	164.864457	41.730503	21.568663	147.916255	39.796048	21.605665
103.922452	23.448878	9.581941	110.376297	28.29138	14.145109	125.453574	21.399547	10.183704	133.788295	35.92368	16.600442	138.078757	39.429978	19.7253	146.491306	48.824331	20.154908	148.007327	30.943345	18.592333	163.754252	50.642819	19.374012	165.97986	33.939987	19.700089	175.020043	42.280156	20.011892	165.198778	41.76381	21.644297	148.152215	39.807911	21.847886
103.908731	23.45686	9.630271	110.388546	28.245613	14.188832	125.576143	21.526132	10.23186	133.985507	35.981266	16.651379	138.365281	39.505522	19.796143	146.948181	48.741171	20.107562	148.257518	30.879754	18.776451	164.113786	50.543625	19.314094	166.279599	33.879183	19.693223	175.102456	42.25139	20.368645	165.557769	41.768258	21.824066	148.45538	39.814334	21.855626
103.932003	23.564608	9.672523	110.527895	28.187567	14.147142	125.61763	21.604309	10.344273	134.373989	36.032258	16.779631	138.697941	39.577068	19.861792	147.14924	48.822429	20.257879	148.562424	30.843756	18.862361	164.381442	50.492015	19.403484	166.496632	33.839279	19.931527	175.495778	42.240212	20.351204	165.831291	41.808169	21.909722	148.435546	39.781366	22.088726
103.996124	23.551133	9.577353	110.608204	28.179208	14.102354	125.797899	21.678163	10.499374	134.577941	35.984411	16.781993	138.992131	39.568666	19.750701	147.516851	48.66106	20.231031	148.813132	30.728375	19.074084	164.607344	50.443628	19.367966	166.994142	33.721242	19.994624	175.7343	42.248727	20.463943	166.045417	41.772841	21.917148	148.741281	39.660231	22.203439
104.039866	23.561545	9.669484	110.693694	28.233443	14.102432	125.921013	21.633092	10.614077	134.929853	35.974475	16.725577	139.264272	39.566086	19.84599	147.776856	48.662971	20.276077	149.198776	30.603335	19.118937	164.875611	50.444067	19.356159	167.198438	33.681612	20.08957	175.951822	42.309635	20.455899	166.279456	41.867168	22.110598	148.982837	39.57139	22.361764
104.064368	23.705407	9.613887	110.831674	28.390187	14.098076	126.037781	21.699331	10.665242	135.372807	35.919502	16.804306	139.598958	39.489608	19.738909	147.957826	48.659287	20.280849	149.487456	30.519121	19.16034	165.199209	50.393395	19.557322	167.554445	33.742542	20.310394	176.428174	42.24779	20.761414	166.633887	41.75015	22.203291	149.288408	39.498596	22.342317
104.081849	23.767811	9.704897	110.941554	28.326176	14.051138	126.253966	21.683168	10.550415	135.667911	35.907057	16.573153	139.901125	39.411966	19.662459	148.271634	48.419109	19.96516	149.862709	30.434107	19.200335	165.513228	50.346008	19.573772	167.891972	33.702945	20.476663	176.736232	42.247767	20.860971	166.983204	41.703741	22.193919	149.627794	39.493865	22.275457
104.209432	23.821824	9.746532	111.154892	28.308957	13.887099	126.489855	21.690073	10.65274	135.984473	35.850741	16.521833	140.242396	39.335402	19.566443	148.612647	48.173809	19.849187	150.147428	30.348348	19.163069	165.763658	50.248544	19.571451	168.187726	33.481996	20.481595	177.059494	42.244862	20.856289	167.268676	41.740432	22.188083	150.099235	39.425381	22.261468
104.333415	23.825222	9.790565	111.441699	28.260381	13.926661	126.680571	21.558889	10.549581	136.408557	35.736997	16.418675	140.633055	39.186485	19.51312	148.905498	48.090641	19.683022	150.656163	30.1934	19.053407	166.102851	50.101922	19.482917	168.496147	33.430002	20.558404	177.395305	42.199994	21.1877	167.584622	41.59616	22.300363	150.341926	39.072735	22.144223
104.397674	23.831525	9.837167	111.682219	28.356106	13.878003	126.968214	21.589754	10.321206	136.717993	35.527795	16.279902	141.002063	39.035204	19.368817	149.125232	47.927818	19.602744	150.915829	30.066256	19.057484	166.338409	50.004354	19.598695	168.940382	33.3184	20.629934	177.658902	42.010668	21.399168	167.978357	41.512319	22.46834	150.542238	38.965273	22.09893
104.622962	23.940895	9.921723	111.944707	28.199498	13.880177	127.19062	21.462212	10.270079	137.069625	35.475972	16.234097	141.354171	38.819506	19.32173	149.51644	47.53213	19.62124	151.423123	29.917489	18.879714	166.70186	49.706339	19.506833	169.313838	33.195517	20.542612	178.06946	42.052813	21.163279	168.342797	41.386629	22.374442	150.888337	38.848538	22.040771