62.913165	19.945001	0.447407	54.953796	24.679198	6.338697	74.034893	19.137563	4.164983	59.539835	31.173147	6.82946	61.227069	39.453087	6.045469	70.564772	47.846011	16.246755	74.641028	25.020038	14.283306	91.863658	45.895483	14.924217	92.784942	26.68833	15.666968	97.632367	38.405714	17.419391	90.4283	38.801349	17.880019	71.074505	36.604457	14.889874	70.958747	20.328308	-2.83195
62.88117	20.045347	0.459928	54.985361	24.769515	6.397151	74.11204	17.513756	4.23652	59.56115	31.18401	6.825052	61.223535	39.294468	5.960409	70.529027	47.898008	16.277226	75.005301	25.01102	15.286338	91.821411	45.7164	14.888279	92.698736	26.617743	15.602439	97.613854	38.279625	17.498804	90.35926	38.794239	17.977649	70.985217	36.599578	14.896027	70.958747	20.328308	-2.83195
62.878361	20.036817	0.448832	54.96553	24.74454	6.385592	74.138424	17.57603	4.212661	59.559043	31.155794	6.828018	61.168357	39.226423	5.929849	70.448581	47.773775	16.220475	75.004185	24.859282	15.190383	91.784115	45.585191	15.055198	92.655343	26.471693	15.612044	97.590378	38.16876	17.58262	90.417632	38.815469	18.070812	71.066617	36.522873	15.729747	70.951366	19.793714	-2.777545
62.873986	20.026345	0.443324	54.948113	24.740439	6.370967	74.435307	18.301515	4.093633	59.555931	31.120549	6.8318	61.086607	39.046106	5.841778	70.19601	47.62693	16.144072	73.485511	25.006667	14.267826	91.66028	45.361518	15.182461	92.546993	26.302305	15.645189	97.373353	38.046149	17.7029	90.364635	38.809833	18.251351	70.839055	36.378045	16.093471	70.951366	19.793714	-2.777545
62.870147	20.006108	0.435508	54.897974	24.679647	6.356086	74.507226	18.397478	4.057521	59.551798	31.075916	6.83662	61.025938	38.841209	5.738138	69.741961	47.429283	16.036567	74.242362	24.937798	13.977793	91.478582	45.171516	15.333477	92.465942	26.133328	15.67069	97.382549	38.0613	17.902169	90.184284	38.450297	18.2896	70.78379	36.105131	15.960976	70.951366	19.793714	-2.777545
62.866895	19.990664	0.428602	54.855144	24.771643	6.301205	74.073125	17.505524	4.172691	59.552572	30.910683	6.851904	60.92397	38.635471	5.638714	69.604372	47.211258	15.9362	74.219289	24.777985	13.994291	91.285953	44.988978	15.491259	92.358171	26.063108	15.709301	97.391778	38.077794	18.119165	90.110613	38.385257	18.47921	70.658073	35.896345	15.867729	70.951366	19.793714	-2.777545
62.860811	19.984573	0.420184	54.813822	24.757379	6.223384	74.021791	17.471667	4.148386	59.557008	30.72169	6.86882	60.858755	38.44021	5.540829	69.478262	46.998079	15.837414	74.19869	24.597435	14.012322	91.09903	44.81695	15.66852	92.264747	25.891065	15.747819	97.34907	37.931466	18.295257	90.186953	38.473454	18.598155	70.278304	35.692023	15.752132	70.951366	19.793714	-2.777545
62.855546	19.962042	0.414275	54.782114	24.7179	6.208092	73.996329	17.487899	4.035297	59.037848	29.189567	7.096384	60.79892	38.369478	5.509502	69.36803	46.792185	15.741009	74.186126	24.393643	14.031474	90.99226	44.744382	15.880383	92.148349	25.818055	15.805087	97.373599	37.326533	18.225819	90.039091	38.384333	18.799103	70.147938	35.49475	15.664796	70.951366	19.793714	-2.777545
62.720262	19.966031	0.43304	54.762731	24.702143	6.192244	74.020958	17.5576	4.012922	59.029368	29.013231	7.114247	60.698685	38.178484	5.417988	69.235517	46.571589	15.639244	74.151567	24.258564	14.036799	90.842094	44.56382	15.930624	92.047449	25.6603	15.893619	97.391305	37.139926	18.533889	89.920681	38.246813	18.82528	70.097646	35.38058	15.611922	70.951366	19.793714	-2.777545
62.36235	19.144388	0.599322	54.74	24.670235	6.181883	74.021689	17.516947	3.872562	59.368731	29.975991	6.968599	60.649215	38.122852	5.393689	69.111378	46.365287	15.544231	73.903962	24.201622	14.378604	90.806631	44.515155	16.148009	91.930921	25.593666	15.94426	96.965872	36.985599	18.704819	89.452848	37.732095	18.853852	69.972085	35.190515	15.52797	70.951366	19.793714	-2.777545
62.342531	19.079546	0.605458	54.942453	26.659464	5.932896	74.019959	17.50671	3.867425	59.037848	29.189567	7.096384	60.566141	38.094114	5.387842	69.045944	46.231136	15.48098	73.789409	24.17367	14.454413	90.674852	44.34754	16.175968	91.831605	25.450455	15.992837	96.881759	36.945991	18.912739	89.205	37.592363	19.038027	69.850738	35.12137	15.50485	70.951366	19.793714	-2.777545
62.349396	19.073475	0.598308	55.476773	24.265371	6.335165	74.010168	17.501848	3.866301	59.040216	29.064512	7.107652	60.529219	38.071102	5.379744	68.965554	46.13717	15.440189	73.660036	24.142402	14.487767	90.648757	44.313499	16.360193	91.744167	25.405595	16.038761	96.798332	36.90761	18.975169	89.304171	37.770196	19.336021	69.742174	35.06935	15.489286	70.951366	19.793714	-2.777545
62.383105	19.083947	0.592657	55.227173	24.695402	6.446586	74.013133	17.506459	3.865528	59.046914	29.066528	7.106346	60.496565	38.048159	5.371197	68.931251	46.112877	15.431028	73.367841	24.172362	15.038854	90.441449	44.311588	16.759795	91.700512	25.376235	16.134176	96.751246	36.886821	19.030028	89.225446	37.775342	19.396325	69.704825	34.921375	15.418208	70.951366	19.793714	-2.777545
62.382151	19.086387	0.592562	55.221292	24.699376	6.489281	74.012609	17.514115	3.869004	59.05942	29.08003	7.103001	60.467188	38.040231	5.370379	68.913668	46.103104	15.427733	73.343554	24.092614	14.392331	90.334506	44.357292	17.64256	91.611652	25.364457	16.181498	96.72268	36.88379	19.078393	89.219932	37.777235	19.420126	69.687161	34.896984	15.407642	70.951366	19.793714	-2.777545
62.37866	19.098472	0.5931	55.219707	24.808956	6.469634	74.015517	17.522012	3.874407	59.05654	29.07782	7.103687	60.414563	38.039439	5.376181	68.89548	46.100463	15.428215	73.73465	24.105202	14.406384	90.231854	44.370068	17.664589	91.522487	25.387252	16.231817	96.63138	36.894309	19.105937	89.159573	37.823279	19.459916	69.674262	34.892004	15.406415	70.951366	19.793714	-2.777545
62.386243	19.092005	0.598342	55.243022	24.790944	6.418142	74.021969	17.539367	3.878866	59.055601	29.080224	7.103619	60.404113	38.046764	5.381378	68.884356	46.112201	15.435464	73.734254	24.139601	14.403445	90.169488	44.40499	17.672312	91.514835	25.437918	16.325582	96.535453	36.926173	19.115311	89.154812	37.849153	19.469919	69.668631	34.904042	15.413065	70.951366	19.793714	-2.777545
62.388328	19.101696	0.599044	55.250654	24.802814	6.41859	74.029863	17.562407	3.890734	59.058576	29.096565	7.101599	60.401084	38.056693	5.387099	69.001421	46.166757	16.322579	73.777233	24.196405	14.481738	90.091859	44.473917	17.591207	91.518535	25.50396	16.366808	96.442116	36.997111	19.126583	89.150531	37.900474	19.48366	69.670521	34.935518	15.428789	70.951366	19.793714	-2.777545
62.405675	19.104461	0.600954	55.260849	24.808062	6.423839	74.041403	17.585514	3.902715	59.059578	29.103583	7.100778	60.40294	38.071681	5.394971	69.008786	46.209555	16.344009	73.811451	24.294462	14.489407	90.130132	44.637384	17.593204	91.525878	25.615131	16.401946	96.354075	37.184818	19.169066	89.159633	38.095298	19.553131	69.676801	34.996069	15.458771	70.951366	19.793714	-2.777545
62.466624	19.122777	0.602824	55.279099	24.827333	6.425909	74.054889	17.618679	3.918021	59.063476	29.115166	7.099048	60.412031	38.099241	5.40877	69.050701	46.36902	16.422385	73.853988	24.428506	14.490594	90.131588	44.839714	17.501096	91.547028	25.801512	16.479349	96.437046	37.361754	18.679947	89.173945	38.314131	19.60835	69.697758	35.158332	15.538704	70.943988	19.259345	-2.723162
62.469797	19.128661	0.610691	55.296255	24.846946	6.431818	74.075243	17.650196	3.93937	59.672571	29.148527	7.136448	60.426314	38.134356	5.426032	69.104425	46.561746	16.516806	73.921793	24.576257	14.49764	90.136071	45.059144	17.380532	91.580319	26.009956	16.501636	96.515829	37.591797	18.600433	89.177811	38.53707	19.506135	70.054464	35.342508	15.648939	71.161818	19.250372	-2.748267
62.480217	19.155813	0.615619	55.587213	25.48445	6.34421	74.142097	17.705468	4.054668	59.679403	29.169392	7.133352	60.452218	38.194565	5.455464	69.179654	46.775986	16.620217	73.977646	24.742833	14.501503	90.147777	45.294597	17.253653	91.672147	26.241391	16.521123	96.619295	37.838401	18.552754	89.185391	38.769618	19.377295	70.084984	35.545716	15.748552	71.161818	19.250372	-2.748267
62.489383	19.166629	0.626034	55.140634	25.113323	6.500364	74.151765	17.810765	4.196799	59.68724	29.197275	7.129433	60.669272	38.373648	5.560733	69.63206	46.943106	15.871882	74.061623	24.960473	14.596793	90.166019	45.534141	17.111568	91.787752	26.485887	16.532943	96.730827	38.101708	18.541751	89.204956	39.011179	19.244268	70.121728	35.756087	15.851139	71.161818	19.250372	-2.748267
62.496649	19.179134	0.628939	55.330375	25.511356	6.48371	74.15727	17.873601	4.323446	59.702078	29.269577	7.120198	60.746742	38.576442	5.660926	69.73016	47.167273	15.978174	74.206733	25.136051	14.601471	90.210542	45.796273	17.094209	91.900397	26.74092	16.584626	96.787254	38.473532	18.616226	89.925712	38.474238	18.595902	70.164624	35.879522	15.909102	71.161818	19.250372	-2.748267
62.501974	19.168698	0.642289	55.403563	25.671015	6.561248	74.176363	17.931113	4.34396	59.704931	29.401376	7.107438	61.301648	38.775178	5.806997	69.8044	47.348357	16.064617	74.371049	25.325931	14.61066	90.381527	46.153259	16.980693	92.005911	27.069605	16.583401	96.882787	38.844525	18.557134	90.063763	38.455367	18.353228	70.286113	36.100062	16.008054	71.161818	19.250372	-2.748267
62.506841	19.156297	0.658394	55.43016	25.721994	6.572092	74.205221	18.032526	4.35361	59.708908	29.556699	7.092299	61.356211	38.967306	5.903951	69.832862	47.422173	16.100054	74.497568	25.559065	14.623336	90.554181	46.404128	16.81381	92.108298	27.315469	16.579095	96.990664	39.099043	18.437395	89.919572	38.547224	17.767566	70.413918	36.315746	16.104034	71.161818	19.250372	-2.748267
62.815895	19.181713	0.897962	55.507554	25.769305	6.637641	74.233375	18.074823	4.365851	59.810528	30.802586	6.959216	61.439821	39.037803	5.931509	69.867298	47.474721	16.123794	74.63194	25.795878	14.722512	90.705575	46.650728	16.648369	92.2141	27.551074	16.561505	97.104782	39.342163	18.314884	90.255142	39.139962	18.050462	70.539658	36.538548	16.203962	71.161818	19.250372	-2.748267
62.861522	19.18071	0.96612	55.557368	25.812088	6.735877	74.583259	17.525747	4.389498	60.133129	30.384865	6.945141	61.486781	39.097974	5.95814	69.948652	47.568116	16.163916	74.800226	25.990991	14.808945	90.767075	46.874767	16.491802	92.337689	27.779444	16.549791	97.20599	39.583913	18.298405	90.507992	39.52479	18.036085	71.194051	36.722181	15.898161	71.161818	19.250372	-2.748267
62.88245	19.183483	0.985604	55.609666	25.883287	6.761681	74.835687	17.854532	4.336903	60.124307	29.18038	7.058769	61.545476	39.173183	5.991455	70.055071	47.768367	16.257135	74.911738	26.143431	14.825049	90.817609	47.085265	16.337358	92.462266	27.997913	16.528778	97.255203	39.801146	18.160661	90.71954	39.868085	18.081614	71.24344	36.953759	16.01023	71.161818	19.250372	-2.748267
62.901272	19.158775	1.000361	55.715768	25.997568	6.797737	75.047591	18.191087	4.298484	60.156214	29.075054	7.063418	61.653084	39.383089	6.09152	70.234973	48.040467	16.380376	74.973065	26.318116	14.844174	90.909042	47.289201	16.183396	92.591315	28.209473	16.508128	97.289202	40.009806	18.028058	90.832925	40.066965	17.936837	71.306518	37.226159	16.14152	71.161818	19.250372	-2.748267
62.910612	19.167407	1.010292	55.818222	26.011605	6.892159	74.876487	18.729709	4.278833	60.162289	29.121872	7.058076	61.774902	39.60547	6.196669	70.904451	48.289714	16.520595	75.041186	26.526353	14.84906	91.063594	47.494191	16.044259	92.767	28.402374	16.468486	97.332693	40.203467	17.907759	90.901927	40.172948	17.772169	71.445297	37.474685	16.252536	71.161818	19.250372	-2.748267
62.920703	19.1668	1.024703	55.847677	26.04739	6.918599	74.821538	18.722931	4.296508	60.175292	29.201333	7.048576	61.857797	39.822304	6.303654	71.258516	48.627245	16.686074	75.201478	26.680743	14.851368	91.27129	47.675366	15.886685	92.892274	28.567432	16.429844	97.45814	40.370621	17.868149	91.017804	40.231894	17.618476	71.590544	37.706308	16.354466	71.161818	19.250372	-2.748267
62.918845	19.164946	1.029121	55.892794	26.085027	6.938908	74.730157	18.573592	4.323606	60.187981	29.368007	7.031006	61.978212	40.022133	6.396978	71.412672	48.831805	16.776304	75.37237	26.766144	14.857312	91.485301	47.795054	15.860379	93.001989	28.635886	16.387568	97.586643	40.426862	17.816486	91.143746	40.291676	17.542048	71.729854	37.906588	16.441326	71.161818	19.250372	-2.748267
62.932282	19.153994	1.036913	55.952244	26.137082	7.006119	74.63163	18.384241	4.353615	60.247424	29.525299	7.006808	62.044487	40.184026	6.476406	71.543477	48.970032	16.83466	75.48937	26.882321	14.857682	91.698453	47.84283	15.831603	93.100282	28.657996	16.337494	97.825063	40.398051	17.105956	91.287744	40.439501	17.57464	71.858933	38.032342	16.491671	71.161818	19.250372	-2.748267
62.933096	19.166972	1.043935	55.988298	26.279912	7.07923	75.053735	17.518514	4.383148	59.970365	30.392898	6.970933	62.137355	40.214974	6.482052	71.636099	49.004088	16.842899	75.537266	26.926815	14.842072	91.907001	47.839868	15.808441	93.225433	28.645319	16.270394	98.040408	40.36996	16.849658	91.566423	40.61301	18.301106	72.034785	37.869739	16.391482	71.161818	19.250372	-2.748267
63.632735	25.292362	0.338528	56.017982	26.300343	7.092035	75.411586	19.113111	4.18794	60.304833	31.582449	6.806022	62.174802	40.220434	6.480572	71.700443	48.976537	16.822059	75.579479	26.923125	14.832061	92.103737	47.796007	15.804555	93.33468	28.601843	16.241264	98.241676	40.666124	17.012827	91.720309	40.572511	18.241152	72.108333	37.741361	16.319172	71.161818	19.250372	-2.748267
63.467633	25.299899	0.358074	56.052301	26.302847	7.113615	75.247282	19.117905	4.19021	59.816313	31.606351	6.883373	62.198738	40.195997	6.464572	71.716143	48.849355	16.754357	75.637828	26.85135	14.817346	92.260637	47.673347	15.801768	93.41453	28.498985	16.215791	98.290259	41.069539	17.343984	91.844604	40.409693	18.208451	72.169602	37.612145	16.247745	71.161818	19.250372	-2.748267
63.491501	25.329332	0.34376	56.056379	26.286439	7.116737	75.225302	18.998733	4.185384	60.624645	30.762317	6.832244	62.213678	40.05005	6.384102	71.714379	48.672347	16.662513	75.652917	26.753101	14.806561	92.307989	47.48398	15.814878	93.432113	28.353124	16.201229	98.338244	41.061155	17.400841	91.871375	40.212367	18.206765	72.19362	37.549869	16.213885	71.161818	19.250372	-2.748267
63.499517	25.278249	0.345362	56.06612	26.280109	7.123816	75.221319	18.941595	4.166874	60.234415	30.776569	7.128188	62.244295	39.86955	6.28319	71.699031	48.483266	16.565756	75.654316	26.683363	14.800734	92.337987	47.28639	15.904203	93.436672	28.170899	16.190124	98.355535	40.886812	17.510749	91.882663	40.00235	18.188025	72.197926	37.482595	16.179426	71.173621	19.808617	-2.586451
63.498944	25.190721	0.34361	56.064281	26.25188	7.125121	75.205734	18.83775	4.157158	60.234415	30.776569	7.128188	62.239096	39.720689	6.203527	71.750998	48.441371	16.5388	75.651608	26.569905	14.798267	92.36324	47.082354	16.001965	93.435397	27.969092	16.140015	98.361298	40.641152	17.58285	91.890473	39.788389	18.179027	72.183188	37.074215	15.974243	71.173621	19.808617	-2.586451
63.495524	25.127628	0.343597	56.054115	26.239788	7.122495	75.212527	18.782531	4.029844	60.436148	30.698541	6.823144	61.954342	39.539348	4.325764	71.800474	48.401815	16.513349	75.639653	26.456785	14.798294	92.381622	46.889143	16.131231	93.424896	27.776866	16.144519	98.359998	40.424073	17.566539	91.896814	39.580099	18.250267	72.190794	36.856785	15.863511	71.173621	19.808617	-2.586451
63.493645	25.067224	0.345577	56.049259	26.211322	7.123085	75.224732	18.730409	3.888293	60.434132	30.684486	6.824763	62.119683	39.496231	4.316547	71.827881	48.347812	16.482592	75.638119	26.316111	14.801946	92.39655	46.700056	16.245671	93.414661	27.594128	16.152292	98.356086	40.206781	17.547435	91.900161	39.380136	18.340093	72.178298	36.71691	15.793959	71.173621	19.808617	-2.586451
63.494552	24.996898	0.346141	56.045904	26.192873	7.126073	75.239648	18.684403	3.758161	60.43401	30.667976	6.82632	62.118608	39.463747	4.298999	71.833198	48.198978	16.404736	75.622844	26.238397	14.807758	92.418626	46.589542	16.305589	93.413906	27.498528	16.160477	98.360433	40.000075	17.647878	91.896539	39.179726	18.327078	72.121997	36.698415	16.643848	71.173621	19.808617	-2.586451
63.497067	24.936464	0.347982	56.047632	26.170375	7.138526	75.299649	18.655505	3.72717	60.099247	30.773443	6.868748	62.117014	39.438748	4.285586	71.861837	48.156782	16.380019	75.619986	26.160684	14.814943	92.425927	46.399817	16.303092	93.415709	27.394628	16.177523	98.367513	39.802848	17.750152	91.896732	39.001799	18.33939	72.114653	36.638263	16.614256	71.173621	19.808617	-2.586451
63.498516	24.892801	0.348086	56.058329	26.019201	7.150769	75.298475	18.625643	3.717896	60.099247	30.773443	6.868748	62.121429	39.416318	4.272855	71.881741	48.109745	16.353648	75.624927	26.058199	14.831378	92.438932	46.23644	16.416603	93.41999	27.256233	16.217886	98.366792	39.611251	17.73536	91.919884	38.926197	18.464281	72.111965	36.597378	16.593926	71.173621	19.808617	-2.586451
63.501444	24.866339	0.350502	56.080297	25.871228	7.172278	75.29303	18.530996	3.725474	60.054812	30.734243	6.879462	62.12472	39.396372	4.26161	71.856559	47.958043	16.277283	75.623212	26.026723	14.838687	92.474187	46.16723	16.562638	93.420626	27.107847	16.273479	98.37136	39.457295	17.733344	91.941157	38.882835	18.52778	72.11041	36.554096	16.572283	71.173621	19.808617	-2.586451
63.508908	24.834585	0.350544	56.092034	25.857094	7.196382	75.294715	18.504518	3.724008	60.057679	30.7341	6.879019	62.135752	39.381518	4.252216	71.880034	47.932316	16.261643	75.633852	26.003038	14.855177	92.512556	46.12618	16.620045	93.432749	27.073145	16.368008	98.389596	39.403304	17.909183	91.96716	38.858118	18.68905	72.555243	36.59157	17.472591	71.173621	19.808617	-2.586451
63.520147	24.814918	0.349597	56.104865	25.855228	7.200796	75.2978	18.485615	3.725809	60.057713	30.738816	6.878574	62.145962	39.371651	4.245635	71.95483	47.925076	16.683875	75.642426	25.985838	14.868612	92.593602	46.100897	16.666097	93.446016	27.037123	16.423838	98.410805	39.378796	18.079388	91.985268	38.825593	18.743721	72.551012	36.478871	17.41648	71.173621	19.808617	-2.586451
63.536387	24.797792	0.351639	56.114223	25.85749	7.223152	75.304024	18.464525	3.72964	60.058669	30.738769	6.878426	62.151588	39.359228	4.238208	71.973509	47.906418	16.672408	75.657093	25.980327	14.883097	92.68563	46.087903	16.726459	93.457013	27.016473	16.545766	98.426619	39.363532	18.154188	91.988897	38.676667	18.741759	72.55257	36.466896	17.410321	71.173621	19.808617	-2.586451
63.583192	24.77181	0.346643	56.142723	25.85616	7.304926	75.308639	18.44403	3.737712	60.061536	30.738625	6.877983	62.163831	39.354384	4.234122	71.99308	47.883047	16.658419	75.667053	25.972305	14.895762	92.710465	46.065755	16.888153	93.513658	26.989788	16.611311	98.44113	39.348956	18.206484	91.993965	38.549966	18.853721	72.556865	36.454943	17.403905	71.173621	19.808617	-2.586451
63.592508	24.723702	0.350999	56.155808	25.849678	7.310048	75.31697	18.420334	3.739749	60.063482	30.743246	6.877243	62.169458	39.341961	4.226697	72.046528	47.895571	16.65981	75.686272	25.970029	14.919982	92.714864	45.953766	17.005405	93.524258	26.920856	16.753812	98.460664	39.342571	18.276926	92.017866	38.536304	18.914624	72.558895	36.447767	17.400107	71.173621	19.808617	-2.586451
63.601801	24.699516	0.352766	56.163348	25.853926	7.326867	75.321256	18.395053	3.748149	60.065394	30.743151	6.876947	62.181922	39.327126	4.217153	72.054383	47.864958	16.643202	75.759346	25.965358	14.959994	92.793798	45.942241	17.052015	93.531542	26.913901	16.825705	98.488	39.344877	18.468531	92.101917	38.550861	19.103764	72.561821	36.435802	17.393819	71.173621	19.808617	-2.586451
63.609844	24.677514	0.35227	56.178232	25.839081	7.3431	75.326551	18.34576	3.755079	60.06635	30.743103	6.8768	62.207025	39.192474	4.140951	72.029187	47.739355	16.580515	75.784589	25.961144	15.085215	92.877064	45.929263	17.114931	93.550414	26.911019	16.964431	98.580599	39.355355	18.678603	92.117973	38.535056	19.166788	72.564513	36.421437	17.386351	71.173621	19.808617	-2.586451
63.624305	24.657972	0.353081	56.191845	25.837959	7.351232	75.328085	18.260837	3.763639	60.068261	30.743007	6.876505	62.209799	39.180009	4.133845	72.21299	47.772427	17.876943	75.845765	25.90901	15.223584	92.899002	45.912272	17.191081	93.565004	26.909676	17.094992	98.602577	39.352549	18.86199	92.13779	38.523852	19.260478	72.565129	36.399859	17.375469	71.173621	19.808617	-2.586451
63.636942	24.62625	0.354611	56.200141	25.852819	7.37654	75.33858	18.230733	3.772177	60.067288	30.740697	6.876875	62.217683	39.16261	4.123456	72.228632	47.751462	17.864678	75.871992	25.87487	15.276576	92.922659	45.900429	17.372113	93.589889	26.903299	17.197087	98.624275	39.341838	18.9672	92.172937	38.522782	19.458512	72.687593	36.452231	18.263949	71.173621	19.808617	-2.586451
63.648429	24.591614	0.350647	56.208334	25.828421	7.394639	75.337244	18.166631	3.776265	60.268812	30.740982	6.890148	62.054101	39.13849	4.096238	72.444385	47.800769	19.591007	75.892726	25.839836	15.318205	92.945006	45.863932	17.566346	93.693492	26.886089	17.372267	98.653148	39.324685	19.077511	92.214555	38.512143	19.679907	72.688134	36.402033	18.238834	71.173621	19.808617	-2.586451
63.698429	24.495318	0.349168	56.209333	25.821154	7.414772	75.323949	18.01862	3.777176	60.464747	31.172364	6.818944	62.050511	39.073429	4.061282	72.420174	47.763007	19.574013	75.967821	25.765311	15.372806	92.949202	45.719057	17.615657	93.83642	26.804195	17.522721	98.693714	39.260924	19.301321	92.377413	38.451623	19.358191	72.684961	36.244176	18.160331	71.173621	19.808617	-2.586451
63.124784	21.58243	0.295781	56.204636	25.816912	7.415313	75.318375	17.929428	3.7717	60.29296	29.97515	6.957628	62.058943	38.806481	3.036688	72.371245	47.575136	19.482763	76.066211	25.626277	15.523304	92.956705	45.539518	17.798202	93.975039	26.682667	17.617202	98.785034	39.134102	19.503554	92.538271	38.381465	19.513857	72.743728	36.022164	18.043827	71.173621	19.808617	-2.586451
63.323343	22.488581	1.137972	56.197585	25.778764	7.431803	75.304945	17.731469	3.775238	60.947458	30.344068	6.822104	61.956438	38.788081	5.66926	72.293843	47.321186	19.360504	76.129336	25.411496	15.667478	92.97116	45.341085	18.010817	93.998922	26.505848	17.79518	98.896369	38.959772	19.707456	92.566767	38.187472	19.723208	72.790884	35.778356	17.917643	71.173621	19.808617	-2.586451
63.321178	22.274437	0.198716	56.199365	25.773918	7.450534	75.29581	17.512524	3.782801	60.449786	29.16406	7.00835	62.48307	38.640821	6.950279	72.274146	47.086568	19.242646	76.151245	25.215995	15.716271	92.989975	45.120763	18.237898	94.019938	26.303824	17.969221	99.127003	38.764344	20.123988	92.595002	37.963763	19.986533	72.777009	35.524215	17.792141	71.068452	20.080199	-2.601133
63.323786	22.132765	0.212271	56.329685	24.011518	7.685213	75.285851	17.294581	3.798294	60.449786	29.16406	7.00835	62.742988	38.531991	8.663952	72.25372	46.844722	19.12117	76.175845	25.018181	15.763436	93.022107	44.902098	18.576161	94.040177	26.087239	18.085154	99.306148	38.555693	20.477423	92.61011	37.638653	20.141082	72.75992	35.265042	17.664435	71.068452	20.080199	-2.601133
63.361324	21.95752	0.132692	56.352993	25.612594	7.542985	75.283231	17.116082	3.80531	60.443807	28.361601	7.084033	63.34041	38.425653	10.396283	72.233516	46.605038	19.000776	76.216609	24.834745	15.818308	93.063485	44.683232	18.899639	94.059187	25.880472	18.275935	99.417937	38.336168	20.716455	92.640781	37.415753	20.344949	72.749227	35.015321	17.540843	71.068452	20.080199	-2.601133
63.367799	21.802189	0.13172	56.376747	25.619516	7.557247	75.282119	16.94802	3.819273	60.624645	30.762317	6.832244	63.41644	38.23424	10.733841	72.222263	46.386436	18.890295	75.963037	24.659603	15.597026	93.110368	44.472101	19.144416	94.090279	25.688666	18.477393	99.458949	38.124673	20.919037	92.677941	37.202681	20.553454	72.745211	34.791898	17.429745	71.068452	20.080199	-2.601133
63.383274	21.712735	0.137036	56.403067	25.615832	7.583488	75.289819	16.858065	3.827358	60.455767	29.967012	6.932622	63.652554	38.1146	11.982216	72.202881	46.181679	18.787647	76.188921	24.542503	15.939014	93.225504	44.304604	19.382033	94.162736	25.523944	18.65863	99.505108	37.93249	21.133614	92.728417	37.008448	20.79339	72.7417	34.587558	17.328127	71.068452	20.080199	-2.601133
63.396011	21.633429	0.145708	56.433738	25.568206	7.627149	75.298238	16.77604	3.840885	60.455767	29.967012	6.932622	63.662878	37.917229	11.878092	72.180107	45.983798	18.688829	76.31786	24.468295	16.178058	93.374046	44.248598	19.645271	94.163874	25.425454	18.711734	99.622957	37.763586	21.353683	93.263528	36.893	21.577658	72.92127	34.520689	18.591048	71.064751	19.8131	-2.573996
63.459169	21.496752	0.151958	56.484912	25.575071	7.743958	75.311395	16.635995	3.866512	60.455767	29.967012	6.932622	63.762747	37.767041	12.233783	72.162781	45.785864	18.589469	76.484507	24.395258	16.383033	93.581834	44.221741	19.896519	94.215951	25.321767	18.879824	99.752564	37.614033	21.557177	93.48715	36.773781	21.691278	72.937983	34.37001	18.514831	71.057353	19.279071	-2.519738
63.534669	21.457006	0.158279	56.545796	25.579697	7.784289	75.343596	16.564445	3.885258	60.447077	30.026887	6.928411	63.824131	37.721633	12.203297	72.137487	45.590053	18.491944	76.678862	24.358196	16.583229	93.726829	44.196172	20.131457	94.411249	25.296392	19.048018	99.892457	37.543069	21.806836	93.680702	36.761756	21.925337	73.364341	34.304237	18.488878	71.057353	19.279071	-2.519738
63.584417	21.401617	0.163939	56.706069	25.43176	7.867037	75.428468	16.47968	3.905205	60.874379	30.088012	7.595811	63.872499	37.695542	12.184357	72.482774	45.618135	19.359344	76.883982	24.355543	16.783995	93.873244	44.190748	20.398952	94.493405	25.352106	19.70319	100.039134	37.570011	22.092099	93.793356	36.767051	22.207837	73.805738	34.265984	18.475728	71.057353	19.279071	-2.519738
63.681765	21.361489	0.175524	56.885367	25.336669	8.019549	75.52763	16.33612	3.929669	61.102445	30.15576	8.249868	63.957331	37.660268	12.15668	72.558258	45.59795	19.34192	77.100724	24.346643	16.991073	94.09296	44.235119	20.698453	94.649298	25.400659	20.125841	100.192494	37.685184	22.436454	93.898913	36.789507	22.506778	73.979936	34.278381	18.901714	71.061052	19.546058	-2.546864
63.770279	21.218034	0.213727	57.058879	25.195697	8.167602	75.629176	16.178237	3.955063	61.771417	29.266866	8.27165	64.06422	37.635128	12.131993	72.693511	45.590328	19.325398	77.319776	24.373361	17.209554	94.273286	44.285285	21.023498	94.875228	25.463285	20.504618	100.357004	37.870848	22.81968	94.076111	36.838418	22.823136	74.103754	34.26479	18.882997	71.061052	19.546058	-2.546864
63.12087	18.338711	0.708065	57.257047	25.034443	8.34765	75.540729	15.051275	4.092778	62.905248	28.693314	8.32377	64.787785	37.742473	13.943771	73.473613	45.614282	20.193587	77.485807	24.41657	17.567107	94.466195	44.322321	21.358113	95.171315	25.537608	20.997724	100.579983	38.096568	24.013286	94.354905	36.992096	23.206174	74.236688	34.260914	18.868434	71.061052	19.546058	-2.546864
63.372383	18.756972	0.797173	57.457516	25.023169	8.519543	76.503609	15.828449	3.957539	62.569639	29.286537	8.320644	64.934732	37.710679	13.91132	73.6711	45.623463	20.179362	78.198376	24.35896	17.245819	94.75593	44.348322	21.69569	95.283056	25.530937	20.994836	100.768084	38.143687	24.50381	94.660101	37.026087	23.558589	74.666047	34.329304	19.756828	71.061052	19.546058	-2.546864
63.515123	18.625247	1.248716	57.65237	25.027333	8.721293	75.973463	15.459905	4.110351	62.992217	29.275632	9.321349	66.028548	37.808304	15.727908	74.287115	45.657175	20.613382	78.503528	24.24196	18.214995	95.099692	44.357082	22.047481	95.665091	25.537066	21.268351	101.109593	38.153165	24.958994	95.06372	37.060956	24.05692	74.82986	34.311383	19.732744	71.061052	19.546058	-2.546864
63.640406	18.514417	1.422624	57.860902	25.031576	8.920364	76.565284	14.261129	4.351042	63.148339	29.034447	9.318982	66.252644	37.663832	15.628681	74.550307	45.634204	20.577115	78.720304	24.215829	18.857039	95.617445	44.354775	22.51938	96.117586	25.534855	21.723562	101.532775	38.051779	25.363648	95.556122	37.080489	24.58356	75.364342	34.413231	21.059202	71.061052	19.546058	-2.546864
63.780197	18.421988	1.469934	58.131372	25.004061	9.122852	77.040493	15.880837	4.361799	63.32694	28.824443	9.963508	66.532901	37.51546	15.52219	74.84582	45.59323	20.52988	78.350745	23.930935	18.916374	96.237998	44.324969	23.059956	96.640807	25.494755	22.24407	102.077043	37.910289	25.84545	96.115706	37.076115	25.115049	75.70192	34.429753	21.470341	71.061052	19.546058	-2.546864
63.921066	18.293155	1.518517	58.412664	24.98898	9.324948	77.486356	15.088941	4.573287	64.198888	27.208598	11.823539	66.851266	37.510184	15.485917	75.764037	45.640163	21.390939	80.14567	24.022397	19.846507	96.9639	44.194711	23.566815	97.20367	25.375176	22.817532	102.687513	37.740416	26.381037	96.72455	36.936313	25.624526	75.990236	34.26689	20.933321	71.061052	19.546058	-2.546864
64.044113	18.187793	1.570282	58.738278	24.8195	9.549054	76.983467	16.337903	4.67112	64.501712	27.322114	11.525863	68.147769	37.638094	17.283354	76.64951	45.646873	21.378027	80.89245	23.978406	20.389295	97.75684	44.029272	24.193094	97.825426	25.209188	23.416194	103.415053	37.55135	27.019307	97.408794	36.77385	26.145194	77.130927	34.441936	23.140254	71.061052	19.546058	-2.546864
64.188986	17.9765	1.60391	59.081968	24.646877	9.772528	77.594931	15.939657	4.81548	65.056958	27.618597	13.180324	69.21734	37.640404	17.284124	77.440706	45.668022	21.359171	81.626214	23.882637	20.926422	98.625994	43.851789	24.865332	98.499108	25.030185	24.031298	104.200927	37.355089	27.690319	98.176283	36.612312	26.797015	77.813557	34.379536	22.660125	71.061052	19.546058	-2.546864
64.35538	17.787389	1.648808	59.442808	24.474213	10.015955	77.874189	15.547014	4.935946	64.75799	27.780184	13.498538	69.664294	37.656188	17.243718	78.327118	45.69051	21.759586	82.35017	23.833768	21.428526	99.555091	43.666799	25.580784	99.254678	24.860422	24.701197	105.056991	37.147951	28.428073	99.047893	36.443623	27.504749	78.671526	34.544962	24.835878	71.057353	19.279071	-2.519738
64.734866	18.408594	1.491509	59.777238	24.349579	10.320898	78.142752	14.34701	5.076702	65.899727	27.88416	13.899362	70.91067	37.779404	19.003679	79.505529	45.734707	23.015601	83.076278	23.830361	22.021853	100.60968	43.479313	26.302976	100.379351	24.574878	25.477892	105.940394	36.832388	29.141243	99.997295	36.274283	28.238502	79.829521	34.464094	24.774358	71.158782	18.74076	-2.477963
64.585425	18.489513	2.144148	60.125851	24.359995	10.635713	77.953653	14.36892	5.165257	68.808636	29.008635	14.462399	71.674576	37.788294	19.391329	80.944973	45.978814	24.747595	83.805221	23.828817	22.423776	101.723484	43.286179	27.093835	101.446812	24.366345	26.287722	106.887696	36.512452	29.907675	101.032222	36.100431	29.029348	80.362913	34.30859	24.583999	71.158782	18.74076	-2.477963
64.661611	18.589923	2.490714	60.540498	24.378104	11.0216	78.084457	14.207128	5.237845	70.267517	29.081915	15.393291	72.920152	37.857896	20.678912	81.795713	46.01344	24.715712	84.991749	23.770986	23.070429	102.865182	43.080029	28.011559	102.520822	24.090167	27.106358	107.985434	36.216733	30.793878	102.143431	35.919022	29.91766	81.829712	34.27658	26.303245	71.158782	18.74076	-2.477963
64.721159	18.645713	2.804918	61.032275	24.377073	11.43453	78.508936	13.983104	5.296461	70.640342	28.026991	16.789513	73.727037	37.802485	20.598063	83.364224	45.916898	25.469191	85.656659	23.952455	23.010358	104.065154	42.780682	28.922038	103.655865	23.937885	27.946986	109.180766	36.013925	31.764029	103.338034	35.637674	30.794004	82.898549	34.120138	26.823483	71.158782	18.74076	-2.477963
64.763982	18.71678	3.082107	61.492094	24.462819	12.428116	78.822276	13.787365	5.503019	70.463706	29.425704	15.238066	75.45292	37.833057	22.291718	83.976109	44.474139	24.312326	87.390576	23.806507	24.656049	105.391466	42.477103	29.826555	104.938845	23.767175	28.813117	110.486283	35.829104	32.738614	104.032018	35.302849	31.419975	84.28756	33.964916	27.575507	71.155074	18.473937	-2.450855
64.897922	18.780851	3.311035	62.006264	24.445859	12.73527	79.715746	12.823052	5.747722	72.798061	29.147995	16.294507	76.931428	37.770783	23.908427	86.654785	45.371399	27.189786	89.128244	23.680646	25.632411	106.900282	42.264787	30.805297	106.391993	23.544028	29.78686	111.914308	35.629086	33.805809	105.788608	34.90047	31.161214	85.720752	33.826845	28.372814	71.155074	18.473937	-2.450855
64.645038	17.868716	3.680921	62.610034	24.422088	13.096196	80.080855	14.457076	5.843314	74.049941	29.277623	17.251815	78.276412	37.540157	23.73923	87.899276	44.663882	27.695098	90.499839	23.438018	25.615513	108.53205	42.061071	31.819959	107.988898	23.315292	30.791001	113.485893	35.333549	34.807744	107.427664	34.766035	32.701867	87.290939	33.681327	29.191134	71.155074	18.473937	-2.450855
65.435698	19.47962	3.662882	63.20925	24.299306	13.480995	80.694686	14.904237	6.20401	76.493473	28.212335	18.954249	80.313876	37.523776	26.213051	89.413491	44.344731	28.264542	91.904523	23.393081	27.253295	110.252523	41.80613	32.947194	109.724474	23.035141	31.858293	115.180995	35.029454	35.892274	109.150285	34.593455	33.820993	88.999187	33.512819	30.020675	71.260177	18.202637	-2.436045
65.552562	18.703391	3.98593	63.777906	24.201897	13.874101	81.271965	15.008619	6.701055	77.417014	27.794192	19.250643	81.42188	37.363502	26.900331	90.708752	44.155981	28.939697	93.6177	23.115123	27.900512	112.114368	41.520586	34.110245	111.592641	22.745933	33.009605	117.036711	34.71635	36.991907	110.942429	34.291122	34.935961	90.83049	33.346075	30.917343	71.260177	18.202637	-2.436045
65.183949	18.370321	4.470887	64.357034	24.292661	14.266055	81.868866	13.056791	7.46134	80.356773	27.80891	21.886743	83.505428	36.994039	26.660429	93.045514	43.959062	29.598509	95.769574	22.959006	29.199448	114.278688	41.214424	35.33979	113.996681	22.553613	35.09925	119.018696	34.411673	38.207321	112.812506	33.973176	36.038842	92.807973	33.097846	31.87134	75.94814	17.365611	-2.663965
65.810307	18.397888	4.817727	64.963061	24.461583	14.677319	82.333053	13.161281	8.182678	81.648301	27.604978	21.184552	85.691396	36.757542	28.155144	95.726557	43.841751	31.519457	98.187246	22.702864	30.497111	116.456102	40.903661	36.59176	115.626266	22.185029	35.776144	121.110698	34.101709	39.391882	114.971696	33.637894	36.871155	94.894337	32.839973	32.742609	75.956329	17.657666	-2.475129
66.00561	18.423482	5.311532	65.655706	24.698371	15.067997	83.70254	13.643599	8.862162	82.797611	27.601359	21.794045	87.781217	36.510639	27.961017	97.670085	43.699853	33.018128	100.466893	22.459178	31.797242	118.723827	40.580147	37.90257	117.715499	21.838315	36.762652	123.412221	33.796217	40.703083	116.988909	33.431073	39.172529	97.12553	32.689685	33.773267	75.956329	17.657666	-2.475129
65.98231	18.526244	5.890708	66.482035	24.899347	15.480173	84.288667	13.698041	9.208183	84.410502	27.728971	23.399502	89.990418	36.447007	29.943688	100.27083	43.512397	33.653509	102.595879	22.203827	33.107223	121.162935	40.272052	39.231101	120.840772	21.615544	39.002252	125.973622	32.27666	41.500171	119.713295	33.199722	40.978483	99.476093	32.542978	34.773433	76.087632	18.987153	-2.621071
66.239452	18.636818	6.487377	67.466834	24.980172	16.05986	85.097983	13.966408	11.126757	87.311376	27.565084	24.711191	92.839058	36.300921	31.032224	102.867751	43.397635	35.545304	104.946155	22.073902	34.401818	123.739842	39.95055	40.434607	123.034037	21.288934	40.673334	129.523952	32.429429	42.662341	122.356175	32.94989	42.538727	101.984082	32.391061	35.825926	76.087632	18.987153	-2.621071
66.589029	18.680801	7.121033	68.713979	23.338951	16.771593	87.080959	15.280199	12.157162	89.610461	27.499762	25.880714	94.990948	36.194785	32.568137	105.640793	43.195072	36.160899	107.522459	21.276665	35.720343	126.510362	39.637778	41.797151	125.883173	20.969572	41.944341	131.833101	32.274406	44.965452	125.135963	32.666022	43.99671	104.75676	32.159889	37.090628	76.305348	18.979123	-2.641773
67.016021	18.770615	7.827635	70.088343	23.329062	16.604772	88.575972	15.448793	13.424703	92.455311	27.374404	27.177037	97.400581	35.921451	32.363539	108.849665	44.219571	38.135729	109.82838	20.706931	37.02639	129.391198	39.333435	43.114506	128.587815	20.567275	43.247807	134.629293	31.867423	45.889813	127.896533	32.203544	44.661154	107.581684	31.889898	38.216281	76.092137	19.254022	-2.648154
69.537278	19.261332	8.742737	71.707329	22.995822	17.172733	90.409119	15.693888	14.628887	95.298432	27.901287	28.461085	100.530931	35.685026	34.218702	110.711215	42.788184	37.839883	113.193135	20.891822	38.57946	132.445319	39.01452	44.451575	131.36557	20.17663	44.559336	137.372861	31.433413	47.05914	130.805064	31.765909	45.767833	110.555894	31.622997	39.449651	76.110169	20.322055	-2.756542
69.749802	19.339861	9.390073	73.473288	23.469536	17.971954	92.485409	16.037294	16.018234	99.099156	27.94174	31.088212	104.725992	35.56006	37.279366	114.597467	42.414321	39.907653	116.488743	20.349666	40.047753	135.593838	38.69381	45.728468	134.783738	19.827634	45.787469	140.700295	31.028026	48.469187	133.820103	31.451368	46.893168	113.59161	31.362657	40.688096	76.110169	20.322055	-2.756542
71.24598	19.094478	10.687174	75.811389	23.553307	18.874007	95.444562	15.972531	17.505771	102.054286	27.765179	32.025564	107.905176	35.206041	37.819411	117.185403	42.061167	40.493856	119.835609	19.094146	41.434404	138.900493	38.365226	46.988921	138.246887	19.407307	47.017492	144.003272	30.615755	49.839402	136.918174	31.134894	47.929793	116.79953	31.079917	41.926933	80.056972	20.040196	-2.819072
72.431698	18.920782	11.984994	77.358353	22.528081	20.009397	97.729081	16.172809	19.018703	105.466199	27.673443	33.951656	111.503206	34.982225	39.610321	121.204784	41.861682	42.603682	122.991756	20.291882	42.527273	142.31784	37.924675	48.130521	140.960337	18.949565	48.043361	147.352487	30.172172	51.044913	140.355072	30.87414	49.611078	120.097841	30.801739	43.12745	79.948084	20.04375	-2.809867
75.091271	18.173043	12.956242	80.123586	22.218794	20.798177	100.029838	17.137204	20.486984	108.831793	27.055957	35.259758	115.107727	34.74964	41.148623	124.375417	41.642605	44.392486	126.213959	19.727546	43.702715	145.787215	37.482411	49.220014	145.295169	18.548852	49.472717	150.731247	29.709772	52.014227	143.736805	30.48635	50.924281	123.519536	30.550073	44.389935	82.281038	20.078608	-2.438481
77.351313	17.457789	13.958783	82.777516	20.761934	21.561275	102.950726	16.951622	22.045118	112.335405	26.448179	36.541336	117.644837	34.42519	42.384578	128.055024	41.35655	44.509615	129.741263	19.860057	44.769076	149.599239	37.667674	50.44459	147.845984	18.319306	51.214919	154.032356	29.637114	53.018267	147.206156	30.044341	51.872207	126.983329	30.301467	45.560216	83.112241	19.779885	-2.657112
79.78283	16.833312	14.910409	85.524352	19.697769	22.320955	105.716777	16.395744	23.629352	115.284943	26.158935	38.186214	121.258284	34.224163	43.750566	131.476303	41.139284	45.094935	132.704805	19.625736	45.763512	153.284927	37.481146	51.375861	151.729781	17.794617	50.726332	157.433937	29.326094	53.724551	150.71599	29.590379	52.533096	130.522685	30.067047	46.623616	82.877808	18.986479	-2.560236
82.412916	16.932825	15.73314	88.216798	20.537601	22.967231	108.564475	16.962954	25.078605	118.460618	26.088608	39.807304	124.748903	34.162383	44.783772	135.016205	41.026234	45.988896	136.424128	18.377038	46.860832	156.971769	37.258125	52.108512	155.393358	17.449143	51.281411	161.144973	28.118632	53.919426	154.208639	29.311164	53.109413	134.108188	30.000081	47.72945	83.095348	18.979923	-2.576153
85.029104	15.522555	16.855021	91.045029	19.099521	23.717977	111.550449	15.943651	25.944253	121.601535	26.059903	40.744944	127.895983	34.090359	45.051798	138.534154	41.036581	46.922198	138.872468	18.449992	47.558509	160.474185	37.038651	52.55377	158.821944	17.095666	51.190878	164.160097	28.224058	54.51392	157.821261	29.214905	53.402127	137.714592	30.08583	48.823644	84.569796	18.442481	-2.554695
88.991569	15.966324	17.440679	94.420484	20.279164	24.124869	114.028332	17.187276	26.848337	124.741193	25.984091	41.346518	131.817086	34.142382	46.060735	142.38399	41.155964	47.795632	143.01226	18.587141	48.493976	164.112144	37.062106	52.978677	161.909137	17.120964	53.124892	167.356438	28.184145	55.060863	160.725656	29.437229	53.842083	141.229524	30.212977	49.786979	84.941702	18.17608	-2.534102
91.071872	16.060554	18.060058	96.88475	18.835593	24.723986	117.299482	15.842517	28.017178	128.298149	25.765431	41.570722	134.949358	34.110813	46.742865	145.61719	41.228976	48.49665	146.069011	18.652729	49.074185	167.330286	37.140775	53.290038	165.096258	17.078192	53.388533	171.116982	28.386502	55.681573	164.170333	30.537992	54.666631	144.609809	30.187542	49.990132	86.593845	17.096016	-2.479713
94.158903	15.35505	18.606494	100.345374	18.113521	25.069572	120.326252	15.586713	28.904026	131.450603	25.564094	41.841525	138.268859	34.038334	47.139237	149.152034	41.230458	49.104426	149.661935	19.077753	49.67608	170.621043	37.211495	53.545925	168.481111	17.087371	53.59799	174.48882	28.523357	56.090055	167.513808	30.266933	54.901123	148.014481	30.177161	50.450528	87.580814	16.588656	-2.229765
96.478876	15.03339	19.046818	104.011304	17.746469	25.222379	123.653088	15.628908	29.234945	135.794589	25.417076	42.616197	141.685141	33.890744	47.577874	152.662864	41.025619	48.101133	153.009938	19.103188	49.917464	174.134326	37.387751	53.81166	171.382295	17.929921	54.046326	177.774937	28.74003	56.350612	170.916347	30.327095	55.249447	151.373852	30.089128	50.866179	87.823729	16.587208	-2.23625
99.972581	14.301873	19.388623	107.055441	17.376363	25.31732	126.604362	14.567831	29.65189	138.377321	25.125721	41.621749	145.102297	33.739188	47.715974	156.022702	40.863911	47.884701	156.09133	18.753022	49.975614	177.398305	37.447614	53.348795	175.284258	17.927148	54.053991	181.019667	28.954043	56.560418	174.489862	30.420758	54.927441	154.710144	29.979814	51.095748	88.4148	15.311504	-1.683612
103.366611	14.320983	19.561353	110.637747	17.752491	25.362318	130.018	14.519661	29.372799	142.096904	25.030213	42.461912	148.477567	33.586081	47.546907	159.352926	40.768476	47.533215	159.121041	17.697618	49.883612	180.658961	37.45009	52.864018	178.687353	17.858306	53.706731	184.234504	29.151175	56.683617	177.208017	30.539128	55.00088	158.00796	29.859211	50.915544	NaN	NaN	NaN
106.48315	13.576164	19.758957	114.037751	17.004171	25.455984	133.806246	14.867577	29.23521	145.701949	24.71346	40.979046	151.491188	33.379647	47.0227	162.690062	40.665455	47.139912	162.701129	17.39219	50.191912	183.759734	37.458074	52.749116	181.453981	17.776765	53.751888	187.333883	29.577923	56.716306	181.127558	30.307752	54.684083	161.288441	29.820431	50.559312	NaN	NaN	NaN
109.585733	12.451131	19.980689	117.241186	16.237255	25.403573	137.19617	13.740822	29.174617	148.740078	24.981365	40.777084	154.701108	33.230909	46.845471	165.648055	40.574535	46.645227	166.258658	18.006036	49.687615	187.112747	37.288916	51.034317	185.713681	17.697128	54.276435	190.560411	29.747583	56.456072	183.688205	30.884618	54.083977	164.424001	29.821957	50.636178	NaN	NaN	NaN
113.356593	12.086274	20.142847	121.303657	16.328453	26.168964	140.328566	12.962511	28.999778	151.871488	25.189036	39.392085	157.941471	33.147483	45.904042	168.904732	40.494598	45.72091	169.467603	17.570257	49.075907	190.134788	37.284782	50.901825	188.693752	17.524869	52.931751	193.682984	29.5812	54.860262	187.366933	29.758282	53.130828	167.569021	29.806224	50.245422	NaN	NaN	NaN
116.850827	10.59724	20.464691	125.385681	15.576751	26.204491	143.758094	11.471278	28.986954	155.439602	25.152287	38.898301	161.170533	33.015199	44.946356	172.037808	40.389569	44.79647	172.460419	16.41433	48.258649	192.483482	37.301351	51.696774	192.428898	17.326962	51.656685	NaN	NaN	NaN	189.963403	30.05422	52.611347	170.730521	29.820308	49.645797	NaN	NaN	NaN
120.401337	9.84774	20.595191	128.775085	14.795393	26.051354	147.228275	9.245487	28.894546	158.739023	24.791939	37.784325	164.25841	32.909363	44.035727	175.326714	40.243043	43.891603	175.607063	17.278783	47.134258	NaN	NaN	NaN	195.561121	17.102184	50.254756	NaN	NaN	NaN	193.287317	30.034572	51.739978	173.828051	29.692577	48.871878	NaN	NaN	NaN
123.757029	9.814564	20.398027	132.774273	14.39448	25.887196	151.706658	8.952335	27.096145	162.017597	24.297622	36.346585	167.225251	32.75113	43.102377	178.412716	39.800064	42.820048	179.153761	17.480609	46.037683	NaN	NaN	NaN	NaN	NaN	NaN	NaN	NaN	NaN	NaN	NaN	NaN	176.787382	29.19177	47.148761	NaN	NaN	NaN
128.406873	9.778171	20.213338	136.364548	13.594196	25.596161	155.722373	9.619386	26.751817	165.450218	23.691986	34.868747	169.954745	32.260373	41.88467	181.260013	39.3005	41.773993	182.396753	16.518188	44.172545	NaN	NaN	NaN	NaN	NaN	NaN	NaN	NaN	NaN	NaN	NaN	NaN	179.670033	28.65665	45.989242	NaN	NaN	NaN
131.904706	9.336264	19.834661	140.199372	13.525295	25.202081	158.501946	8.255726	25.183165	168.227029	23.00369	33.529647	172.829347	31.57066	40.505966	183.990172	38.788687	41.244113	185.498875	16.289151	42.65224	NaN	NaN	NaN	NaN	NaN	NaN	NaN	NaN	NaN	NaN	NaN	NaN	182.387603	28.072435	44.988697	NaN	NaN	NaN
136.042225	9.003479	20.131352	144.444673	13.435874	24.599403	164.125661	6.042947	23.177008	170.740955	21.009414	31.82459	175.557822	30.878516	39.154182	186.485364	38.2134	40.106408	187.754543	15.703112	41.137075	NaN	NaN	NaN	NaN	NaN	NaN	NaN	NaN	NaN	NaN	NaN	NaN	185.000505	27.544609	44.089208	NaN	NaN	NaN
140.388302	8.904274	19.578419	147.628287	12.616768	24.194793	166.228115	4.74569	22.212646	173.349364	20.535211	30.872423	178.784362	30.283535	38.099757	188.433604	37.737789	39.485345	190.422953	14.762251	39.479802	NaN	NaN	NaN	NaN	NaN	NaN	NaN	NaN	NaN	NaN	NaN	NaN	187.470846	27.054463	43.192475	NaN	NaN	NaN
144.392846	8.27378	18.098261	152.967912	11.860545	24.154823	170.915943	4.003508	20.131886	176.998036	19.884999	29.272565	180.799238	29.510586	36.582196	190.320789	37.247086	38.43924	193.596394	14.125893	37.339418	NaN	NaN	NaN	NaN	NaN	NaN	NaN	NaN	NaN	NaN	NaN	NaN	189.472342	26.463734	41.584658	NaN	NaN	NaN
148.681851	8.438447	16.754277	156.90947	12.648332	21.905323	175.33354	2.369115	19.344911	179.011778	19.309276	27.085876	182.797722	28.831941	34.273297	192.420736	38.260488	36.011626	195.16269	13.31279	36.678031	NaN	NaN	NaN	NaN	NaN	NaN	NaN	NaN	NaN	NaN	NaN	NaN	192.11932	26.119982	40.720082	NaN	NaN	NaN
152.969519	7.441925	15.308493	161.298905	11.685323	20.502316	178.980157	1.741872	18.014186	181.343281	20.238859	25.392982	184.591141	28.600184	34.057282	193.799659	36.854751	35.652437	NaN	NaN	NaN	NaN	NaN	NaN	NaN	NaN	NaN	NaN	NaN	NaN	NaN	NaN	NaN	193.429275	25.803922	39.48614	NaN	NaN	NaN
157.646408	7.51674	13.267873	165.02597	11.753532	18.438246	182.478558	-0.009226	16.835579	183.411318	18.474909	23.365121	186.414684	28.166916	32.157265	NaN	NaN	NaN	NaN	NaN	NaN	NaN	NaN	NaN	NaN	NaN	NaN	NaN	NaN	NaN	NaN	NaN	NaN	195.260913	25.611999	38.05084	NaN	NaN	NaN
161.506763	5.565355	10.912198	168.433618	11.134542	16.809549	185.988579	0.134902	15.546455	184.934311	17.478246	21.440651	188.08747	27.724901	30.297467	NaN	NaN	NaN	NaN	NaN	NaN	NaN	NaN	NaN	NaN	NaN	NaN	NaN	NaN	NaN	NaN	NaN	NaN	196.07989	25.554249	37.67169	NaN	NaN	NaN
165.382003	4.855435	8.88478	171.232228	10.293446	13.6599	189.563067	0.332847	14.419104	186.397478	17.033925	20.205475	188.885533	27.348607	30.086126	NaN	NaN	NaN	NaN	NaN	NaN	NaN	NaN	NaN	NaN	NaN	NaN	NaN	NaN	NaN	NaN	NaN	NaN	NaN	NaN	NaN	NaN	NaN	NaN
167.932141	3.347073	6.985872	174.063643	9.707156	12.206546	191.508543	-0.781668	14.609467	187.656793	17.760983	20.700963	189.560942	27.150567	28.244164	NaN	NaN	NaN	NaN	NaN	NaN	NaN	NaN	NaN	NaN	NaN	NaN	NaN	NaN	NaN	NaN	NaN	NaN	NaN	NaN	NaN	NaN	NaN	NaN