51.954892	17.760243	0.648906	42.837905	25.766374	2.335651	59.381152	20.107387	8.317924	49.177639	29.183307	5.409271	49.73313	37.79441	9.908348	60.149899	45.491366	14.190773	61.819073	23.429025	10.207338	74.988412	45.603487	13.280249	74.484705	27.053729	12.559976	82.666102	36.090637	14.490543	74.397963	38.624454	15.232383	57.041003	36.189305	14.625896	57.038767	18.728229	-2.959653
51.927867	17.833027	0.747568	42.926784	25.771578	2.396663	59.384483	20.064867	8.411594	49.138799	29.191841	5.416057	49.670851	37.72938	9.875051	60.225367	45.581855	14.357999	61.850502	23.345383	10.283202	74.941493	45.676873	13.418804	74.491355	27.099755	12.538683	82.648165	35.969249	14.469032	74.438837	38.539922	15.200665	57.053124	36.053213	14.572591	57.078544	18.752132	-3.039806
51.931311	17.830207	0.745895	42.937735	25.771679	2.415053	59.387158	20.057023	8.409854	49.138799	29.191841	5.416057	49.614047	37.685686	9.555046	60.231638	45.576988	14.358064	61.856091	23.340171	10.281604	74.944537	45.674877	13.423699	74.503026	27.097304	12.538887	82.655329	35.96975	14.472251	74.443633	38.534751	15.197653	57.057037	36.04507	14.564649	57.086019	18.741538	-3.041085
51.93608	17.829625	0.74212	42.948704	25.768332	2.428572	59.398026	20.046759	8.408455	49.140561	29.184269	5.416408	50.125345	37.768934	10.49983	60.236021	45.567016	14.355204	61.862721	23.337066	10.277642	74.947826	45.671983	13.418887	74.503911	27.090758	12.545066	82.662294	35.968506	14.4622	74.450713	38.529442	15.194505	57.065224	36.037252	14.559914	57.090373	18.728496	-3.040822
51.939671	17.821548	0.739279	42.961964	25.769496	2.45474	59.406212	20.031515	8.407354	49.270579	29.185489	5.428102	49.735793	37.66013	9.543911	60.243738	45.560625	14.363418	61.870865	23.331601	10.274204	74.953914	45.667992	13.428677	74.51611	27.085822	12.545231	82.673447	35.969016	14.46534	74.458006	38.525207	15.19807	57.072289	36.024777	14.555498	57.098161	18.713224	-3.038339
51.945361	17.81839	0.735582	42.98509	25.767777	2.460739	59.419972	20.020794	8.40352	49.407062	29.263415	6.049736	49.855183	37.637309	9.534701	60.254632	45.550649	14.360355	61.884485	23.328805	10.272252	74.963091	45.663178	13.428718	74.52881	27.078686	12.54737	82.686242	35.966027	14.460345	74.469037	38.51741	15.193432	57.083074	36.011096	14.541003	57.108952	18.696882	-3.04217
51.954773	17.81282	0.732436	42.910667	25.741658	2.322326	59.439783	20.00036	8.401025	49.145181	29.224591	5.823885	50.035515	37.658543	9.845555	60.267077	45.538446	14.358983	61.902164	23.323698	10.270978	74.973505	45.658515	13.43189	74.539762	27.069651	12.55356	82.701878	35.96311	14.455356	74.482161	38.510157	15.192105	57.095991	35.995672	14.531565	57.120326	18.675632	-3.043935
51.965445	17.806655	0.725491	42.973195	25.75083	2.402236	59.459943	19.97973	8.397911	49.68261	28.937736	5.856681	50.108084	37.678926	10.150428	60.282489	45.524063	14.359251	61.934075	23.316526	10.272179	74.986859	45.651644	13.436767	74.575029	27.059212	12.549957	82.723259	35.960659	14.453589	74.500805	38.503242	15.193888	57.116174	35.977341	14.517042	57.15704	18.661459	-3.046329
51.983756	17.804165	0.724739	42.995842	25.747344	2.416461	59.531358	19.959012	8.383393	49.689991	29.240179	5.827633	49.806156	37.577695	9.490562	60.306213	45.50914	14.352778	61.996603	23.312126	10.274182	75.004828	45.6442	13.435065	74.625738	27.059147	12.552677	82.78287	35.955232	14.440497	74.527814	38.496299	15.192393	56.848683	35.929061	14.174228	57.167687	18.63181	-3.051681
52.006003	17.797151	0.727014	43.032888	25.74093	2.445442	59.593751	19.853104	8.374312	49.953188	29.300342	6.25726	49.983747	37.452855	9.716292	60.357177	45.500875	14.354764	62.016712	23.301025	10.266726	75.026085	45.64064	13.447741	74.715697	27.043821	12.531429	82.805402	35.952721	14.438653	74.59308	38.501476	15.202867	56.862746	35.900705	14.157377	57.177882	18.532654	-3.040454
52.059315	17.793976	0.734871	43.066089	25.73642	2.487029	59.61584	19.832061	8.36892	49.820559	29.21723	5.635204	50.222821	37.42604	9.708954	60.381519	45.480899	14.348576	62.073922	23.251494	10.256898	75.110566	45.624453	13.439093	74.734669	27.027203	12.536268	82.828055	35.951417	14.428196	74.61221	38.488021	15.191812	56.86807	35.78551	14.091968	57.195767	18.510645	-3.046562
52.069708	17.787715	0.727649	43.118102	25.743457	2.571774	59.6437	19.813106	8.360134	50.173047	28.60171	5.660064	50.297164	37.449359	10.015568	60.382416	45.354855	14.288747	62.124654	23.116905	10.257191	75.127022	45.614799	13.442309	74.750526	27.01294	12.540505	82.854054	35.946185	14.424724	74.63111	38.473199	15.189177	56.909862	35.772959	14.091411	57.206069	18.490007	-3.043456
52.07905	17.778364	0.716958	43.149208	25.736367	2.594125	59.66936	19.794533	8.354525	50.152527	28.415466	5.644695	50.043915	37.49187	10.318882	60.40864	45.343157	14.293448	62.20145	23.076107	10.255253	75.148987	45.607904	13.450033	74.789841	26.993034	12.539661	82.882287	35.940504	14.417872	74.65428	38.461007	15.187908	56.938875	35.755248	14.079996	57.229448	18.468214	-3.047915
52.09077	17.774656	0.709583	43.172653	25.730168	2.60566	59.762596	19.77577	8.320329	50.217442	28.249981	5.64754	50.245985	37.40271	9.979056	60.491134	45.329048	14.306632	62.265889	23.07126	10.253766	75.22715	45.586303	13.41136	74.912979	26.948061	12.520282	82.979154	35.931721	14.409294	74.68483	38.446118	15.184947	56.992818	35.738002	14.064337	57.265019	18.452112	-3.045135
52.338943	17.769073	0.68452	43.199394	25.730376	2.625461	59.826554	19.747087	8.279143	50.021652	28.554456	6.444949	50.207096	37.425404	10.280819	60.514699	45.318082	14.317867	62.284182	23.062084	10.24239	75.315589	45.567712	13.383436	74.931419	26.933928	12.525158	83.115065	35.92014	14.413805	74.824824	38.447507	15.191325	57.012323	35.722589	14.054786	57.278774	18.425526	-3.048126
52.140127	17.811346	0.980302	43.229855	25.721981	2.639299	59.848956	19.725797	8.272012	49.997941	28.615419	6.443901	50.324215	37.259449	10.188407	60.539834	45.306377	14.319313	62.304757	23.055941	10.234704	75.388455	45.545125	13.35355	74.946301	26.91709	12.52826	83.199925	35.910552	14.417419	74.924195	38.423818	15.17239	57.032624	35.699742	14.044084	57.289167	18.401115	-3.036456
52.143871	17.803567	0.980356	43.275879	25.716357	2.655936	59.879057	19.697034	8.264319	49.989716	28.675464	6.440003	50.32972	37.08479	10.086538	60.593341	45.30126	14.329207	62.324691	23.049906	10.22738	75.406009	45.471102	13.325915	74.957011	26.903773	12.538919	83.222146	35.903742	14.422263	75.007113	38.33035	15.121075	57.053788	35.676519	14.030036	57.304172	18.366643	-3.039456
52.145248	17.737862	0.66961	43.455355	25.716742	2.655185	59.904743	19.584603	8.264821	50.385246	28.66642	6.474348	50.361332	37.043476	10.060221	60.640399	45.297154	14.487364	62.356419	23.038436	10.233005	75.488383	45.454199	13.338248	74.991595	26.887268	12.544418	83.245907	35.889121	14.441228	75.02578	38.310847	15.140291	57.074794	35.63901	14.017034	57.341502	18.268718	-3.03165
52.150901	17.727444	0.669569	43.498559	25.705439	2.609159	59.990597	19.559112	8.24446	50.401033	28.522547	5.866039	50.372261	37.0147	10.042711	60.65978	45.270301	14.48661	62.42482	23.029178	10.235586	75.509045	45.434055	13.359826	75.083615	26.862826	12.546033	83.208615	35.524744	14.272809	75.053699	38.290338	15.170945	57.113285	35.51844	13.95936	57.354383	18.242768	-3.028695
52.149722	17.719947	0.670504	43.545098	25.71765	2.640739	60.052663	19.534483	8.237581	50.402787	28.514988	5.866394	50.379338	36.98844	10.026947	60.683385	45.229606	14.496265	62.44939	23.008367	10.230315	75.535757	45.416723	13.410406	75.185319	26.839708	12.55734	83.217204	35.317264	14.224755	75.108508	38.28036	15.304674	57.134007	35.490835	13.967451	57.364049	18.209959	-3.020594
52.158474	17.67656	0.673052	43.580434	25.714664	2.673355	60.123174	19.504091	8.225596	50.40848	28.509684	5.865791	50.390706	36.962328	10.01096	60.760053	45.108317	14.491173	62.472807	22.993336	10.230493	75.579807	45.394704	13.534273	75.263848	26.821258	12.603514	83.278348	35.299644	14.370337	75.199602	38.261944	15.359385	57.156412	35.463418	13.975481	57.381969	18.167104	-3.011088
52.225518	17.559149	0.672012	43.598099	25.734919	2.802062	60.1615	19.463489	8.22252	50.413081	28.499473	5.865845	50.399652	36.938781	9.996641	60.904305	45.095717	14.699283	62.535712	22.892832	10.228913	75.623747	45.366331	13.593288	75.277732	26.802945	12.717797	83.381722	35.279358	14.446495	75.307156	38.249032	15.456566	57.613997	35.51524	14.814199	57.401815	18.121299	-3.003573
52.302626	17.410888	0.672164	43.630978	25.754191	2.943594	60.246845	19.397812	8.201531	49.922381	28.037745	5.966073	50.637882	36.983853	10.614396	61.015749	45.095763	14.90857	62.579853	22.824455	10.254966	75.725558	45.331849	13.772461	75.324335	26.788359	12.823853	83.495637	35.283366	14.673981	75.367891	38.215053	15.634753	57.755951	35.460283	15.368454	57.452473	18.000484	-2.992469
52.382953	17.27253	0.670871	43.676664	25.768981	2.963957	60.291997	19.283759	8.193052	49.821991	27.974844	5.954421	50.651662	36.955213	10.596793	61.050665	45.058596	14.922534	62.694505	22.777486	10.292931	75.759541	45.252838	13.842514	75.389124	26.747168	12.986769	83.580963	35.299426	14.944985	75.420531	38.132502	15.816514	57.774638	35.434776	15.353068	57.480997	17.949439	-2.999915
52.529194	17.114523	0.762169	43.720941	25.781888	2.987598	60.332981	19.239306	8.196759	50.005833	27.786395	5.561044	50.676164	36.791936	10.500439	61.068913	44.913867	14.887896	62.732191	22.641144	10.314903	75.818186	45.243995	14.098664	75.420662	26.739918	13.178111	83.66339	35.310864	15.258971	75.503493	38.115543	16.076659	57.836688	35.421479	15.464148	57.530871	17.903191	-3.007817
52.575545	17.052454	0.750559	43.765798	25.784085	3.0225	60.426162	19.172065	8.181798	50.047118	27.726736	5.558506	50.718268	36.631844	10.404717	61.14367	44.886504	14.921191	62.80387	22.600191	10.314397	75.906912	45.2101	14.370013	75.55099	26.7281	13.371906	83.835398	35.310981	15.599573	75.668275	38.096465	16.370077	57.907322	35.424808	15.675223	57.229886	17.956357	-2.969529
52.578708	17.021694	0.750962	43.843641	25.784251	3.060128	60.525672	18.998766	8.121308	50.068012	27.812644	6.164275	50.789398	36.623755	10.39499	61.279319	44.868899	15.007382	62.94406	22.53661	10.35339	76.061242	45.100305	14.635793	75.722636	26.723244	13.633843	84.072611	35.266145	15.941515	75.894173	38.000369	16.667534	57.962181	35.422678	15.720207	57.227392	17.955367	-2.97553
52.528612	17.046885	0.754237	43.922327	25.824074	3.210402	60.6663	18.79294	8.075182	50.236598	27.866357	6.575545	51.148899	36.691088	10.730434	61.530753	44.865214	15.199805	62.953084	22.893641	10.688416	76.334144	45.066644	14.95087	75.932261	26.717277	13.939848	84.347987	35.153487	16.281653	76.171277	37.979186	17.001916	58.066284	35.431828	15.766061	57.23368	17.95551	-2.975104
52.585608	17.070748	0.389761	44.025489	25.838365	3.354698	60.83276	18.580216	8.015773	50.439124	27.746121	5.760066	51.691115	36.963757	11.765323	61.868057	44.874742	15.430947	63.075282	23.108608	10.90512	76.673295	45.016612	15.251563	75.898307	26.70671	14.504733	84.676355	35.021789	16.655801	76.477734	37.869609	17.283375	58.791406	35.578103	16.887527	57.226156	17.954405	-2.981447
52.303282	17.196036	0.376116	44.177939	25.877249	3.498626	60.991916	18.436581	7.948424	51.299516	28.133448	6.735421	52.180608	37.246744	12.519237	62.346754	44.901253	15.705319	63.22522	22.9647	11.138996	77.169634	44.940315	15.633301	76.076139	26.718798	14.902554	85.092091	34.885329	16.961812	76.859424	37.859887	17.684744	59.391564	35.68984	17.585573	57.226163	17.954094	-2.983391
52.277776	17.363116	0.39086	44.400913	25.907631	3.65595	61.191162	18.200679	7.935167	51.291584	27.804354	6.560567	52.433461	37.396366	12.281471	62.946619	44.94664	15.982602	63.57914	23.307837	11.415216	77.769184	44.932654	15.971813	76.524429	26.715609	15.246074	85.643855	34.903121	17.4855	77.457397	37.873037	18.144285	60.114724	35.799244	18.226863	57.232457	17.953927	-2.984907
52.233145	17.541113	0.396577	44.649873	25.91878	3.648	61.369572	17.936643	7.953489	51.6724	27.914434	7.375152	52.998419	37.543704	12.929749	63.657035	44.988897	16.296907	64.00008	23.511293	11.820376	78.583018	44.979771	16.934854	77.114197	26.883484	15.62191	86.37397	34.924085	18.047179	78.177006	37.875662	18.654954	60.914419	35.903046	18.844107	57.232464	17.953616	-2.986851
52.397583	17.518521	0.697707	45.002069	25.936631	3.675166	61.668252	17.647	7.980465	52.760712	26.991671	7.396602	53.74541	37.631562	13.361183	64.524443	45.017957	16.673162	65.016395	22.83896	12.337241	79.43755	44.925969	17.460606	77.837209	26.805188	16.14942	87.241128	34.912253	18.674333	79.053221	37.804367	19.219947	61.725536	35.965072	19.235666	57.232485	17.952683	-2.992682
52.464446	17.388226	0.381337	45.46757	25.948306	3.745166	62.109494	17.324078	8.033033	53.845683	26.792111	8.24853	54.631184	37.625154	13.227252	65.531227	45.030685	17.147492	65.524938	22.937865	12.956475	80.469085	44.853567	18.078572	78.738922	26.729692	16.756929	88.273755	34.807925	19.333431	80.068446	37.695963	19.814571	62.627948	36.006977	19.619602	57.231249	17.951721	-2.998599
52.547116	17.301828	0.366976	46.286503	26.223087	5.714309	62.624787	17.052399	8.105588	54.554956	27.767307	8.582534	55.947119	37.858325	15.080207	66.694458	45.014398	17.803494	66.393036	23.095643	13.535506	81.667714	44.731193	18.801554	79.775842	26.63533	17.434201	89.437386	34.658147	20.057666	81.255233	37.656753	20.598013	63.133227	35.922265	19.012907	57.226205	17.952228	-2.995053
52.690836	17.265362	0.465073	46.952575	26.272902	6.100233	63.19321	16.772293	8.174913	55.56833	28.202437	9.565274	57.010489	37.76989	14.425011	68.001144	44.953692	18.535451	67.604608	23.195371	14.371586	82.973811	44.595994	19.609047	80.928805	26.579196	18.171219	90.753155	34.529294	20.852868	82.600357	37.494635	21.11566	64.645669	35.935844	19.574999	57.218646	17.952677	-2.991678
52.855325	17.219618	0.600911	47.621201	26.350189	6.595025	64.048069	16.42331	7.899335	56.707321	28.452352	9.747205	58.547728	37.97334	16.248665	69.410847	44.841489	19.297057	68.84866	23.113993	15.221597	84.38167	44.447963	20.372161	82.252398	26.447965	18.953356	92.1952	34.383597	21.622123	83.97386	37.348646	21.825096	65.62646	35.924483	19.824005	57.290217	17.904802	-3.296132
53.046563	17.121979	0.778158	48.300398	26.421701	7.084545	64.441725	16.213134	8.542115	57.56802	28.064323	10.798091	59.819113	38.032255	16.82408	70.919154	44.737528	20.076564	70.143493	23.006253	16.096923	85.921153	44.282352	21.131892	83.656629	26.30001	19.762007	93.715124	34.221784	22.383008	85.472644	37.195949	22.616241	67.115099	36.066947	21.599849	57.290217	17.904802	-3.296132
53.077991	17.147186	1.296313	48.943583	26.478238	7.522292	64.956617	15.94285	8.909091	58.5564	28.002246	11.177196	61.261377	38.076039	17.388838	72.570641	44.721191	20.941167	71.542082	22.924314	17.051486	87.583038	44.105223	21.907437	85.161677	26.096905	20.563247	95.360912	34.051546	23.131091	87.322053	37.003235	23.322314	68.427541	35.949718	21.789235	57.290217	17.904802	-3.296132
53.568887	17.105427	1.316517	49.100686	26.545281	8.012177	65.434186	15.751443	9.238929	59.673542	28.080314	11.762572	62.754738	38.116243	17.947986	74.325253	44.5745	21.70813	73.023631	22.82658	18.002828	89.304175	43.912495	22.653875	86.777251	25.922044	21.351888	97.082552	33.749643	23.809517	89.177518	36.807024	24.145877	70.266071	35.801951	22.245146	57.290217	17.904802	-3.296132
53.861414	17.1368	1.630126	49.835926	26.640513	8.604008	66.011558	15.588294	9.555816	60.926777	28.124253	12.295027	64.61117	38.189622	19.0973	76.142762	44.412177	22.492753	74.766149	22.754669	18.817222	91.153334	43.714503	23.460356	88.538052	25.70526	22.108006	98.9188	33.43971	24.435836	91.029556	36.531342	24.839526	72.036728	35.721292	23.308928	57.289187	17.950972	-3.007594
53.683727	17.371524	1.639566	50.483459	26.730325	9.198871	66.703702	15.496782	9.838487	62.546709	28.214109	13.161781	66.354019	38.08434	19.855007	78.084225	44.241139	23.410117	76.230272	22.59448	19.438361	93.101536	43.483077	24.289776	90.389281	25.43446	22.796431	100.869106	33.234682	25.082272	92.897878	36.217658	25.49433	73.891133	35.582254	24.121426	57.568301	18.003437	-2.699974
53.681363	17.648742	2.248249	51.233833	26.800865	9.686289	67.490139	15.437767	10.07745	63.855935	27.86979	13.888694	68.139142	37.947891	20.592592	80.119257	44.055598	24.367925	78.317974	22.50061	20.726216	95.119004	43.176525	24.995944	92.293116	25.198803	23.4706	102.935976	33.006182	25.625509	94.832858	35.986901	26.199586	75.772636	35.412171	24.823041	61.355616	17.694967	-3.35304
53.950593	17.812389	2.871687	52.023004	26.859476	10.112829	68.341326	15.435705	10.345132	65.436896	27.751579	14.700283	70.0656	37.877625	21.932175	82.256454	43.854552	25.300129	80.30943	22.352662	21.604471	97.200006	42.868935	25.683705	94.343874	24.921172	24.095439	105.092635	32.677638	26.089462	96.818827	35.673459	26.857539	78.045268	35.244935	25.769772	61.281723	17.698233	-3.342168
54.184823	17.893799	3.328905	52.898506	26.919159	10.618014	69.274251	15.44781	10.678306	67.624236	27.670335	15.657238	72.229744	37.650785	22.327058	84.429794	43.543445	26.001938	82.32551	22.170462	22.231523	99.364787	42.625425	26.371706	96.476005	24.685495	24.692479	107.323934	32.471952	26.693575	99.206104	35.411585	27.320207	80.249658	35.0377	26.588236	61.281723	17.698233	-3.342168
54.471344	17.973201	3.772115	53.858902	26.995578	11.264322	70.324298	15.481573	11.050855	69.089568	27.612922	16.234989	74.153355	37.192451	22.884639	86.658809	43.185721	26.6387	84.441265	21.983771	22.81019	101.625606	42.403455	27.027672	98.708429	24.4027	25.251506	109.603156	32.265277	27.167238	101.529974	35.081299	27.843537	82.462619	34.73167	27.249023	61.281723	17.698233	-3.342168
54.884806	18.043747	4.259805	54.706051	26.747551	11.604108	71.802065	15.35365	10.406737	70.802381	27.462512	16.849891	76.558366	36.904044	23.80608	88.924935	42.832749	27.269989	86.693938	21.675486	23.338686	103.966947	42.156921	27.589139	101.04835	24.154384	25.709964	111.914382	32.051466	27.586579	103.924098	34.835998	28.341707	84.707501	34.390607	27.860383	61.281723	17.698233	-3.342168
55.509943	18.045604	4.420463	55.691996	27.107306	12.262459	72.505367	16.393112	11.64663	72.753136	27.29998	17.541166	78.74468	36.512998	24.107751	91.32211	42.606352	27.937613	88.664728	21.371627	23.852827	106.345072	41.830066	28.012035	103.455077	23.896074	26.115352	114.298515	31.722541	27.888746	106.29846	34.599073	28.774863	86.993358	34.022658	28.271827	61.559804	17.749843	-3.036651
56.069965	18.094855	5.052546	57.265186	26.238725	13.579525	74.510395	16.184852	12.231004	74.811582	27.133335	18.245494	81.01951	36.161501	24.712689	93.79271	42.377649	28.507957	91.249887	21.072299	23.817855	108.783152	41.605434	28.377426	105.924401	23.628797	26.470379	116.806059	31.51683	28.157794	108.695767	34.282909	29.099162	89.360151	33.693405	28.659196	61.787038	17.928907	-3.088619
56.669752	18.172575	5.700724	59.076521	26.150156	14.622465	76.12933	16.258703	12.671637	76.95188	26.987662	18.935801	83.835306	35.924639	25.924404	96.295876	42.157984	28.97768	93.719848	20.85829	24.276103	111.277904	41.372244	28.601084	108.425149	23.411101	26.76101	119.359235	31.297036	28.297824	111.123402	34.064365	29.399809	91.772955	33.423191	29.027766	63.148873	18.110513	-3.133796
57.378738	18.203649	6.295463	60.883879	26.073615	15.566322	77.828869	16.322886	13.171482	79.761379	27.53178	20.200802	85.946733	35.688198	26.315109	98.819555	41.90744	29.334273	96.239248	20.638368	24.637377	113.841208	41.13875	28.71586	110.965599	23.177503	26.892187	121.982746	31.073717	28.291107	113.642671	33.876591	29.862503	94.250608	33.191832	29.379565	64.503421	18.126449	-3.015123
58.304072	18.123143	6.925808	61.6276	26.488814	15.442763	79.596509	16.370439	13.68686	82.178647	27.367978	20.984801	88.707141	35.425959	26.446121	101.370756	41.563151	29.480512	99.015802	20.418499	25.002893	116.370982	40.908973	28.725707	113.577062	22.946725	26.896513	124.664154	30.842145	28.149608	116.17643	33.681509	30.135993	96.780995	32.956239	29.594978	65.258456	17.933465	-3.011319
59.34253	18.105277	7.708854	63.38114	25.812743	16.268379	81.456542	16.399335	14.123008	84.332131	27.243443	21.290691	91.402376	35.222291	26.8028	103.981588	41.348068	29.623952	101.36854	20.094508	24.971581	118.971727	40.672138	28.544176	116.259748	22.729854	26.764746	127.36696	30.620432	27.856491	118.895829	33.343325	29.17828	99.58869	32.737918	29.888334	65.332224	17.930631	-3.021243
60.68369	17.937404	8.46246	64.867798	25.602601	16.658335	83.357608	16.350479	14.564146	86.612427	27.072182	21.667056	94.186244	35.102982	27.2158	106.675945	41.105391	29.645115	104.13555	20.083905	24.974541	121.649658	40.441674	28.179259	118.95738	22.566746	26.553845	129.975593	30.485539	27.517002	121.560447	33.168053	28.947339	102.412496	32.539688	30.161665	65.332224	17.930631	-3.021243
62.046535	17.844778	9.270675	66.781859	25.642488	17.009447	85.360246	16.274715	15.060446	89.104393	26.963111	22.569135	96.843124	34.985327	27.489046	109.363713	40.871219	29.499772	106.804894	20.067111	24.856443	124.327678	40.243938	27.738911	121.661362	22.406853	26.188486	132.541785	30.353541	27.027796	124.258222	33.020441	28.606818	105.244339	32.332571	30.354054	66.57526	17.35634	-2.993584
63.456101	17.92833	10.164294	70.121175	25.582997	18.332813	87.426012	16.116015	15.526266	91.773062	26.70891	22.530957	99.408309	34.733356	27.417608	112.060709	40.595634	29.24256	109.839499	19.778137	24.799862	126.8602	40.058864	27.18901	124.31325	22.238552	25.683067	135.079356	30.229428	26.498489	126.902179	32.865383	28.085218	108.063492	32.093335	30.287408	68.86938	17.158769	-3.006895
65.179942	18.101588	11.924027	72.387136	25.345651	18.846412	89.627777	15.865426	15.855153	94.332998	26.547073	22.77927	101.956431	34.469748	27.196256	114.727897	40.308711	28.795801	112.451708	19.561735	24.754636	129.361326	39.891662	26.516245	126.960149	22.060897	25.049153	137.56306	30.06829	25.817712	129.52792	32.685392	27.373854	110.604142	31.651464	28.757465	71.768449	17.334239	-3.071737
66.788152	17.927651	12.553411	74.666066	25.18602	19.450642	91.86177	15.582826	16.097711	96.848387	26.333983	22.736755	104.510786	34.196374	26.840079	117.344555	40.038274	28.280947	115.150634	19.334294	24.33875	131.803416	39.703674	25.730563	129.579761	21.84376	24.238498	140.018881	29.786952	24.967602	131.781297	32.403871	26.413682	113.175636	31.342318	28.039271	72.083472	17.891507	-3.16331
69.022288	17.84788	13.810579	77.119702	25.035423	20.078089	94.184392	15.288888	16.256645	99.369335	25.49348	22.555072	107.16611	33.871831	26.330941	119.774571	39.917209	27.767501	117.757867	19.113249	23.663698	134.221189	39.473278	24.732474	132.16991	21.647133	23.314824	142.454259	29.63332	24.011574	134.299458	32.2618	25.693016	115.693277	31.116667	27.380145	72.083472	17.891507	-3.16331
71.273306	17.644876	14.826146	79.664706	24.878716	20.54655	96.617961	14.862505	16.251194	101.941079	25.712605	22.120473	109.743675	33.595375	25.636522	122.226952	39.783912	26.907493	120.335829	18.939363	22.8268	136.629128	39.305326	23.608033	134.737509	21.469544	22.262088	144.853045	29.455762	22.960755	136.688598	32.105654	24.656297	118.21124	30.974577	26.734965	72.364432	17.870599	-3.297432
73.702369	17.412267	15.355424	82.354	24.612224	20.736186	99.122458	14.372704	16.127529	104.393014	25.619738	21.554245	112.26987	33.474517	24.872716	124.653207	39.636311	25.797315	122.832848	18.77558	21.845518	138.941157	39.146727	22.343039	137.182811	21.306469	21.103604	147.167698	29.298051	21.82119	139.053778	31.925086	23.350413	120.79922	31.249596	25.963207	72.866561	17.843432	-3.456515
76.78577	17.179299	15.972708	85.589084	24.624619	21.048798	101.77008	13.892713	15.748411	106.601544	25.509931	20.59595	114.083967	33.341153	23.895825	127.057095	39.468082	24.515335	125.305959	18.591809	20.689154	141.234243	38.971291	20.936848	139.581059	21.147569	19.836046	149.427731	29.094611	20.503844	141.388638	31.725703	21.910313	123.168245	31.06864	24.797428	NaN	NaN	NaN
79.955009	16.975059	16.531368	88.843683	24.826095	20.943729	104.523676	13.49867	15.341135	109.257988	25.380085	19.699043	116.669213	33.165106	22.565551	129.449395	39.285584	23.134361	127.72281	18.412201	19.38367	143.500237	38.755059	19.431627	141.8941	20.9758	18.435706	151.568674	28.851025	19.064305	143.420042	31.607648	21.098124	125.550024	30.861364	23.452259	NaN	NaN	NaN
83.227535	16.68004	16.505846	92.357255	25.068601	20.467207	107.248649	13.015917	14.347702	111.860974	24.870505	18.610736	119.093819	33.080613	21.400591	131.773886	39.107726	21.57194	130.085297	18.28512	17.887221	145.680698	38.548951	17.889876	144.159005	20.785927	16.947151	153.672139	28.637464	17.536094	145.606799	31.448201	19.799914	127.984502	30.620059	22.022607	NaN	NaN	NaN
87.658539	16.894606	16.707563	96.020025	25.675286	19.374162	110.447802	12.594387	13.990139	114.332665	24.79457	17.373283	121.429993	33.061911	20.075859	134.008699	38.954041	19.946352	132.34129	18.219231	16.337211	147.81311	38.333262	16.390186	146.365618	20.586783	15.452568	155.73879	28.368923	16.155121	147.668285	31.155351	17.859192	130.198362	30.689008	20.626803	NaN	NaN	NaN
91.779569	16.359482	16.677216	99.825863	25.813015	18.599801	113.716234	12.085992	12.675245	116.771063	24.732737	16.064878	123.453373	33.06969	18.693974	136.001333	38.888299	18.43888	133.911808	18.202621	14.5846	149.816295	38.15166	15.188771	148.476776	20.353159	13.691589	157.674986	28.126094	15.004435	149.868449	30.883041	16.152257	131.493528	30.826639	19.80414	NaN	NaN	NaN
95.740849	16.79886	16.211604	103.780024	26.188289	17.670059	117.058165	11.702223	11.648582	119.095629	24.68304	14.684132	124.873064	33.118298	17.263706	137.690085	38.83468	17.135255	136.24055	18.113371	12.560398	151.579597	37.903893	14.324416	150.398852	20.273244	12.612959	159.337805	27.795967	14.385449	151.271372	30.767197	15.802808	133.317353	30.965622	18.660647	NaN	NaN	NaN
99.888885	16.032888	14.890785	106.963237	25.658982	15.864734	120.287468	11.571883	10.503336	121.220455	24.60073	12.77585	126.310235	33.021228	15.705104	139.118178	38.851384	16.039209	137.417153	18.217159	11.580827	153.145592	37.654099	13.828181	151.746186	20.054986	12.032521	160.753951	27.450981	14.24168	152.772228	30.618458	15.66538	134.739611	30.949526	17.587184	NaN	NaN	NaN
104.116334	15.942875	13.633012	110.910808	25.860256	13.787156	123.876398	11.44254	9.60094	123.222931	24.550147	11.058581	127.512025	33.041993	14.214005	140.291744	38.743236	15.065652	138.73519	18.230489	10.26168	154.472638	37.419829	13.693583	153.081	19.756679	11.735776	161.93234	27.071731	14.375577	154.054613	30.379586	15.435734	135.885783	30.893388	16.591445	NaN	NaN	NaN
108.342615	15.861662	11.484701	114.84646	26.277227	12.337521	126.957748	11.520392	8.259275	125.154095	24.586598	9.53926	128.496077	33.10051	12.70754	141.282519	38.675553	14.302557	139.955383	18.201453	9.259414	155.606307	37.194576	13.729109	154.109236	19.521606	11.750689	162.892973	26.681204	14.739625	155.040112	30.174846	15.506169	136.563394	30.766548	15.241115	NaN	NaN	NaN
112.366889	15.847031	9.272562	117.835571	26.686667	10.9277	130.186148	11.973219	7.043968	125.990879	24.737524	8.070679	129.321589	33.139592	11.25355	142.067626	38.605279	13.633547	141.013163	18.011047	8.566177	156.496919	37.012307	13.864682	154.943598	19.300971	11.849704	163.712991	26.400147	15.170875	155.792721	29.97332	15.542575	137.192598	30.644839	14.091223	NaN	NaN	NaN
115.110416	15.848947	6.222458	120.08843	26.77126	9.260824	132.933786	12.372392	5.504269	127.018929	24.814549	6.607093	130.048895	33.211993	10.012257	142.659	38.560731	13.17526	141.286993	17.837274	8.628809	157.161884	36.839368	13.990678	155.624896	19.119077	11.957159	164.356856	26.231401	15.39892	156.396874	29.80428	15.646941	138.063067	30.46883	13.872616	NaN	NaN	NaN
117.506988	15.388852	3.602166	121.99826	26.770244	6.619212	135.06005	12.795815	4.122699	128.50222	24.943906	5.321592	130.829797	33.311123	8.972758	143.156356	38.569242	13.18163	142.228647	17.408329	8.598047	157.683387	36.696798	14.060999	156.153046	18.991874	12.062947	164.896509	26.122103	15.380716	156.71921	29.646458	15.348575	138.607905	30.442404	13.318724	NaN	NaN	NaN
117.801238	15.749653	2.623684	123.234625	27.026442	5.563731	136.1032	13.005572	3.769001	129.201889	25.067561	4.061915	131.473934	33.524178	8.814851	143.67379	38.601064	13.198267	142.366401	17.121859	8.645819	158.158574	36.683786	14.068952	156.658845	18.964671	12.08488	165.418186	26.070726	15.213706	157.373183	29.607107	15.285865	139.13933	30.493467	12.972118	NaN	NaN	NaN
117.689963	16.074323	3.22496	122.84384	27.29112	5.542287	135.578847	13.048567	4.068479	129.191538	25.096205	4.264477	132.013267	33.72854	9.040429	144.220995	38.644648	13.255556	142.545901	17.131836	8.668453	158.733186	36.685542	13.844119	157.172746	18.983788	12.031972	165.999796	25.880513	13.971259	157.920903	29.629645	15.156192	139.708781	30.667062	13.016382	NaN	NaN	NaN
117.29818	16.104751	3.528978	122.394877	27.12844	6.231522	135.182196	13.195167	4.689743	129.054642	25.027298	3.869332	132.301425	33.827686	9.423396	144.643151	38.666045	13.219543	142.793699	17.267393	8.784837	159.174669	36.736215	13.535498	157.556029	19.037896	11.873744	166.502242	26.044528	14.295121	158.39106	29.694359	14.8751	140.201302	30.87534	13.28423	NaN	NaN	NaN
117.003602	15.915667	3.681293	122.041611	26.936418	6.880056	134.60036	13.031724	4.728057	128.962876	25.040977	4.479621	132.362695	33.873998	9.870795	144.737311	38.704948	13.219852	142.930009	17.392873	8.867576	159.247285	36.795908	13.247586	157.724337	19.11467	11.623335	166.706691	26.157153	13.984979	158.620818	29.808378	14.619379	140.117503	30.920475	13.494724	NaN	NaN	NaN
116.717235	15.577436	3.296433	121.026782	26.780703	7.91317	134.331388	12.880413	4.863481	128.48066	25.153178	5.113073	132.331262	33.882316	10.083084	144.694448	38.735618	13.2085	142.946448	17.414158	8.966774	159.163838	36.946233	13.053915	157.749274	19.203796	11.454195	166.694514	26.326922	13.753242	158.626097	29.868852	14.39901	140.453034	30.922424	13.429337	NaN	NaN	NaN
116.469777	15.407986	3.285883	120.7556	26.476894	6.981156	134.162346	12.786231	4.978319	128.306869	25.163559	5.532735	132.197164	33.841727	10.09051	144.581117	38.746566	13.150909	142.928142	17.376661	9.037059	159.058639	37.068247	12.924317	157.708852	19.296752	11.381085	166.606715	26.523132	13.677012	158.528001	30.014284	14.29115	140.389558	30.97597	13.749953	NaN	NaN	NaN
116.324212	15.341474	3.078815	120.55343	26.315145	6.039897	134.038317	12.641933	4.912554	128.512843	25.180979	6.125415	132.044787	33.694004	9.923993	144.428487	38.749009	13.147036	142.895858	17.309943	9.137182	158.880485	37.162425	12.968106	157.583661	19.345518	11.417725	166.501394	26.712539	13.799375	158.347942	30.067256	14.335712	140.345044	30.983099	13.847375	NaN	NaN	NaN
116.231969	15.331405	2.936782	121.17435	26.522015	5.679537	133.977437	12.637455	4.822455	128.404675	24.942647	5.335059	131.911476	33.483059	9.617957	144.232665	38.749361	13.164126	142.865984	17.278203	9.16875	158.684039	37.216251	13.08264	157.556853	19.389784	11.511601	166.423032	26.88792	14.059512	158.132056	30.111515	14.435659	139.979245	30.95213	13.763061	NaN	NaN	NaN
116.201718	15.328927	2.859107	121.228202	26.583665	5.676129	133.961985	12.652129	4.761097	128.666625	24.872397	4.907576	131.746244	33.447026	9.378165	144.053497	38.754471	13.201186	142.815589	17.257861	9.192473	158.548226	37.249665	13.276548	157.50857	19.429021	11.631741	166.301267	26.931633	14.264781	157.964046	30.166179	14.696692	139.750659	30.917479	13.601488	NaN	NaN	NaN
116.210824	15.347527	2.83517	121.228393	26.618068	5.672754	133.993739	12.751457	4.697876	128.248921	24.90523	4.728019	131.625103	33.498128	9.737068	143.987674	38.759821	13.24468	142.69391	17.272805	9.197499	158.488923	37.274976	13.461091	157.405044	19.461647	11.770305	166.109492	26.956901	14.48846	157.762401	30.267946	15.362552	139.884813	30.851091	13.104436	NaN	NaN	NaN
116.215939	15.383669	2.823871	121.206229	26.644109	5.669096	134.051444	12.837269	4.751583	128.186165	25.093123	5.943965	131.607801	33.516683	9.746114	143.966668	38.765636	13.25174	142.609581	17.299986	9.213899	158.455745	37.284478	13.537006	157.284968	19.47709	11.855687	166.006548	26.897436	14.645757	157.731758	30.267761	15.358503	139.715774	30.959672	13.774921	NaN	NaN	NaN
116.228737	15.474425	2.82274	121.532223	26.328921	6.31522	134.136656	13.025923	4.803588	128.189487	25.130063	5.940503	131.60482	33.538094	9.757922	143.955067	38.779823	13.288699	142.565166	17.303916	9.246555	158.450885	37.285983	13.569762	157.138491	19.480893	11.927057	165.982542	26.883572	14.712414	157.702139	30.210085	15.026124	139.661295	30.983898	13.806446	NaN	NaN	NaN
116.244821	15.514917	2.836739	121.149126	26.268976	6.026413	134.224703	13.151832	4.830665	128.190592	25.264897	5.92702	131.652822	33.571916	9.717453	143.955899	38.799593	13.290019	142.498218	17.31414	9.295612	158.448585	37.302319	13.60253	157.068366	19.486054	11.999512	165.969334	26.90331	14.760565	157.69269	30.228575	15.035152	139.651798	31.004735	13.814969	NaN	NaN	NaN
116.269951	15.562556	2.862081	121.180256	26.343989	6.020586	134.265225	13.20776	4.880717	128.199292	25.297234	5.924436	131.655886	33.71335	9.774334	143.95494	38.835954	13.307376	142.48448	17.33917	9.417005	158.450053	37.324938	13.627438	157.054341	19.523403	12.032926	165.961104	26.916612	14.798706	157.689442	30.260342	15.052325	139.647041	31.007456	13.679682	NaN	NaN	NaN
116.367346	15.632458	2.949988	121.376187	26.467563	6.64126	134.338483	13.258465	4.977973	128.210998	25.332188	5.921823	131.654622	33.888617	9.843713	143.94835	38.892962	13.333457	142.473124	17.361711	9.524302	158.447086	37.358711	13.643559	157.054646	19.59718	12.067687	165.956407	26.935777	14.827716	157.681714	30.368873	15.111425	139.644402	31.031625	13.677353	NaN	NaN	NaN
116.492391	15.758823	3.020256	121.473937	26.62629	6.630597	134.40853	13.229299	4.72785	128.222703	25.367143	5.91921	131.65613	33.909934	9.817624	143.931126	39.0221	13.368125	142.460753	17.384414	9.570737	158.429023	37.427458	13.684191	157.0404	19.637836	12.106753	165.944767	26.985308	14.879221	157.665457	30.408496	15.131284	139.635885	31.066371	13.680311	NaN	NaN	NaN
116.72223	15.855641	3.173951	121.775727	26.821976	6.926224	134.53458	13.276252	4.891062	128.234883	25.527102	5.904052	131.664645	33.928158	9.786943	143.918178	39.050371	13.379117	142.44792	17.407189	9.601657	158.41325	37.529178	13.735847	157.034462	19.70086	12.182259	165.933927	27.024171	14.924927	157.661285	30.456119	15.157117	139.633947	31.119258	13.690475	NaN	NaN	NaN
116.984652	15.999082	3.347291	121.916554	26.80519	6.2878	134.771251	13.353953	5.075488	NaN	NaN	NaN	131.664319	33.926025	9.582147	143.908794	39.110098	13.36549	142.435815	17.444686	9.631459	158.401477	37.584313	13.765624	157.029961	19.760087	12.232687	165.925259	27.117308	14.990724	157.645968	30.527493	15.194677	139.628563	31.261922	13.746434	NaN	NaN	NaN
117.359384	16.165741	3.55898	122.454492	26.923395	6.578395	135.071324	13.433875	5.197299	NaN	NaN	NaN	131.673003	33.924483	9.362706	143.900234	39.27068	13.418483	142.433198	17.499022	9.674961	158.406196	37.651316	13.794128	157.031546	19.832876	12.273121	165.918969	27.245485	15.062441	157.496485	30.709053	15.613961	139.634044	31.300584	13.742955	NaN	NaN	NaN
117.80465	16.361148	3.814626	122.361249	27.17711	7.221656	135.437124	13.673466	5.336968	NaN	NaN	NaN	131.406298	34.01337	9.768118	143.918122	39.421304	13.366247	142.450071	17.59407	9.776117	158.413685	37.786292	13.838715	157.051334	19.930984	12.337731	165.922927	27.416697	15.129669	157.647408	30.717958	15.300309	139.650597	31.36079	13.736325	NaN	NaN	NaN
118.254974	16.486618	4.046642	122.719389	27.269345	7.20692	135.834163	13.907329	5.463315	NaN	NaN	NaN	131.665036	34.010838	9.429763	143.94462	39.477473	13.34426	142.468307	17.636568	9.822488	158.435552	37.852512	13.840506	157.118088	20.00387	12.370668	165.955643	27.483084	15.11893	157.746315	30.788362	15.242734	139.664756	31.486398	13.620688	NaN	NaN	NaN
118.628591	16.661395	4.256144	123.479574	27.384265	6.836265	136.250096	14.158236	5.562691	NaN	NaN	NaN	131.826391	34.163427	9.448016	143.974491	39.512495	13.351631	142.497029	17.679536	9.870954	158.461942	37.988949	13.85725	157.207852	20.090886	12.400124	166.059567	27.531392	15.092905	157.861653	30.909939	15.253496	139.695555	31.620887	13.498204	NaN	NaN	NaN
119.082269	16.873824	4.504606	123.834562	27.696476	7.447707	136.672903	14.398933	5.647228	NaN	NaN	NaN	131.931021	34.340738	9.536211	144.015219	39.548906	13.30717	142.57031	17.702278	9.963442	158.554489	38.039952	13.728169	157.294805	20.193434	12.410019	166.162028	27.715836	15.127406	157.885156	30.965579	15.23503	139.736321	31.66442	13.477851	NaN	NaN	NaN
119.552176	17.095833	4.737795	123.832594	27.897639	7.130961	137.065463	14.658773	5.794326	NaN	NaN	NaN	132.004017	34.370395	9.537691	144.098841	39.614	13.29886	142.6574	17.722141	9.989732	158.587647	38.096722	13.713317	157.405057	20.233078	12.386721	166.258141	27.889857	15.158619	157.935842	31.026452	15.102368	139.77391	31.630937	12.995942	NaN	NaN	NaN
120.00926	17.283317	4.960812	124.771603	28.163473	7.700346	137.436845	14.921607	5.92874	NaN	NaN	NaN	132.079782	34.392314	9.536519	144.147085	39.738068	13.229219	142.712042	17.759154	10.009498	158.61689	38.226147	13.733095	157.526065	20.269605	12.382368	166.367002	27.898416	15.018063	158.013794	31.135034	15.136433	139.752908	31.662855	13.045058	NaN	NaN	NaN
120.431371	17.34955	5.1439	124.878656	28.293229	7.694288	137.848156	15.173355	6.007113	NaN	NaN	NaN	132.159607	34.405415	9.524064	144.255877	39.754657	13.186621	142.782336	17.799299	10.040023	158.663678	38.270124	13.714093	157.629082	20.293929	12.358921	166.461551	27.941626	14.991633	158.032602	31.168404	15.115151	139.680132	31.651919	12.768362	NaN	NaN	NaN
120.892762	17.345978	5.302177	124.756284	28.354349	7.708953	137.806779	15.432231	6.403342	NaN	NaN	NaN	132.211023	34.416941	9.518375	144.392843	39.780475	13.202494	142.830483	17.876016	10.109107	158.806054	38.288421	13.64562	157.671642	20.357979	12.350913	166.503975	27.962429	14.954871	158.062297	31.20498	15.100547	140.13161	31.754955	13.330279	NaN	NaN	NaN
121.383553	17.265986	5.317358	125.037603	28.275262	7.057449	138.109689	15.561155	6.512468	NaN	NaN	NaN	132.423995	34.440819	9.618163	144.443029	39.817529	13.185354	142.919066	17.902006	10.145757	158.840751	38.314132	13.55441	157.702232	20.375337	12.352771	166.533385	28.020009	14.935006	158.082847	31.249929	15.092512	140.335628	31.854449	13.832813	NaN	NaN	NaN
121.900111	17.134066	5.289133	125.002695	28.340469	8.022132	138.416422	15.647483	6.550758	NaN	NaN	NaN	132.49648	34.434009	9.586173	144.476149	39.844338	13.185371	142.961524	17.909481	10.156266	158.866944	38.349742	13.546002	157.586	19.60541	12.413668	166.556331	28.144175	14.856177	157.994635	31.431934	15.698684	140.538539	32.057162	14.442018	NaN	NaN	NaN
122.418707	16.958722	5.268906	125.057017	28.066443	6.755148	138.767203	15.820846	6.489077	NaN	NaN	NaN	132.536779	34.430747	9.581152	144.490396	39.962102	13.251033	143.035729	17.890658	10.165192	158.878255	38.449174	13.579885	157.857465	19.921988	12.433542	166.582702	28.159664	14.83112	157.95355	31.362914	15.104792	140.406314	31.824869	12.767954	NaN	NaN	NaN
122.897935	16.830984	5.207653	124.984385	27.988774	7.406456	139.019148	15.964625	6.472087	NaN	NaN	NaN	132.559575	34.424393	9.571073	144.511232	39.956516	13.223876	143.17004	17.863124	10.188771	158.895331	38.463628	13.5789	158.014978	19.991202	12.419057	166.602458	28.193811	14.816438	157.955713	31.373504	15.110961	140.304021	31.82083	12.788973	NaN	NaN	NaN
123.242434	16.64119	5.284485	124.891108	28.000939	8.048158	139.192514	16.059818	6.501128	NaN	NaN	NaN	132.580946	34.41671	9.569763	144.51851	39.95839	13.240674	143.195298	17.855411	10.172721	158.898892	38.476585	13.56432	158.123476	19.988052	12.402022	166.618155	28.190121	14.792563	158.198179	31.369908	15.056174	140.322604	31.813052	12.786477	NaN	NaN	NaN
123.469372	16.425731	5.137984	125.114118	27.600764	6.45242	139.272333	16.105264	6.604251	NaN	NaN	NaN	132.587899	34.411373	9.567007	144.527157	39.948151	13.215558	143.213886	17.848015	10.158712	158.905844	38.473937	13.563265	158.132871	19.978191	12.393636	166.625802	28.212578	14.780394	158.300128	31.354134	14.938573	140.327034	31.805115	12.782506	NaN	NaN	NaN
123.620043	16.252138	4.925978	125.024448	27.637636	7.091005	139.351445	16.132007	6.642836	NaN	NaN	NaN	132.593398	34.408701	9.565639	144.529718	39.943263	13.215764	143.222824	17.835111	10.157003	158.9061	38.470906	13.558068	158.136973	19.968158	12.376503	166.623378	28.20575	14.767443	158.386763	31.346344	14.911199	140.660283	31.831203	13.027644	NaN	NaN	NaN
123.737884	16.139334	4.717181	124.831631	27.718512	6.74757	139.3272	16.143907	6.729211	NaN	NaN	NaN	132.598786	34.409143	9.569132	144.529909	39.941462	13.221617	143.224649	17.827097	10.167821	158.90212	38.46674	13.543306	158.14128	19.96087	12.378396	166.618397	28.191453	14.753081	158.38381	31.340666	14.905875	140.650514	31.876182	13.34878	NaN	NaN	NaN
123.776352	16.072241	4.516689	124.617195	28.385187	7.669444	139.316179	16.176901	6.821639	NaN	NaN	NaN	132.592014	34.413605	9.565185	144.532192	39.942423	13.208331	143.213681	17.828831	10.192226	158.896891	38.457481	13.547891	158.131585	19.951925	12.367609	166.605596	28.204837	14.760603	158.366947	31.337618	14.900681	140.668026	31.909428	13.568028	NaN	NaN	NaN
123.802347	16.031218	4.317416	124.898782	28.182335	6.085786	139.251879	16.240603	6.98491	NaN	NaN	NaN	132.587889	34.424327	9.571207	144.520764	39.954282	13.226301	143.1967	17.823435	10.233297	158.880386	38.456805	13.541392	158.120253	19.947822	12.373689	166.587343	28.178252	14.761116	158.279456	31.3391	14.917411	140.678218	31.947438	13.769209	NaN	NaN	NaN
123.838603	16.006868	4.110985	124.883295	28.337602	6.393343	139.18784	16.300525	7.140653	NaN	NaN	NaN	132.575519	34.444853	9.576182	144.514557	39.962895	13.215553	143.181066	17.798126	10.333688	158.865146	38.45323	13.551878	158.093281	19.946905	12.383955	166.565814	28.187894	14.775568	158.276327	31.353698	15.015549	140.662286	31.961572	13.782056	NaN	NaN	NaN
123.896592	15.991634	3.92151	124.296528	28.491669	6.101408	139.186288	16.439104	7.210945	NaN	NaN	NaN	132.563336	34.46319	9.583345	144.502971	39.973525	13.222531	143.157745	17.809134	10.369464	158.846363	38.45637	13.556925	158.011929	19.932296	12.385745	166.53979	28.183622	14.794052	158.267473	31.346222	14.944696	140.645873	31.975863	13.796269	NaN	NaN	NaN
123.927657	16.001699	3.741347	124.834486	28.557068	6.692742	139.132289	16.499901	7.346973	NaN	NaN	NaN	132.547296	34.479347	9.592679	144.48786	39.979376	13.230581	143.130818	17.811986	10.400207	158.826942	38.454301	13.559779	157.936464	19.939515	12.412163	166.513938	28.1725	14.799468	158.244975	31.349832	14.951299	140.633517	31.984328	13.803891	NaN	NaN	NaN
123.957923	16.07406	3.558658	124.432756	28.447116	5.762573	139.010698	16.506586	7.453093	NaN	NaN	NaN	132.523297	34.489731	9.595603	144.472598	39.984201	13.229035	143.094634	17.814823	10.429615	158.80035	38.459051	13.577922	157.912526	19.938287	12.419006	166.479297	28.187982	14.818902	158.20278	31.34771	14.950436	140.610606	31.988512	13.815664	NaN	NaN	NaN
123.926036	15.992288	3.099843	123.958137	28.480925	6.109015	138.914011	16.525199	7.568701	NaN	NaN	NaN	132.499455	34.49033	9.599537	144.444848	39.987541	13.257634	143.017012	17.802698	10.431667	158.777417	38.453989	13.575977	157.889567	19.937571	12.429578	166.394661	28.180016	14.821497	158.142048	31.340663	14.946746	140.593245	31.990546	13.829833	NaN	NaN	NaN
123.898196	15.927376	2.798584	123.94879	28.434951	5.789092	138.906486	16.549171	7.638034	NaN	NaN	NaN	132.415747	34.480975	9.580999	144.405738	39.988609	13.264865	142.955747	17.819107	10.458473	158.734212	38.456971	13.598452	157.857238	19.937234	12.44093	166.368933	28.19502	14.839279	158.110898	31.343904	14.950701	140.560078	31.98784	13.844671	NaN	NaN	NaN
123.908025	15.740119	2.627129	124.347417	28.370497	5.44125	138.891416	16.570882	7.692396	NaN	NaN	NaN	132.35993	34.46911	9.584377	144.322501	39.988593	13.281764	142.946293	17.809062	10.534406	158.64126	38.46338	13.602944	157.774241	19.937788	12.454686	166.33966	28.197242	14.852572	158.080995	31.340164	14.957099	140.469828	31.973655	13.812792	NaN	NaN	NaN
123.946422	15.699651	2.550618	124.116763	27.493859	4.895139	138.87774	16.595798	7.752038	NaN	NaN	NaN	132.326067	34.455337	9.592144	144.286223	39.984977	13.313809	142.92859	17.785957	10.543014	158.555242	38.460408	13.624253	157.504951	19.938291	12.537136	166.302374	28.193194	14.856484	158.044004	31.341724	14.96598	140.362898	31.959006	13.77701	NaN	NaN	NaN
123.929491	15.692343	2.496661	123.909349	27.174181	4.59156	138.883523	16.609227	7.789706	NaN	NaN	NaN	132.294918	34.45138	9.599148	144.210213	39.984818	13.311475	142.909688	17.771483	10.558938	158.51702	38.464831	13.638937	157.371138	19.962699	12.67429	166.148104	28.223997	14.866543	157.954799	31.338462	14.970467	140.197803	31.941011	13.73226	NaN	NaN	NaN
123.902159	15.692904	2.47399	123.606295	27.487215	4.892279	138.884861	16.64652	7.836969	NaN	NaN	NaN	132.26826	34.44528	9.608707	144.174499	39.98999	13.355623	142.885662	17.766605	10.572445	158.485578	38.465041	13.639343	157.307571	19.97777	12.711007	166.043159	28.210455	14.866563	157.859827	31.347204	14.986134	140.086844	31.912397	13.525771	NaN	NaN	NaN
123.86337	15.708647	2.440736	123.704764	27.474121	4.872974	138.854115	16.689278	7.954627	NaN	NaN	NaN	132.237302	34.450724	9.611702	144.124959	39.999643	13.351674	142.842182	17.765714	10.591422	158.391982	38.487088	13.650546	157.262866	19.992618	12.738371	166.013693	28.238175	14.886842	157.735806	31.359905	15.011686	140.287185	31.983499	13.999981	NaN	NaN	NaN
123.854565	15.721092	2.411354	123.151866	27.696908	4.278217	138.866536	16.826787	7.992533	NaN	NaN	NaN	132.210215	34.457033	9.621417	144.060043	40.013483	13.362243	142.780405	17.772335	10.620322	158.363123	38.502668	13.657783	157.214653	20.013211	12.787069	165.984419	28.249436	14.894922	157.560051	31.369484	15.027639	140.389031	32.048583	14.374994	NaN	NaN	NaN
123.844024	15.729805	2.404337	123.581944	27.84674	4.558523	138.809168	16.885339	8.140978	NaN	NaN	NaN	132.159407	34.467685	9.626089	144.040399	40.028351	13.384829	142.751567	17.788684	10.690742	158.288182	38.51563	13.669345	157.142437	20.010739	12.806426	165.951374	28.255377	14.899531	157.416092	31.389777	15.091727	140.489233	32.110161	14.723148	NaN	NaN	NaN
123.832458	15.743871	2.398869	123.415212	28.048395	4.555254	138.754039	16.940871	8.2717	NaN	NaN	NaN	132.08355	34.478794	9.612561	144.032291	40.05107	13.368555	142.687639	17.83322	10.781751	158.259781	38.533352	13.672664	157.119706	20.029262	12.831093	165.873809	28.308089	14.91777	157.508566	31.413175	15.075112	140.596151	32.176121	15.081558	NaN	NaN	NaN
123.802889	15.763458	2.39541	123.250146	27.684301	4.258621	138.744968	16.989416	8.340707	NaN	NaN	NaN	132.067493	34.487353	9.620714	144.001499	40.077815	13.409472	142.666649	17.85898	10.877822	158.242365	38.54201	13.662555	157.10346	20.048573	12.845521	165.843159	28.39318	14.962613	157.58136	31.41836	14.985153	140.210235	31.943552	13.37771	NaN	NaN	NaN
123.761192	15.796546	2.392359	123.123431	27.582343	4.261428	138.74506	17.02578	8.396593	NaN	NaN	NaN	132.050888	34.501158	9.631192	143.937454	40.112245	13.409736	142.640412	17.872465	10.92635	158.203473	38.562737	13.668928	157.092324	20.064496	12.855528	165.81902	28.419365	14.973506	157.554725	31.443886	14.991533	140.327294	31.908877	13.040556	NaN	NaN	NaN
123.697528	15.922367	2.383131	123.130468	27.412421	4.278827	138.733206	17.177985	8.503612	NaN	NaN	NaN	132.040105	34.514586	9.638807	143.905126	40.245786	13.484163	142.579233	17.88971	10.943113	158.143692	38.590576	13.670598	157.079666	20.078835	12.871474	165.800257	28.429058	14.971971	157.532432	31.466784	14.996999	140.255148	31.920652	13.020161	NaN	NaN	NaN
123.62758	15.961644	2.425021	123.081659	27.306739	4.286591	138.73738	17.213127	8.553254	NaN	NaN	NaN	132.033006	34.531063	9.650954	143.888744	40.261949	13.496483	142.56875	17.912574	10.975822	158.132264	38.612317	13.668253	157.06754	20.096529	12.875909	165.784108	28.433926	14.97075	157.469314	31.492174	14.998357	140.176074	31.931621	12.976224	NaN	NaN	NaN
123.516267	16.00049	2.433156	123.073477	27.328546	4.283943	138.733071	17.243503	8.617877	NaN	NaN	NaN	132.027222	34.564932	9.663393	143.827297	40.281422	13.469917	142.557975	17.942293	11.005773	158.123108	38.654972	13.676822	157.055765	20.116675	12.897447	165.714872	28.477116	14.974724	157.450107	31.583288	15.038584	140.090369	31.95342	12.938771	NaN	NaN	NaN
123.402747	16.038599	2.420126	123.130468	27.412421	4.278827	138.701204	17.288688	8.721601	NaN	NaN	NaN	132.025391	34.695228	9.730866	143.820263	40.303604	13.492723	142.550068	18.018707	11.038402	158.108628	38.736211	13.701778	157.006782	20.121228	12.901198	165.70922	28.480419	14.963875	157.449103	31.607411	15.0373	140.094757	31.984778	12.952485	NaN	NaN	NaN
123.301662	16.165612	2.398864	123.130468	27.412421	4.278827	138.652209	17.335121	8.844707	NaN	NaN	NaN	132.023753	34.713021	9.734266	143.824055	40.341647	13.482576	142.55099	18.055589	11.130163	158.101036	38.76236	13.69501	157.004349	20.14786	12.91645	165.704497	28.524715	14.967072	157.439066	31.634594	15.039254	140.090061	32.12518	13.026515	NaN	NaN	NaN
123.243588	16.199955	2.439662	123.146943	27.679498	4.253066	138.620627	17.489713	8.918003	NaN	NaN	NaN	132.024998	34.728168	9.7364	143.819583	40.387307	13.496417	142.545103	18.077792	11.158905	158.093981	38.783287	13.68576	156.992522	20.178591	12.95469	165.682595	28.650682	15.025613	157.433827	31.656035	15.035537	140.090974	32.143289	13.033227	NaN	NaN	NaN
123.251524	16.220647	2.501494	123.16342	27.946592	4.227302	138.599014	17.531461	9.004719	NaN	NaN	NaN	132.023549	34.743771	9.741984	143.808489	40.506937	13.557955	142.539222	18.103145	11.17725	158.086428	38.801242	13.672524	156.999396	20.264176	12.95681	165.677758	28.657151	15.019727	157.426532	31.681582	15.043925	140.095487	32.158638	13.037743	NaN	NaN	NaN
123.278089	16.251174	2.593362	123.146943	27.679498	4.253066	138.586697	17.560838	9.062247	NaN	NaN	NaN	132.017697	34.762438	9.752062	143.810451	40.518452	13.529554	142.531308	18.125924	11.19559	158.088356	38.819448	13.576831	156.986456	20.287474	12.979511	165.666693	28.687094	15.024761	157.336956	31.711747	15.055864	140.164593	32.187221	13.084102	NaN	NaN	NaN
123.385817	16.287653	2.755349	123.250146	27.684301	4.258621	138.459455	17.165476	9.130935	NaN	NaN	NaN	132.013812	34.77855	9.76144	143.803908	40.532802	13.548326	142.524408	18.141757	11.2151	158.083412	38.827682	13.564119	156.983363	20.30498	12.983524	165.662287	28.678649	15.016843	157.241746	31.733328	15.078028	140.238271	32.213145	13.164091	NaN	NaN	NaN
123.481381	16.330111	2.916305	123.250146	27.684301	4.258621	138.445954	17.240391	9.16269	NaN	NaN	NaN	132.008013	34.802132	9.771187	143.802439	40.546578	13.539952	142.513902	18.162756	11.237629	158.063001	38.856202	13.575994	156.972128	20.321563	12.994735	165.648079	28.706421	15.022879	157.101606	31.856509	15.351989	140.245559	32.259647	13.356735	NaN	NaN	NaN
123.550306	16.355871	3.031685	123.177142	27.594039	3.617729	138.440454	17.315235	9.198851	NaN	NaN	NaN	131.99851	34.946437	9.851897	143.797329	40.564224	13.544356	142.510909	18.187535	11.316364	158.036614	38.936831	13.615803	156.958201	20.333648	13.008375	165.636848	28.710832	15.019909	156.979099	31.872751	15.386829	140.241062	32.2809	13.368435	NaN	NaN	NaN
123.647156	16.373773	3.148376	123.179897	28.213704	4.201537	138.444121	17.368037	9.293457	NaN	NaN	NaN	131.994644	34.959865	9.859762	143.793548	40.58449	13.550378	142.496228	18.208424	11.335912	157.926014	38.956748	13.616482	156.884656	20.35366	13.036584	165.624061	28.710417	15.016683	157.229891	31.837635	15.020296	140.240326	32.312753	13.386017	NaN	NaN	NaN
123.718788	16.390053	3.270469	123.060202	27.941806	4.221903	138.455714	17.396943	9.320012	NaN	NaN	NaN	131.983613	34.97322	9.867024	143.795235	40.625843	13.547693	142.437756	18.235232	11.335944	157.920963	38.968731	13.614284	156.871457	20.368063	13.051276	165.548023	28.733678	15.016678	157.298018	31.832806	14.910041	140.22912	32.436971	13.450764	NaN	NaN	NaN
123.741576	16.410364	3.295765	122.949816	27.810992	4.228845	138.469493	17.432602	9.343552	NaN	NaN	NaN	131.979421	34.984352	9.876381	143.783245	40.733928	13.507043	142.430767	18.258074	11.354412	157.91223	38.980351	13.608765	156.867003	20.380257	13.052001	165.536019	28.724771	15.005291	157.277338	31.837585	14.900562	140.22911	32.447621	13.456986	NaN	NaN	NaN
123.7963	16.441549	3.295611	122.929136	27.800173	4.228797	138.486874	17.556441	9.359893	NaN	NaN	NaN	131.969859	35.005309	9.884942	143.782687	40.745888	13.482413	142.420742	18.3287	11.367563	157.905241	38.99756	13.608882	156.857198	20.395353	13.056307	165.520242	28.752518	15.010638	157.225188	31.854171	14.899576	140.220356	32.465688	13.463142	NaN	NaN	NaN
123.935215	16.56904	3.297097	122.327948	27.846044	4.26734	138.484953	17.582616	9.399207	NaN	NaN	NaN	131.964237	35.029357	9.89837	143.782812	40.760878	13.485143	142.413778	18.355079	11.393421	157.896872	39.011432	13.602033	156.844165	20.416725	13.067095	165.4591	28.772925	14.993363	157.219647	31.871277	14.89958	140.218374	32.486407	13.471042	NaN	NaN	NaN
124.226903	16.611007	3.294086	122.932324	27.784156	3.907685	138.465814	17.632776	9.490034	NaN	NaN	NaN	131.943519	35.078971	9.917961	143.783596	40.786661	13.496769	142.408009	18.392056	11.438515	157.896175	39.027461	13.592612	156.843388	20.444324	13.059509	165.445514	28.868378	14.947388	157.215347	31.895845	14.900806	140.220698	32.516836	13.47854	NaN	NaN	NaN
124.835343	16.756822	3.983075	123.772804	27.940295	4.21064	138.496132	17.712223	9.555027	NaN	NaN	NaN	131.940973	35.242336	9.993866	143.791268	40.850845	13.47936	142.400808	18.456408	11.546847	157.895695	39.064048	13.591425	156.828304	20.547632	13.079355	165.436473	28.903591	14.954716	157.20515	31.940131	14.903025	140.221812	32.602004	13.509777	NaN	NaN	NaN
125.571085	16.776719	4.071963	123.403865	28.125529	4.87016	138.550287	17.914686	9.697906	NaN	NaN	NaN	131.947929	35.435453	10.090132	143.792184	41.01001	13.545521	142.404039	18.56985	11.684906	157.907756	39.112847	13.570223	156.808658	20.5945	13.113691	165.437967	28.90371	14.939066	157.208271	32.065806	14.948223	140.235078	32.744485	13.566401	NaN	NaN	NaN
126.397081	16.719954	3.94764	123.538083	28.091254	4.957296	138.666781	18.132468	9.810191	NaN	NaN	NaN	131.948375	35.564417	10.149975	143.795949	41.196284	13.569062	142.40823	18.705125	11.745505	157.915009	39.239421	13.585313	156.684566	20.641333	13.191156	165.441004	28.957555	14.941091	157.209023	32.118698	14.942597	140.247375	32.943345	13.641563	NaN	NaN	NaN
126.822437	16.686969	4.04184	123.730837	28.072561	5.077684	139.350093	18.308407	9.866061	NaN	NaN	NaN	131.953284	35.62398	10.170698	143.812866	41.235379	13.436007	142.42816	18.858234	11.860473	157.93907	39.291334	13.486149	156.61053	20.722741	13.281429	165.451408	29.023575	14.942867	157.229802	32.179953	14.824032	140.267352	33.117374	13.697192	NaN	NaN	NaN
127.094697	16.653675	4.024675	123.506918	27.871297	3.609655	139.432542	18.394743	9.956654	NaN	NaN	NaN	131.96424	35.647146	10.177839	143.820324	41.27283	13.420542	142.447717	18.927055	11.889078	157.93845	39.440437	13.525878	156.616826	20.860837	13.334925	165.454006	29.161379	14.968007	157.238329	32.316909	14.862666	140.273277	33.144457	13.537405	NaN	NaN	NaN
127.042795	16.639775	3.9416	122.755365	26.720145	3.0886	139.476309	18.37173	9.966171	NaN	NaN	NaN	131.961136	35.657314	10.179945	143.823138	41.329663	13.402652	142.462482	18.964984	11.895668	157.936291	39.497979	13.515763	156.627437	20.912275	13.352306	165.452171	29.360833	15.014924	157.236842	32.372056	14.855807	140.265581	33.137525	13.324865	NaN	NaN	NaN
127.156033	16.623862	3.850274	122.544069	25.974492	3.200935	139.479903	18.356343	9.944592	NaN	NaN	NaN	131.965346	35.657777	10.183636	143.809904	41.466304	13.486779	142.479887	18.980134	11.8838	157.930717	39.54244	13.497771	156.644966	20.956431	13.33975	165.460032	29.448168	14.931183	157.24417	32.425946	14.858163	140.270835	33.148611	13.334571	NaN	NaN	NaN
127.273395	16.596713	3.695137	122.44837	25.273383	3.225423	139.482197	18.326145	9.909708	NaN	NaN	NaN	131.948993	35.649766	10.178718	143.805479	41.471257	13.464638	142.494338	18.976109	11.861071	157.931058	39.575588	13.403723	156.663437	21.052396	13.314987	165.457481	29.528059	14.94435	157.237839	32.525189	14.888	140.265212	33.15343	13.333665	NaN	NaN	NaN
127.411663	16.561401	3.540897	122.75239	26.179003	3.093163	139.497865	18.278395	9.831041	NaN	NaN	NaN	131.934159	35.62975	10.176741	143.793647	41.472083	13.471799	142.504107	18.96646	11.833194	157.913772	39.653478	13.441533	156.662249	21.06447	13.298155	165.456241	29.537156	14.93951	157.231998	32.537939	14.891716	140.257094	33.149553	13.341006	NaN	NaN	NaN
127.557383	16.505742	3.353423	122.84497	26.585607	3.051331	139.494697	18.208023	9.764848	NaN	NaN	NaN	131.921028	35.594217	10.169531	143.781431	41.468757	13.485753	142.506903	18.945723	11.796705	157.904938	39.648304	13.438741	156.677553	21.054572	13.240386	165.449648	29.518642	14.929233	157.227279	32.534886	14.887195	140.248962	33.143967	13.353884	NaN	NaN	NaN
128.083909	16.344348	2.647067	122.80902	26.715686	3.067202	139.484424	18.089344	9.716584	NaN	NaN	NaN	131.902805	35.467487	10.107341	143.769342	41.460156	13.473523	142.497415	18.910572	11.713109	157.892411	39.63941	13.445675	156.744682	21.029555	13.165902	165.434744	29.535651	14.945137	157.213887	32.522632	14.88571	140.233093	33.131226	13.349776	NaN	NaN	NaN
128.156172	16.219958	2.665483	122.803227	26.881596	3.122002	139.500305	18.024469	9.595203	NaN	NaN	NaN	131.889898	35.450249	10.10767	143.757442	41.450917	13.500875	142.497705	18.879587	11.689454	157.88787	39.613298	13.431894	156.736612	21.016959	13.147265	165.432548	29.462941	14.914596	157.212022	32.5078	14.884642	140.225876	33.122156	13.373125	NaN	NaN	NaN
128.32302	16.155758	2.458126	122.709714	26.733665	3.178581	139.513554	17.941123	9.467397	NaN	NaN	NaN	131.873901	35.427596	10.104412	143.745232	41.435196	13.490719	142.496764	18.844606	11.657656	157.882537	39.537428	13.410331	156.728504	20.999375	13.128733	165.429744	29.380148	14.882378	157.200483	32.487633	14.878982	140.219313	33.128544	13.562842	NaN	NaN	NaN
128.502142	16.107028	2.352954	122.678003	26.636627	3.190689	139.472364	17.794251	9.410107	NaN	NaN	NaN	131.861009	35.40769	10.103237	143.73201	41.418811	13.497159	142.501756	18.812289	11.610241	157.874912	39.522516	13.407871	156.721023	20.984774	13.112442	165.422381	29.367428	14.878312	157.197415	32.471817	14.870218	140.216676	33.133232	13.7402	NaN	NaN	NaN
128.654031	16.097637	2.353325	122.692371	26.627182	3.192167	139.456063	17.65732	9.387499	NaN	NaN	NaN	131.854776	35.38508	10.10047	143.721936	41.399862	13.502814	142.500968	18.724393	11.517863	157.871939	39.509457	13.400892	156.722266	20.971393	13.089454	165.41894	29.348407	14.865094	157.195341	32.461772	14.868289	140.213974	33.11702	13.747008	NaN	NaN	NaN
128.767092	16.07597	2.277313	122.70236	26.622929	3.196727	139.461049	17.615495	9.329206	NaN	NaN	NaN	131.845587	35.361541	10.090451	143.714848	41.38557	13.483392	142.509199	18.705472	11.494471	157.8622	39.507248	13.401919	156.727381	20.958232	13.053768	165.412561	29.366501	14.871653	157.18793	32.448582	14.860449	140.200949	33.081353	13.736293	NaN	NaN	NaN
128.85995	16.067869	2.234812	122.717927	26.618169	3.197312	139.480893	17.571983	9.233795	NaN	NaN	NaN	131.849802	35.224169	10.023432	143.643478	41.354121	13.482983	142.517976	18.684045	11.469712	157.865282	39.49604	13.390594	156.732484	20.952253	13.03187	165.414902	29.339476	14.853853	157.193899	32.369391	14.817106	140.204551	32.961357	13.682424	NaN	NaN	NaN
129.01039	16.052501	2.205268	122.732213	26.626586	3.201015	139.471501	17.548123	9.207011	NaN	NaN	NaN	131.79086	35.213996	9.998606	143.65206	41.251104	13.415138	142.524218	18.672519	11.445935	157.857666	39.49681	13.396242	156.730947	20.937368	13.015015	165.411315	29.354896	14.858847	157.188767	32.366274	14.811656	140.193924	32.956568	13.682879	NaN	NaN	NaN
129.09108	16.026671	2.15087	122.74006	26.623774	3.199094	139.468496	17.522748	9.171949	NaN	NaN	NaN	131.788118	35.209533	10.002378	143.648363	41.246678	13.419434	142.527081	18.659465	11.411037	157.855399	39.491591	13.393403	156.721878	20.880895	13.012197	165.410058	29.345965	14.847985	157.189072	32.360994	14.808754	140.136047	32.950245	13.687264	NaN	NaN	NaN
129.133441	16.005698	2.053787	122.749379	26.623715	3.197313	139.47313	17.502542	9.125486	NaN	NaN	NaN	131.785718	35.204696	10.003152	143.639071	41.245626	13.431912	142.519025	18.637356	11.332416	157.856238	39.485988	13.387653	156.725585	20.875305	12.992445	165.411041	29.3327	14.840743	157.189735	32.353103	14.804864	140.134743	32.943237	13.689743	NaN	NaN	NaN
129.166954	15.893407	1.406923	122.749038	26.621779	3.201517	139.487415	17.473502	9.042899	NaN	NaN	NaN	131.778695	35.19752	10.005056	143.645536	41.238797	13.414329	142.522339	18.629988	11.318546	157.845001	39.489036	13.391913	156.720066	20.872395	12.988972	165.403831	29.350321	14.844293	157.182164	32.352188	14.797679	140.124352	32.938484	13.690561	NaN	NaN	NaN
129.175132	15.886453	1.408312	122.757209	26.622219	3.203647	139.475561	17.453353	9.023778	NaN	NaN	NaN	131.777484	35.189974	10.004101	143.630382	41.236018	13.433468	142.526678	18.617392	11.303016	157.844675	39.478592	13.386754	156.720065	20.867497	12.973347	165.4056	29.326444	14.831257	157.185318	32.344765	14.797438	140.125483	32.931908	13.696251	NaN	NaN	NaN
129.377965	15.862475	1.394033	122.758503	26.619147	3.199841	139.467018	17.428537	8.992613	NaN	NaN	NaN	131.766763	35.182431	10.002991	143.630674	41.227036	13.418509	142.531016	18.604795	11.287486	157.835657	39.479365	13.39223	156.719787	20.8632	12.961644	165.397652	29.342384	14.839499	157.177296	32.342132	14.7954	140.116236	32.922283	13.697228	NaN	NaN	NaN
129.447925	15.760485	1.446507	122.763532	26.618956	3.1995	139.467604	17.400588	8.943334	NaN	NaN	NaN	131.761513	35.174894	10.002019	143.621644	41.223013	13.426264	142.534455	18.591318	11.266198	157.779107	39.479127	13.383277	156.713929	20.860479	12.958513	165.394619	29.336626	14.833708	157.174711	32.337335	14.79591	140.108422	32.915804	13.703471	NaN	NaN	NaN
129.467823	15.748722	1.42456	122.764961	26.61968	3.203707	139.480792	17.360922	8.857442	NaN	NaN	NaN	131.75737	35.165076	10.002658	143.608199	41.219131	13.435407	142.585542	18.581098	11.262721	157.772853	39.47393	13.380377	156.716856	20.854492	12.936642	165.394211	29.32336	14.826277	157.175221	32.332084	14.793471	140.104589	32.90617	13.704596	NaN	NaN	NaN
129.489735	15.737608	1.406478	122.761933	26.617067	3.203789	139.457435	17.23991	8.843361	NaN	NaN	NaN	131.746746	35.154435	9.996701	143.567022	41.209661	13.416022	142.586882	18.569552	11.23756	157.768424	39.472093	13.385355	156.710721	20.852372	12.937433	165.38643	29.344132	14.834594	157.165047	32.333011	14.799306	140.091542	32.891755	13.706306	NaN	NaN	NaN
129.502738	15.725101	1.379127	122.770593	26.616872	3.201818	139.448898	17.220911	8.817637	NaN	NaN	NaN	131.741413	35.147326	9.99907	143.556183	41.204495	13.435556	142.587676	18.55617	11.200738	157.760252	39.46879	13.377978	156.712391	20.846479	12.915744	165.38745	29.321249	14.828193	157.168803	32.324665	14.792467	140.091651	32.884754	13.708914	NaN	NaN	NaN
129.498191	15.705776	1.275476	122.768282	26.617148	3.203832	139.446513	17.202472	8.779961	NaN	NaN	NaN	131.733329	35.134417	9.994845	143.552732	41.195558	13.420946	142.586598	18.537918	11.132871	157.757303	39.466556	13.379418	156.711523	20.844184	12.901698	165.379876	29.336693	14.833117	157.160275	32.322464	14.793265	140.079841	32.867661	13.70893	NaN	NaN	NaN