57.788965	-8.132052	-0.705145	52.377948	-2.140167	6.390422	67.561292	-8.174821	6.090343	57.131161	3.392091	9.651695	61.722378	7.977115	14.781686	70.960253	19.075234	15.04884	69.830403	-0.601937	14.743366	80.908589	15.95965	14.411348	80.128243	-1.409076	14.251349	88.094572	8.933267	17.24744	80.754227	8.606278	15.554121	71.196264	10.034313	16.086914	61.820344	-6.247697	-3.910969
57.738968	-8.164828	-0.595564	52.335931	-2.070483	6.350699	67.565786	-8.276007	6.068537	57.10333	3.452854	9.54986	61.85783	7.829231	14.28169	70.792346	19.051429	14.976389	69.867484	-0.588423	14.795596	80.938036	15.96202	14.335566	80.159504	-1.440488	14.192995	88.177105	8.899575	17.278054	80.76885	8.527494	15.370332	71.41146	10.035784	16.05535	61.779875	-6.175257	-3.844529
57.741891	-8.16287	-0.598188	52.332995	-2.073137	6.349506	67.564611	-8.2731	6.070151	57.103372	3.45321	9.551813	61.839362	8.026682	15.225508	71.176986	19.071457	14.980654	69.871192	-0.591184	14.79399	80.936107	15.956536	14.332651	80.16289	-1.442956	14.193179	88.176897	8.896862	17.276646	80.767516	8.522795	15.371032	71.410703	10.03654	16.058874	61.77752	-6.178987	-3.84987
57.742839	-8.165518	-0.598046	52.333653	-2.073366	6.349112	67.565499	-8.276096	6.068374	57.103372	3.45321	9.551813	62.170219	7.998905	15.209892	70.986425	19.061161	14.978088	69.872152	-0.590843	14.795836	80.937541	15.956599	14.33267	80.162878	-1.44335	14.19122	88.178008	8.896262	17.273254	80.769954	8.522608	15.370832	71.06989	10.381371	16.249648	61.777199	-6.179866	-3.853868
57.741919	-8.160296	-0.598474	52.333653	-2.073366	6.349112	67.564585	-8.273511	6.068231	57.104637	3.453262	9.551883	62.316722	8.178952	16.14104	70.986874	19.061709	14.981471	69.872152	-0.590843	14.795836	80.938729	15.953951	14.331241	80.164135	-1.443334	14.191236	88.179224	8.893613	17.271889	80.771384	8.522674	15.370857	71.02101	10.412848	16.267269	61.779814	-6.176028	-3.848339
57.741891	-8.16287	-0.598188	52.333953	-2.07322	6.349347	67.56583	-8.273475	6.068274	57.104706	3.456123	9.553586	62.410929	8.247906	16.50763	70.988523	19.062154	14.984766	69.87586	-0.593603	14.794231	80.939242	15.954966	14.337956	80.166327	-1.443343	14.19117	88.180958	8.896899	17.276612	80.77227	8.521952	15.379801	70.689001	10.363828	16.2526	61.780671	-6.179841	-3.853892
57.743909	-8.160045	-0.596859	52.338127	-2.073031	6.350881	67.565901	-8.270531	6.069933	57.106532	3.453118	9.551581	62.33797	7.985794	15.203015	70.223807	19.022701	14.974092	69.876566	-0.590482	14.79765	80.941002	15.953343	14.327753	80.167262	-1.443368	14.191089	88.183492	8.896364	17.273262	80.77563	8.523223	15.37414	70.605742	10.390404	16.265753	61.779655	-6.170563	-3.847212
57.742047	-8.154353	-0.595238	52.333759	-2.070086	6.35271	67.566931	-8.267641	6.071472	57.10656	3.455622	9.551331	62.339398	7.985863	15.202996	70.486519	17.959449	14.396976	69.880322	-0.59077	14.795812	80.941146	15.953775	14.331053	80.170774	-1.440884	14.190807	88.183492	8.896364	17.273262	80.776385	8.524563	15.381055	71.261147	10.391523	16.254236	61.778609	-6.17127	-3.850888
57.743107	-8.165393	-0.597838	52.336018	-2.06973	6.35456	67.56911	-8.268068	6.069476	57.107521	3.453403	9.553384	62.340826	7.985932	15.202977	70.102878	17.940731	14.396073	69.880322	-0.59077	14.795812	80.94295	15.954421	14.334486	80.170762	-1.441278	14.188848	88.184915	8.896429	17.273305	80.778279	8.523195	15.374065	71.261147	10.391523	16.254236	61.780613	-6.168804	-3.851451
57.741281	-8.159303	-0.594313	52.335824	-2.066595	6.357923	67.568106	-8.270547	6.069857	57.108814	3.455959	9.553203	62.341914	7.983264	15.201524	70.184594	18.66218	14.78044	69.882541	-0.590396	14.797699	80.942929	15.951861	14.333152	80.171698	-1.441303	14.188767	88.187241	8.895736	17.269793	80.77971	8.523262	15.37409	71.261903	10.390774	16.250722	61.781949	-6.167603	-3.845681
57.743937	-8.15747	-0.597145	52.332719	-2.068266	6.362285	67.568151	-8.268015	6.069595	57.111068	3.456296	9.555076	62.322758	8.181966	16.142408	70.569424	18.681242	14.784471	69.884989	-0.59319	14.796053	80.944976	15.951102	14.329549	80.175083	-1.443771	14.18895	88.186338	8.896493	17.273347	80.781437	8.521776	15.379477	70.881309	10.373342	16.255895	61.779792	-6.171997	-3.854644
57.745217	-8.157021	-0.595177	52.334808	-2.066927	6.369692	67.569065	-8.2706	6.069738	57.111988	3.45372	9.555175	62.323844	8.17931	16.14097	70.76143	18.689727	14.778888	69.88567	-0.590456	14.797514	80.947476	15.950645	14.326174	80.175135	-1.441689	14.186758	88.190087	8.895866	17.269878	80.781736	8.519833	15.36913	71.071563	10.381922	16.253003	61.780674	-6.168033	-3.847641
57.743916	-8.162221	-0.594669	52.333956	-2.063563	6.373448	67.568195	-8.265483	6.069332	57.112057	3.456581	9.556878	62.286763	8.199595	16.213013	70.299015	17.949014	14.392524	69.888191	-0.59039	14.797594	80.94762	15.951077	14.329474	80.177338	-1.441304	14.188652	88.190087	8.895866	17.269878	80.78371	8.521079	15.375945	71.073694	10.383122	16.259792	61.778389	-6.166576	-3.853572
57.741042	-8.156854	-0.594807	52.333786	-2.06258	6.379004	67.570113	-8.265589	6.069094	57.113004	3.456509	9.556728	62.285957	8.200043	16.213152	70.170251	17.871735	14.353993	69.888191	-0.59039	14.797594	80.949893	15.950469	14.325986	80.177338	-1.441304	14.188652	88.191822	8.896596	17.273355	80.783332	8.520409	15.372487	71.071331	10.424978	16.28186	61.780679	-6.165825	-3.849841
57.746194	-8.157094	-0.595322	52.333873	-2.061827	6.382866	67.568266	-8.26254	6.070991	57.116165	3.456417	9.556496	62.287713	8.200618	16.216545	70.189776	17.836874	14.331589	69.890385	-0.590404	14.797522	80.948685	15.950557	14.32608	80.17739	-1.439222	14.18646	88.19151	8.895931	17.269921	80.786228	8.523113	15.373841	71.072298	10.424399	16.278434	61.77921	-6.163383	-3.850379
57.742019	-8.156927	-0.594952	52.329617	-2.060281	6.390749	67.568266	-8.26254	6.070991	57.113073	3.459369	9.558431	62.286495	8.200718	16.216599	70.234778	17.863935	14.34817	69.891946	-0.590678	14.795756	80.947742	15.948949	14.33144	80.180787	-1.441297	14.188602	88.191822	8.896596	17.273355	80.78514	8.521145	15.37597	71.073216	10.425696	16.285298	61.779114	-6.166747	-3.853894
57.743024	-8.154426	-0.595382	52.333814	-2.062242	6.394477	67.570355	-8.268032	6.069519	57.114283	3.454413	9.559001	62.289274	8.197014	16.211565	70.249279	17.960715	14.396956	69.890385	-0.590404	14.797522	80.949524	15.949886	14.322572	80.179582	-1.439231	14.186394	88.193245	8.89666	17.273398	80.785851	8.522443	15.370383	71.073724	10.424469	16.27844	61.782652	-6.163743	-3.852308
57.740986	-8.162002	-0.594235	52.330791	-2.058482	6.400245	67.5704	-8.2655	6.069257	57.113952	3.456437	9.556577	62.287507	8.200444	16.216502	70.248533	17.961372	14.400425	69.892858	-0.592809	14.797835	80.950385	15.948924	14.331366	80.18085	-1.438821	14.188369	88.191822	8.896596	17.273355	80.785982	8.520382	15.372412	71.074183	10.425117	16.281872	61.779369	-6.168848	-3.851505
57.74296	-8.157397	-0.597	52.331816	-2.060339	6.404211	67.569136	-8.267657	6.071396	57.114283	3.454413	9.559001	62.289812	8.197689	16.215013	70.249893	17.959135	14.402298	69.893793	-0.592856	14.797722	80.948807	15.948429	14.328046	80.181722	-1.441322	14.188521	88.193245	8.89666	17.273398	80.78514	8.521145	15.37597	71.074348	10.423049	16.283881	61.78045	-6.165547	-3.848124
57.742903	-8.162546	-0.596428	52.330665	-2.057122	6.407732	67.569154	-8.265536	6.069213	57.115202	3.451837	9.5591	62.290898	8.195035	16.213577	70.250869	17.958643	14.398903	69.892159	-0.595442	14.797761	80.950242	15.948492	14.328065	80.182968	-1.441699	14.186578	88.194668	8.896725	17.273441	80.786571	8.521211	15.375995	71.074348	10.423049	16.283881	61.779039	-6.174142	-3.851104
57.743816	-8.165591	-0.598191	52.330989	-2.059127	6.410161	67.569396	-8.267979	6.069638	57.117374	3.451461	9.557066	62.288255	8.195063	16.213644	70.250049	17.956993	14.404243	69.896193	-0.598123	14.796309	80.947864	15.946822	14.333406	80.18516	-1.441708	14.186513	88.193453	8.899373	17.274806	80.786867	8.51966	15.381356	71.074053	10.420332	16.282459	61.781237	-6.174547	-3.853088
57.744119	-8.165068	-0.596079	52.334185	-2.061381	6.412116	67.57256	-8.268048	6.069444	57.115133	3.448977	9.557397	62.290765	8.192481	16.212196	70.24982	17.956597	14.400922	69.895567	-0.597895	14.797962	80.949872	15.947909	14.324651	80.184838	-1.441749	14.186416	88.196994	8.896033	17.269929	80.788631	8.520354	15.372337	71.075185	10.417686	16.281042	61.782477	-6.176711	-3.850833
57.744885	-8.160118	-0.597004	52.334055	-2.06251	6.406324	67.572515	-8.27058	6.069707	57.11644	3.449386	9.55942	62.290633	8.189928	16.210816	70.250204	17.954851	14.406189	69.900582	-0.59815	14.796164	80.950138	15.946214	14.329917	80.187351	-1.441717	14.186447	88.197514	8.899411	17.274771	80.791577	8.518776	15.377624	71.076102	10.418982	16.287906	61.782446	-6.177096	-3.852738
57.745032	-8.168113	-0.597842	52.333925	-2.06364	6.400532	67.572542	-8.270169	6.071627	57.11729	3.443949	9.557817	62.293269	8.187675	16.212731	70.251638	17.954921	14.406191	69.901494	-0.600281	14.798242	80.951573	15.946276	14.329937	80.189543	-1.441725	14.186382	88.198625	8.898811	17.271379	80.792166	8.519606	15.381206	71.078906	10.416886	16.289845	61.787919	-6.176812	-3.851125
57.741863	-8.165445	-0.597902	52.332151	-2.065731	6.390565	67.574765	-8.268064	6.069369	57.119793	3.44155	9.558206	62.293674	8.185797	16.214798	70.251336	17.952218	14.40474	69.902381	-0.602801	14.798362	80.951573	15.946276	14.329937	80.191735	-1.441734	14.186317	88.200567	8.902253	17.276264	80.794473	8.52148	15.378978	71.081087	10.41621	16.286343	61.785677	-6.183418	-3.844446
57.742811	-8.168092	-0.597761	52.327228	-2.06987	6.383031	67.576037	-8.267616	6.071333	57.118915	3.444482	9.56006	62.292456	8.185898	16.214853	70.250516	17.950568	14.41008	69.908283	-0.605575	14.796684	80.950877	15.947379	14.336745	80.195247	-1.439251	14.186034	88.200567	8.902253	17.276264	80.794947	8.517517	15.38316	71.080497	10.414888	16.291861	61.78584	-6.186674	-3.847772
57.74296	-8.157397	-0.597	52.327988	-2.069309	6.372957	67.57575	-8.267705	6.07117	57.120713	3.438974	9.558305	62.297742	8.185841	16.214719	70.255792	17.950516	14.409938	69.906795	-0.60244	14.800176	80.954585	15.946834	14.333276	80.196108	-1.442145	14.184227	88.203101	8.901718	17.272915	80.797253	8.519391	15.380932	71.083136	10.41486	16.29179	61.787752	-6.185364	-3.854049
57.747934	-8.170906	-0.59799	52.327669	-2.071982	6.372984	67.578224	-8.269753	6.073441	57.121701	3.439259	9.560108	62.300584	8.183762	16.216676	70.256708	17.951638	14.416732	69.912698	-0.605215	14.798498	80.954955	15.947417	14.33669	80.200887	-1.439252	14.185919	88.203621	8.905096	17.277757	80.799061	8.520127	15.384414	71.08548	10.416226	16.29866	61.785615	-6.184188	-3.848256
57.745981	-8.17076	-0.5977	52.335872	-2.071834	6.373056	67.578268	-8.267221	6.073178	57.123257	3.436931	9.560648	62.301876	8.181281	16.215284	70.25784	17.949005	14.415283	69.91487	-0.607312	14.800617	80.957598	15.947392	14.336615	80.203142	-1.436785	14.18562	88.207682	8.905134	17.277723	80.799984	8.521585	15.378953	71.086906	10.416296	16.298667	61.78631	-6.184745	-3.850483
57.747317	-8.165162	-0.596305	52.341031	-2.070453	6.379158	67.581719	-8.267201	6.073147	57.127337	3.434264	9.560516	62.305068	8.177923	16.210334	70.260922	17.945621	14.410291	69.918024	-0.606985	14.802391	80.960241	15.947367	14.33654	80.207452	-1.439672	14.183764	88.210528	8.905263	17.277809	80.803852	8.521464	15.378778	71.090677	10.413622	16.29718	61.787484	-6.189888	-3.849838
57.7453	-8.167988	-0.597633	52.346388	-2.069717	6.395176	67.582946	-8.269285	6.075373	57.127599	3.42938	9.561236	62.304929	8.173145	16.210936	70.258151	17.944722	14.419174	69.925114	-0.612587	14.799026	80.958929	15.945176	14.338487	80.213104	-1.439279	14.185608	88.210735	8.907976	17.279216	80.802518	8.516765	15.379479	71.091465	10.410134	16.304631	61.790535	-6.196313	-3.855175
57.747317	-8.165162	-0.596305	52.357429	-2.071448	6.397831	67.58637	-8.269676	6.073421	57.128421	3.421439	9.559883	62.308319	8.167735	16.208011	70.260185	17.939292	14.416201	69.9254	-0.61449	14.802758	80.958786	15.944744	14.335186	80.213965	-1.442173	14.183801	88.212958	8.906777	17.272434	80.805791	8.520139	15.38429	71.094777	10.406811	16.299712	61.790301	-6.198244	-3.851259
57.744259	-8.170887	-0.599107	52.363806	-2.067891	6.415359	67.587527	-8.274704	6.07399	57.129589	3.416127	9.5585	62.30818	8.162957	16.208613	70.2617	17.934914	14.42002	69.932467	-0.622176	14.801585	80.960486	15.943111	14.340472	80.21867	-1.44215	14.183767	88.215907	8.907414	17.275791	80.806518	8.514582	15.381333	71.095564	10.403323	16.307163	61.790266	-6.200837	-3.850963
57.7453	-8.167988	-0.597633	52.374993	-2.068455	6.410264	67.589758	-8.274308	6.075835	57.131731	3.406448	9.561373	62.314752	8.158195	16.209069	70.26111	17.933429	14.425435	69.936834	-0.624288	14.803632	80.962882	15.940376	14.338949	80.224248	-1.444627	14.183885	88.218753	8.907544	17.275877	80.810975	8.515291	15.38474	71.099794	10.401298	16.309109	61.794323	-6.211357	-3.85013
57.749418	-8.173303	-0.597432	52.386754	-2.07468	6.40337	67.592223	-8.274647	6.074001	57.13514	3.40362	9.559658	62.313943	8.150188	16.204843	70.262685	17.927438	14.419066	69.939868	-0.629293	14.803912	80.963947	15.939856	14.335555	80.22862	-1.445038	14.181795	88.09834	8.577392	17.104001	80.813843	8.511099	15.376222	71.101893	10.398073	16.304267	61.796512	-6.216178	-3.847714
57.747279	-8.18425	-0.599807	52.398178	-2.078003	6.396843	67.594383	-8.277195	6.074188	57.136032	3.39854	9.560008	62.316454	8.147606	16.203396	70.264659	17.923621	14.426281	69.949177	-0.634521	14.802433	80.963965	15.935449	14.339373	80.236785	-1.444613	14.18367	88.133169	8.53035	17.079812	80.813133	8.509801	15.381809	71.103139	10.395234	16.31515	61.797331	-6.224793	-3.850772
57.748623	-8.180828	-0.596221	52.427451	-2.079428	6.384715	67.595369	-8.276836	6.07599	57.138548	3.393994	9.5626	62.32215	8.139441	16.198981	70.267971	17.920401	14.421365	69.949438	-0.636812	14.804207	80.965504	15.937791	14.33754	80.239517	-1.447557	14.181702	88.161124	8.52826	17.07581	80.817924	8.511137	15.376173	71.10863	10.395346	16.315093	61.797066	-6.227108	-3.84876
57.746338	-8.183779	-0.597758	52.436253	-2.07899	6.385257	67.596857	-8.279243	6.076459	57.141652	3.388894	9.562869	62.325198	8.137536	16.200983	70.268585	17.918821	14.426707	69.961618	-0.641505	14.80492	80.966588	15.932865	14.337964	80.252719	-1.446674	14.185598	88.166274	8.631838	17.132546	80.820704	8.509049	15.378127	71.110385	10.39128	16.319119	61.798205	-6.234844	-3.84782
57.748587	-8.181226	-0.598125	52.44682	-2.082375	6.379953	67.601195	-8.282219	6.07465	57.143837	3.38637	9.563038	62.329808	8.132024	16.198003	70.27228	17.913856	14.427058	70.027378	-0.642466	14.806819	80.970666	15.932902	14.337908	80.30956	-1.446174	14.198004	88.168809	8.6313	17.129193	80.825922	8.506773	15.379881	71.113403	10.385241	16.312778	61.801691	-6.241935	-3.855571
57.750865	-8.176098	-0.598778	52.4527	-2.085489	6.376506	67.603471	-8.279292	6.076233	57.14815	3.376315	9.563877	62.334823	8.124636	16.197091	70.274314	17.908426	14.424086	70.033565	-0.647144	14.808872	80.97247	15.933548	14.341342	80.312676	-1.446601	14.195899	88.172872	8.631337	17.129158	80.829871	8.508873	15.377802	71.119058	10.383286	16.314731	61.804205	-6.243669	-3.851358
57.747814	-8.183999	-0.59939	52.461439	-2.087956	6.37538	67.605873	-8.284283	6.076845	57.150266	3.37093	9.562343	62.33612	8.115924	16.189351	70.275541	17.905266	14.434771	70.037786	-0.654977	14.807465	80.972488	15.929142	14.34516	80.321392	-1.448718	14.197829	88.174503	8.634117	17.130609	80.834133	8.502568	15.383715	71.122189	10.381166	16.329053	61.804044	-6.250013	-3.856482
57.747821	-8.186176	-0.5972	52.470342	-2.087662	6.376987	67.6103	-8.282195	6.074511	57.156902	3.364073	9.566757	62.343309	8.103227	16.185571	70.279683	17.896711	14.426955	70.045233	-0.659621	14.809559	80.976423	15.928748	14.341805	80.325391	-1.451252	14.197835	88.180198	8.634377	17.13078	80.838294	8.504828	15.381761	71.12801	10.373032	16.324652	61.80682	-6.253569	-3.846956
57.748973	-8.19167	-0.598468	52.484515	-2.094554	6.379927	67.611788	-8.284601	6.074979	57.160281	3.351943	9.569949	62.367748	8.071959	16.168271	70.285124	17.887534	14.431201	70.097103	-0.673716	14.807371	80.981727	15.924292	14.345473	80.338721	-1.455967	14.199594	88.1869	8.634387	17.130668	80.843855	8.50065	15.385669	71.136796	10.368958	16.340927	61.810325	-6.276499	-3.854653
57.754421	-8.189211	-0.599061	52.50261	-2.090433	6.39945	67.619335	-8.285114	6.072713	57.173154	3.337392	9.57465	62.379117	7.938631	16.107162	70.294179	17.877839	14.431982	70.11083	-0.681973	14.816007	80.987854	15.920721	14.352784	80.381552	-1.478401	14.202371	88.197073	8.637557	17.132377	80.855172	8.499309	15.390981	71.103858	10.404	16.375556	61.818448	-6.293124	-3.857383
57.755587	-8.199058	-0.59595	52.527358	-2.095728	6.423643	67.621531	-8.283421	6.068534	57.218489	3.191888	9.594209	62.390042	7.931713	16.106262	70.312655	17.870673	14.433927	70.127808	-0.686652	14.830102	81.002156	15.919785	14.361317	80.396067	-1.474385	14.209598	87.752637	8.922679	17.278596	80.875361	8.499343	15.390608	71.115555	10.441707	16.413732	61.833015	-6.343631	-3.854283
57.751431	-8.212831	-0.599653	52.56374	-2.10496	6.437679	68.427426	-8.653488	5.565993	57.319827	3.074512	9.686597	62.409561	7.925713	16.111968	70.336273	17.862533	14.444545	70.160391	-0.689725	14.864081	81.018631	15.920079	14.376698	80.422915	-1.46595	14.226077	87.750832	8.987866	17.312237	80.967987	8.495127	15.403119	71.143518	10.45139	16.501902	61.887441	-6.437734	-3.851016
57.753623	-8.215427	-0.599448	52.609071	-2.111029	6.468531	67.968417	-8.691731	5.829182	57.347156	3.070696	9.748253	62.43039	7.921689	16.112332	70.375852	17.855159	14.445924	70.244488	-0.7865	14.929575	81.047828	15.92179	14.386324	80.462044	-1.455179	14.254001	87.824504	9.016944	17.324084	80.999072	8.503315	15.422179	71.173694	10.446754	16.526711	61.939423	-6.502453	-3.859164
57.757264	-8.220817	-0.600589	52.663502	-2.151692	6.555355	69.491077	-8.802393	4.9234	57.370397	3.064387	9.7433	62.463412	7.913348	16.116429	70.51013	17.844774	14.459132	70.362176	-0.785356	14.978505	81.146664	15.945175	14.431892	80.574834	-1.43684	14.341488	87.895514	9.021224	17.33533	81.086461	8.504871	15.460421	71.212361	10.448522	16.570195	61.958427	-6.535227	-3.861376
57.758461	-8.214372	-0.59652	52.720492	-2.308757	6.598132	68.384425	-8.108602	4.60924	57.405396	3.032795	9.741442	62.502557	7.89942	16.114239	70.52126	17.721218	14.414022	70.514464	-0.791828	15.006027	81.275618	15.967797	14.473343	80.709625	-1.445825	14.394972	87.873208	9.021542	17.292288	81.179565	8.50674	15.498824	71.303095	10.463654	16.622719	61.971861	-6.562047	-3.860266
57.767386	-8.234926	-0.594348	52.80066	-2.486524	6.640339	68.384425	-8.108602	4.60924	57.475519	3.008201	9.788908	62.554483	7.872777	16.10492	70.574058	17.730718	14.576293	70.599812	-0.804596	15.036151	81.435207	15.99166	14.603593	80.834892	-1.468098	14.458738	87.934246	9.025347	17.363569	81.307949	8.524146	15.661842	71.33871	10.448137	16.657182	61.986374	-6.635788	-3.854289
57.770745	-8.247369	-0.591033	52.891066	-2.673381	6.690206	68.140806	-8.036734	4.602524	57.539157	3.004135	9.816314	62.479213	7.730365	15.478643	70.603345	17.706607	14.59369	70.623178	-0.8122	15.111856	81.549772	15.968714	14.609199	80.900185	-1.465462	14.557641	87.961207	8.9035	17.33421	81.416851	8.502496	15.699062	71.447276	10.42743	16.727592	62.000056	-6.67873	-3.854842
57.781832	-8.238507	-0.587719	52.916561	-2.663874	6.817966	68.522477	-7.973784	4.900185	57.55125	2.990417	9.812518	62.984514	7.639113	15.429651	70.639261	17.676054	14.601262	70.648437	-0.828369	15.168919	81.639494	15.937628	14.617619	80.91939	-1.496919	14.601654	88.025936	8.8919	17.389959	81.448355	8.471686	15.74143	71.546934	10.127753	16.676624	62.012472	-6.730541	-3.846651
57.783793	-8.245803	-0.586172	52.948086	-2.652535	6.96608	68.560528	-7.998654	4.897858	57.561029	2.968603	9.791944	62.592644	7.426801	14.898279	70.778581	17.637797	14.627297	70.690894	-0.859555	15.212002	81.683537	15.894711	14.67417	80.963027	-1.541712	14.728626	88.081107	8.907487	17.619801	81.493834	8.38831	15.917613	71.659662	10.138882	16.770067	62.024683	-6.772069	-3.826387
57.77707	-8.215334	-0.586703	52.962692	-2.672635	7.045398	68.566438	-7.991339	4.896354	57.571674	2.94196	9.787376	62.63199	7.22719	14.791549	70.787627	17.490903	14.603871	70.795372	-0.968414	15.339678	81.702429	15.775479	14.743308	81.00334	-1.544072	14.841412	88.15005	8.92871	17.864636	81.553075	8.405937	16.16161	71.369011	10.061188	16.515747	62.079744	-6.869697	-3.826821
57.859338	-8.247107	-0.616637	52.977264	-2.687562	7.072799	68.575372	-7.976558	4.8937	57.592546	2.915928	9.787615	62.863897	7.375335	16.125052	70.817475	17.358805	14.699703	70.92228	-0.967276	15.437323	81.749482	15.776202	14.919652	81.094594	-1.525606	15.019037	88.583488	9.122464	18.990893	81.615603	8.428691	16.380182	71.332022	10.019652	16.457091	62.135204	-6.960966	-3.82087
57.85041	-8.211023	-0.612002	53.007752	-2.696675	7.10321	69.224702	-8.295513	5.488422	57.633122	2.869182	9.789486	63.125788	7.441824	16.576024	70.883737	17.367554	14.885972	71.062021	-0.942974	15.588206	81.801112	15.795882	15.149339	81.248485	-1.482687	15.24146	88.940983	9.021865	18.506966	81.757432	8.452556	16.546597	71.38956	10.020881	16.568098	62.144299	-6.963734	-3.818607
57.880082	-8.237249	-0.59489	53.098759	-2.712437	7.107555	69.341829	-8.512203	5.495946	57.731	2.755883	9.882064	63.367891	7.510695	16.971079	70.950487	17.366395	14.908701	70.383067	-0.943602	15.627314	81.863693	15.836293	15.383569	81.43262	-1.425676	15.496792	89.051012	9.058469	18.525644	81.987868	8.516262	16.828912	71.382437	9.42792	16.402833	61.79409	-6.82592	-3.787285
57.885706	-8.216909	-0.58691	53.196065	-2.733967	7.138175	69.400837	-8.492356	5.486673	57.864204	2.755211	9.976583	63.604155	7.680091	17.343718	71.118413	17.389207	14.96073	70.513204	-0.904574	15.763869	81.940775	15.868912	15.501587	81.648116	-1.33992	15.757019	89.271681	9.12783	18.657973	82.234369	8.585737	17.086085	71.405156	9.421557	16.62534	61.484076	-6.156533	-3.808137
57.902377	-8.192237	-0.570313	53.243138	-2.728163	7.152759	69.592013	-8.493271	5.200278	58.014601	2.797887	10.157393	63.331905	7.566105	16.634259	71.334857	17.412843	15.018332	70.563349	-1.446473	16.046242	82.372243	16.074585	16.52797	81.905875	-1.228031	16.046435	89.549371	9.193541	18.750148	82.442481	8.650271	17.240265	71.548612	9.469603	16.882955	61.799665	-6.23567	-3.848703
57.922484	-8.175087	-0.5538	53.301185	-2.720697	7.176365	69.553219	-8.356714	5.191118	58.231646	2.826433	10.418424	63.447218	7.572111	16.633768	71.56944	17.436777	15.091168	70.882431	-0.680962	16.212139	82.648283	16.155712	16.780221	82.215248	-1.049674	16.315944	89.874418	9.317959	19.029095	82.727757	8.717722	17.377435	71.812191	9.636268	17.209111	61.82169	-6.206397	-3.862692
58.000095	-8.159483	-0.579802	53.395987	-2.760789	7.213834	69.833707	-8.002619	5.120842	58.505942	2.873388	10.746311	63.759371	7.563154	16.623407	71.783166	17.47145	15.222805	71.180748	-0.409948	16.475886	82.944764	16.245813	17.01243	82.584622	-0.905215	16.653539	90.233978	9.566714	19.383977	83.053074	8.820283	17.671051	72.114732	9.704253	17.5289	61.862684	-6.237197	-3.863131
58.086654	-8.166491	-0.612029	53.484209	-2.754843	7.275437	70.02999	-7.794581	5.149469	58.823434	2.917772	11.16924	63.880998	7.470159	16.151363	72.119721	17.632121	15.527711	71.566794	-0.350753	16.736802	83.3013	16.411023	17.280071	83.029896	-0.778598	16.990775	90.659095	9.831939	19.740684	83.453561	9.043752	18.044451	72.499536	9.76877	17.820174	61.901997	-6.303856	-3.858594
58.093084	-8.171263	-0.610932	53.592485	-2.751778	7.412295	70.3583	-8.380331	5.162621	59.186777	2.944435	11.565929	64.575972	7.630238	17.06025	72.491175	17.67207	15.834871	72.007424	-0.242164	17.089143	83.729252	16.516634	17.628981	83.570036	-0.607379	17.323836	91.099311	10.060976	19.956127	83.931953	9.253955	18.443489	72.974885	9.834405	18.146871	62.142264	-6.532008	-4.125779
58.106325	-8.213442	-0.598741	53.824672	-2.913468	7.630659	70.910974	-8.525514	5.423064	59.646009	2.850608	11.947723	64.856085	7.620568	17.047174	73.026912	17.716861	16.16853	72.499846	-0.16145	17.502587	84.152129	16.539139	17.56873	84.163063	-0.472446	17.76292	91.782739	10.356276	20.797605	84.519349	9.363885	18.826841	73.518499	9.901802	18.525052	62.238094	-6.653564	-3.897139
58.098929	-8.218308	-0.587912	54.086669	-3.080986	7.817573	71.225416	-8.727937	5.458534	60.229314	2.739266	12.394345	65.772467	7.471443	16.536464	73.621909	17.772591	16.56806	73.836932	-0.027467	18.178132	84.709236	16.655029	18.098559	84.835715	-0.343884	18.307351	92.412596	10.518246	21.275649	85.1932	9.456453	19.239535	74.120875	9.971288	18.942573	62.332338	-6.753003	-3.899129
58.088986	-8.184886	-0.572254	54.35366	-3.258892	7.955734	71.492101	-9.076139	5.504434	60.903459	2.761727	12.918525	66.441859	7.638958	17.445006	74.327822	17.849188	17.092934	74.283835	-0.010636	18.748876	85.425343	16.775174	18.662064	85.592291	-0.216485	18.881533	93.117272	10.634175	21.706466	85.968132	9.553697	19.739755	74.802973	10.052574	19.446911	62.104371	-7.037783	-3.835351
58.119176	-8.210368	-0.539436	54.634535	-3.435509	8.039724	71.792669	-9.308733	5.480783	61.664827	2.719223	13.499771	67.614581	7.927608	19.238632	75.097968	17.917842	17.688237	75.037492	0.088959	19.376634	86.222861	16.880676	19.334819	86.399265	-0.086217	19.518966	93.890178	10.728503	22.141166	86.82265	9.661708	20.344259	75.638437	10.147423	20.039947	62.104371	-7.037783	-3.835351
58.122149	-8.165913	-0.505796	54.431441	-3.748817	6.762969	72.085181	-9.548316	5.508931	62.55154	2.811447	14.213512	68.768148	8.005382	20.49631	75.942086	17.851363	18.251848	75.924456	0.152239	19.943924	87.155284	16.968379	19.987871	87.309085	0.007777	20.147074	95.055135	10.798766	22.600117	87.771348	9.743612	20.991314	76.558459	10.235972	20.676071	62.104371	-7.037783	-3.835351
58.126516	-8.115876	-0.365969	55.096377	-3.733325	6.778756	71.611501	-9.796228	5.552647	63.539114	2.868003	14.947537	69.329759	7.623277	19.459357	76.86121	17.773299	18.825239	76.92456	0.193444	20.556792	88.170008	17.043227	20.667412	88.348821	0.080244	20.862393	96.159282	10.881231	23.202897	88.7922	9.738321	21.694977	77.572368	10.315372	21.35016	62.029812	-7.033013	-3.825296
58.143597	-8.080462	-0.219596	55.203531	-3.744586	6.762259	71.875916	-9.989764	5.56036	64.604322	2.797629	15.637715	69.921539	7.448869	19.355953	77.975253	17.840983	19.537659	78.027251	0.196319	21.24487	89.298709	17.107541	21.354407	89.502061	0.134754	21.608168	97.356381	10.847641	23.790736	89.890063	9.712925	22.312816	78.695006	10.244115	21.942768	62.098989	-7.430612	-3.790649
58.158051	-8.033045	-0.079681	55.50398	-3.742546	6.754809	72.189332	-10.262272	5.624649	65.981615	3.179483	16.353185	71.486751	7.731706	21.126179	79.191091	17.928884	20.345664	79.256826	0.170094	21.932827	90.549728	17.201436	22.214668	90.797639	0.212703	22.381025	98.635631	10.830649	24.540309	91.148858	9.786714	23.012412	79.933321	10.167267	22.593375	62.098989	-7.430612	-3.790649
58.50989	-7.994498	-0.04986	55.847433	-3.519703	7.893082	72.532898	-10.488086	5.781785	67.278306	3.295708	17.108068	72.201515	7.718873	21.109194	80.56059	17.999364	21.202728	80.609951	0.247298	22.687397	91.89971	17.186941	23.029458	92.195868	0.252866	23.218642	99.984976	10.957653	25.433586	92.591898	9.896465	23.905278	81.263617	10.103055	23.274996	61.955257	-7.02823	-3.81517
58.795279	-8.203797	0.123131	55.804714	-3.555173	7.862384	72.958843	-10.644201	5.971837	68.676477	3.362052	17.856985	74.576782	7.73546	21.888561	82.024271	17.965407	22.025198	82.048923	0.219528	23.468885	93.37353	17.172068	23.898983	93.748844	0.254482	23.910515	101.416586	11.106742	26.369615	94.084954	9.981502	24.80761	82.745345	10.059129	24.013649	62.027121	-7.229424	-3.802944
58.829069	-8.290816	0.370221	56.715423	-3.596545	7.590727	73.958294	-10.799677	5.915764	69.96075	3.358734	18.845342	76.102345	7.808127	23.128254	83.633153	17.913534	22.854175	83.630565	0.217548	24.346523	95.04961	17.261303	24.819538	95.381372	0.274529	24.868181	103.222871	11.176984	27.102242	95.712211	9.979838	25.695462	84.353222	10.149182	24.885302	62.027121	-7.229424	-3.802944
59.037448	-8.238687	0.652431	56.830184	-2.618492	7.768158	74.354528	-10.862754	5.903887	71.718476	3.342967	19.786605	78.035234	7.842267	24.333919	85.395994	17.875454	23.702957	85.356836	0.292199	25.233361	96.81161	17.345946	25.761753	97.138837	0.300771	25.86254	105.009391	11.164006	27.972651	97.50973	9.98108	26.657005	86.135012	10.285804	25.83745	62.027121	-7.229424	-3.802944
59.25061	-8.085509	1.011152	57.738736	-2.367935	8.938439	74.78515	-10.670932	7.029879	73.520891	3.317169	20.70566	79.730434	7.615934	24.185591	87.32167	17.969599	24.626938	87.215975	0.302845	26.184622	98.719707	17.336982	26.704821	99.017997	0.359755	26.890079	106.903517	11.16521	29.015046	99.454935	9.978914	27.662784	87.988943	9.767604	26.489991	63.870895	-6.642226	-3.910283
59.336687	-7.691684	1.382622	57.703658	-2.31614	8.898936	75.543467	-10.067181	7.699961	75.501228	3.305566	21.686486	81.735865	8.070089	25.596436	89.406561	18.081184	25.58366	89.271698	0.357791	27.238306	100.808656	17.335854	27.728667	101.083703	0.398001	28.000158	108.906129	11.16895	30.088029	101.537957	10.02133	28.761099	90.043059	9.724031	27.346953	64.82603	-6.796359	-3.689978
59.536662	-7.507202	1.881944	58.117888	-2.122598	9.739693	76.38388	-9.919956	8.347616	77.594888	3.349936	22.656156	84.042634	8.344576	26.903236	91.643993	18.187101	26.522105	91.416976	0.475648	28.262138	103.048502	17.370834	28.803213	103.268645	0.433836	29.138326	111.618808	11.187452	31.334132	103.736939	10.152294	29.854227	92.234864	9.797243	28.282461	65.356117	-5.818386	-3.818447
59.902429	-6.362707	2.290983	59.317126	-1.949121	10.323839	77.316222	-9.633895	9.060532	79.789669	3.462858	23.618515	86.183791	8.759636	29.0927	93.977651	18.194248	27.396062	93.653669	0.633234	29.357906	105.429085	17.461035	29.800552	105.579178	0.467535	30.292338	113.829552	11.139792	32.074715	106.073935	10.260628	30.866848	94.571078	9.911704	29.271019	65.356117	-5.818386	-3.818447
60.079571	-6.974675	2.988454	59.622082	-1.898589	10.273177	78.453962	-9.237767	9.817142	82.113258	3.617311	24.601271	88.087144	8.55318	28.155601	96.462743	18.330609	28.319843	96.007679	0.71522	30.526237	107.93596	17.579315	30.890834	107.977611	0.509611	31.456197	116.196182	11.238925	32.98997	108.567596	10.265209	31.834354	97.027806	10.064863	30.311362	67.42202	-5.231153	-3.929425
60.051836	-7.293642	3.239079	61.302165	-1.46109	11.425514	79.663308	-9.00153	10.656933	84.50653	3.781061	25.52865	90.973532	8.73828	29.791722	99.085526	18.461943	29.263753	98.444878	0.813053	31.680004	110.565089	17.672092	31.895413	110.507898	0.55623	32.631507	118.936724	11.561949	34.947821	111.170882	10.287646	32.912794	99.583426	10.213559	31.307318	67.7919	-4.878836	-4.19662
60.513386	-6.875198	3.903289	62.16652	-0.557752	12.257398	80.926857	-8.772544	11.65701	86.716277	3.742369	26.526451	93.663191	8.872632	30.60359	101.813896	18.587233	30.179991	101.027841	0.972085	32.800433	113.266251	17.711453	32.972937	112.957926	0.609656	33.616331	121.711599	11.72279	36.401345	113.868034	10.318479	34.017306	102.256321	10.369327	32.282646	67.720745	-4.886638	-4.21044
61.220322	-6.582464	4.85841	63.603417	-0.274771	13.025039	82.673261	-8.403034	13.399597	89.37433	3.930355	27.463	96.460969	9.102193	31.859235	104.693612	18.705572	31.131989	103.78349	1.138214	33.89613	116.095821	17.703172	33.963095	115.706541	0.634324	34.665088	124.536679	11.743833	37.472101	116.703621	10.354783	35.095008	105.081942	10.504913	33.28785	68.163574	-4.785604	-3.748316
62.148187	-6.370609	5.942009	65.258999	-0.029142	14.81464	84.994689	-7.02072	14.632748	92.098037	4.123403	28.41862	99.114664	9.252854	32.687319	107.678001	18.758275	32.117482	106.963575	1.225766	34.632748	119.069205	17.71873	34.915606	118.595255	0.658372	35.738124	127.450588	11.739708	38.416095	119.659663	10.475478	36.147524	108.010218	10.549955	34.203997	68.455467	-4.833866	-3.985032
63.666958	-5.860629	7.74996	67.037009	-0.098018	15.605736	87.102604	-6.6259	15.855742	94.951726	4.308901	29.459646	102.361459	8.973481	33.668194	110.722244	18.887605	33.000216	110.019993	1.306139	35.746286	122.281943	17.677546	35.107563	121.588477	0.682517	36.774843	130.427125	11.719413	39.268038	122.672549	10.612912	37.167133	111.00414	10.59218	35.108302	70.581329	-4.929567	-4.486538
65.923142	-5.703287	8.940822	69.048038	-0.191735	16.425187	89.364293	-6.193116	17.019038	97.891212	4.47788	30.411575	105.703764	9.322418	35.360436	113.846063	19.014336	33.897027	113.057523	1.358729	36.684739	125.46215	17.799054	36.004002	124.453348	1.026598	37.694224	133.430522	11.692547	40.09213	125.819609	10.589618	37.974257	114.115937	10.699462	35.929634	71.249195	-4.795408	-3.827626
67.786188	-5.632215	9.954553	71.270701	-0.375366	17.298047	91.781389	-5.876679	18.158989	100.926146	4.648838	31.360122	108.936138	9.473914	36.616935	117.081551	19.131145	34.673605	116.153839	1.479778	37.496815	128.660039	17.874395	36.809648	127.944085	1.236554	38.554557	136.458519	11.648063	40.876849	128.992351	10.592617	38.792143	117.308906	10.858889	36.871178	72.424225	-4.798544	-3.856678
69.160042	-6.819352	10.625108	73.843147	-0.848816	17.058566	94.244838	-5.60641	19.185385	104.275903	4.951466	32.92229	112.172989	9.331371	36.019224	120.332093	19.232163	35.36456	119.277944	1.606502	38.264129	131.861743	17.852345	37.516114	131.042995	0.709055	39.286561	141.563518	11.343565	40.702478	132.293927	11.497427	39.959478	120.5762	10.961779	37.611102	74.992876	-5.008999	-3.914598
71.630487	-6.280172	11.384717	76.489031	-1.070127	18.204509	96.811017	-5.313575	20.25893	107.538919	5.118238	33.731503	115.179422	9.409014	36.40908	123.633648	19.352218	36.154042	122.39504	1.697955	38.830245	135.192645	17.931949	38.095881	134.231443	0.686919	39.853399	144.099189	10.873823	41.321195	135.584547	11.603107	40.447831	123.898327	11.054739	38.243428	74.409141	-4.967013	-3.685481
73.959974	-6.587291	12.318881	78.985207	-1.450862	18.761312	100.062732	-4.484958	21.096671	110.885044	5.289394	34.594132	118.362112	9.660774	37.649409	126.99144	19.457391	36.722342	125.874498	1.739664	39.214958	138.542725	17.980885	38.477368	137.473618	0.692365	40.24269	147.428398	11.274098	41.823382	138.850872	11.737961	41.324225	127.243313	11.14014	38.753661	77.478892	-5.201369	-3.930013
76.35397	-6.80857	13.675589	81.589647	-1.80128	19.705723	103.5179	-4.432531	21.061066	114.237303	5.433664	35.297577	121.679345	9.640234	37.565222	130.316093	19.526829	37.148959	129.237931	1.702348	39.522547	141.880993	18.015943	38.716476	140.784289	0.685611	40.431994	150.856359	11.34312	42.166345	141.920406	11.6584	41.269153	130.479723	11.381624	40.161291	77.908085	-5.797006	-3.888515
79.285031	-7.3087	15.105691	85.203728	-2.055999	21.056585	106.561707	-4.336085	21.865716	117.189874	5.504498	35.562423	124.989028	9.79848	38.345465	133.485407	19.581063	37.412399	132.673321	1.75338	39.769952	145.232086	18.025365	38.772262	144.151528	0.667136	40.424355	153.829518	11.34125	42.178153	144.978713	11.486682	41.174679	133.673903	11.314769	40.232444	77.911025	-5.706191	-3.440822
82.147248	-7.453543	16.068542	87.620998	-2.361651	22.197036	109.640078	-4.372068	22.390305	120.264048	5.57431	35.811358	127.811838	9.811293	38.339843	136.713254	19.605379	37.513855	135.995351	1.753386	39.732083	148.538957	18.034158	38.697057	147.528993	0.656415	40.258969	157.349831	11.304496	42.000106	148.466171	11.412691	41.035304	136.833398	11.346526	40.400304	77.907818	-5.856716	-3.194917
85.034249	-7.669303	17.034685	90.667268	-2.837806	22.693122	112.735569	-4.529785	22.743913	123.431504	5.663979	35.952078	130.928987	9.979932	39.144671	139.923561	19.620696	37.521858	139.269668	1.742876	39.591941	151.667742	18.030293	38.537392	150.776947	0.712713	39.957234	160.189573	11.209535	41.53806	151.754018	11.404712	40.746915	140.54017	11.323804	40.261231	NaN	NaN	NaN
88.032554	-8.075436	17.986379	93.932572	-3.087352	23.367327	115.84066	-4.847657	22.987712	126.515319	5.678654	35.898406	134.71038	9.774603	38.117783	143.077516	19.618304	37.368644	142.489626	1.730638	39.321663	154.717282	18.023948	38.170916	153.94639	0.800941	39.500305	163.331656	11.083458	40.964763	154.846666	11.369007	40.36905	143.52269	11.187693	39.38854	NaN	NaN	NaN
91.20399	-8.535287	18.803775	97.165993	-3.347765	23.830379	118.814002	-5.319327	23.096827	129.395037	4.94863	35.7782	137.150589	9.945022	38.62912	146.165489	19.620022	37.039683	145.827847	1.671909	38.980149	157.65554	18.122706	37.685787	157.016069	0.903571	38.921032	166.455508	11.083766	40.089384	157.905586	11.384626	39.851025	146.625071	11.172938	38.868849	NaN	NaN	NaN
94.945742	-9.085807	19.32351	100.56718	-3.624007	24.262024	122.402087	-5.044712	23.272913	132.862064	5.941823	35.456451	140.155874	10.145559	38.660427	149.240715	19.672056	36.482543	149.059676	1.649385	38.53259	160.554601	18.201984	36.97129	160.033068	1.013987	38.238835	169.515538	11.203948	39.385849	160.833311	11.483259	39.189124	149.670978	11.29276	38.407301	NaN	NaN	NaN
98.480378	-9.607759	19.866107	104.76853	-3.852062	25.150248	125.763991	-5.725298	22.654754	135.874969	5.507505	35.018507	143.200862	10.114273	37.409897	152.190994	19.79277	35.787158	152.237056	1.785074	37.964169	163.43904	18.300592	36.112531	163.019372	1.115431	37.399136	172.498048	11.316291	38.487334	163.712954	11.643834	38.410272	152.682248	11.397458	37.739665	NaN	NaN	NaN
102.090885	-9.897371	20.355864	109.350815	-3.825107	25.731486	129.502309	-6.201754	22.584828	138.99682	5.572788	34.365973	146.127558	10.224737	36.707889	155.070258	19.954066	34.944345	155.261183	1.961665	37.11655	166.304185	18.388149	35.131152	165.974907	1.204069	36.44019	175.032969	11.516506	37.789206	166.569612	11.715873	37.429577	155.558799	11.591357	36.99713	NaN	NaN	NaN
106.769204	-9.66306	20.534752	113.464566	-3.918687	25.227052	132.914114	-6.731804	21.66826	142.053642	6.231418	33.486666	148.970787	10.408609	35.950062	157.913903	20.061453	33.88064	158.487083	2.45462	36.151349	169.191149	18.438687	33.930084	168.838138	1.314664	35.345712	177.669111	11.726057	36.858815	169.385357	11.912431	36.361832	158.411038	11.781329	35.993271	NaN	NaN	NaN
110.340502	-9.576035	21.033831	117.613862	-3.858104	25.187095	136.459179	-7.108546	20.926686	144.853436	6.36604	31.968576	151.816882	10.614007	34.921979	160.792568	20.261247	32.858265	161.355435	1.523647	35.063783	172.039706	18.601328	32.653099	171.655029	1.44834	34.05836	180.320772	11.873369	35.735023	172.1095	12.10874	35.150451	161.242073	11.828268	34.75147	NaN	NaN	NaN
114.469431	-9.269093	20.898106	121.780315	-3.287041	25.03613	140.118266	-7.362597	20.072824	147.682485	6.555194	30.637457	154.650918	10.838694	33.627464	163.593598	20.517471	31.684028	163.581727	2.245634	33.457491	174.839128	18.760618	31.250158	174.433997	1.595869	32.628552	182.960869	11.925113	34.496184	174.756455	12.264927	33.727799	164.022996	11.97967	33.347382	NaN	NaN	NaN
118.572161	-8.664143	20.764465	126.005907	-2.541725	24.7182	143.786558	-7.465152	19.232234	150.598778	6.768009	29.124686	157.265441	11.094532	32.088295	166.400852	20.698467	30.117487	166.612465	2.028686	32.088106	177.576928	18.801914	29.708505	177.202509	1.730958	31.028925	185.631801	11.907099	32.944636	177.424263	12.402806	32.162789	166.755531	12.196634	31.866876	NaN	NaN	NaN
122.805587	-7.742118	20.840276	130.249184	-1.604044	24.180976	148.107731	-7.572296	17.776618	153.490999	6.960235	27.45196	159.904588	11.185194	30.118128	169.204425	20.887	28.399227	169.516369	3.051723	30.270385	180.302682	18.884422	27.988405	179.982146	1.856161	29.253967	188.313213	11.897762	31.278414	180.094921	12.522909	30.433788	169.498259	12.355196	30.179419	NaN	NaN	NaN
127.130608	-6.745885	20.332227	134.536299	-0.492192	23.503297	151.721701	-7.413373	16.794936	156.342978	7.1356	25.63349	163.052125	11.280667	28.031546	171.968481	20.995379	26.23477	172.484111	3.121402	28.358912	183.040203	18.979017	26.078061	182.775976	1.965502	27.29288	190.98355	11.990905	29.49418	182.798806	12.626422	28.529713	172.234829	12.519365	28.358364	NaN	NaN	NaN
131.875751	-5.614422	19.795682	138.869588	0.721085	22.552747	155.299145	-7.122015	16.090042	159.195304	7.299758	23.707304	165.404127	11.563335	26.967511	174.732763	21.135071	24.26292	175.447527	3.292288	26.250351	185.789894	19.080707	24.036906	185.545812	2.058906	25.171488	193.679757	12.05663	27.490012	185.968412	12.64376	26.128073	175.030371	12.63006	26.375036	NaN	NaN	NaN
135.792753	-4.934474	18.483183	143.219953	1.99057	21.416812	159.064668	-7.72949	13.701524	162.036642	7.451074	21.677769	168.438269	11.53455	24.01152	177.568639	21.266316	22.143219	178.394331	3.381215	24.020538	188.554135	19.129838	21.944432	188.323529	2.130448	23.021296	196.375304	11.703348	25.189103	188.743104	12.707857	24.188912	177.820348	12.727409	24.338701	NaN	NaN	NaN
140.457714	-3.801328	17.350296	147.511514	3.265023	20.142319	162.526377	-7.151742	12.42475	164.8865	7.564174	19.650976	171.340392	11.787877	22.395618	180.337903	21.222753	20.025577	181.005838	3.423506	21.882025	191.424959	19.113096	20.005513	190.777606	2.231167	21.164644	NaN	NaN	NaN	191.505135	12.65477	22.406495	180.591844	12.770884	22.405268	NaN	NaN	NaN
144.929458	-2.597963	16.040782	151.774004	4.569457	18.531647	166.128468	-6.791793	11.141081	167.611463	7.69117	17.878537	173.967835	11.989923	21.181833	182.538103	21.085999	18.122603	183.409626	3.544786	20.003906	193.601565	19.064899	18.292524	NaN	NaN	NaN	NaN	NaN	NaN	192.851968	12.188757	20.944292	183.176774	12.846831	20.83946	NaN	NaN	NaN
148.933525	-1.549992	13.963878	155.631998	5.627577	16.716449	169.640054	-6.278562	9.826532	170.360322	8.118537	16.354308	174.892735	11.976779	19.991775	184.603835	20.959277	16.695142	186.086169	2.983168	18.670382	195.581506	19.12747	18.287257	NaN	NaN	NaN	NaN	NaN	NaN	195.593572	12.089101	20.408087	185.515358	13.28945	19.866319	NaN	NaN	NaN
152.952189	-0.551096	11.67643	159.381657	6.740166	14.824995	172.257612	-6.746191	7.7729	172.507329	7.809329	14.575948	177.012717	12.054341	18.628033	186.280407	20.942355	16.006382	187.227755	2.851815	18.138012	197.272612	18.711803	17.622109	NaN	NaN	NaN	NaN	NaN	NaN	197.269468	11.193911	19.063675	186.938158	13.847599	19.381655	NaN	NaN	NaN
156.494199	0.305183	8.871712	163.058422	7.672868	12.417445	175.390816	-6.762497	6.731905	174.235166	7.791238	13.032863	178.471617	12.03508	17.323457	187.656024	20.974539	15.373192	188.527216	2.710282	17.52301	NaN	NaN	NaN	NaN	NaN	NaN	NaN	NaN	NaN	198.295692	10.931509	19.025245	188.37808	13.029704	18.444631	NaN	NaN	NaN
159.80499	0.845436	5.795784	164.451226	7.899048	8.6024	178.286118	-6.853677	5.213494	175.285135	7.788525	11.562395	178.833794	12.001806	16.206486	188.821013	21.793602	16.45481	189.168898	2.619979	16.983818	NaN	NaN	NaN	NaN	NaN	NaN	NaN	NaN	NaN	NaN	NaN	NaN	188.767557	12.986143	18.163641	NaN	NaN	NaN
161.431328	1.651646	3.281679	166.20148	8.507022	7.886147	179.449047	-6.387368	6.067714	175.952218	7.379582	12.130754	179.970035	11.958718	16.504252	189.079259	21.859482	16.835264	189.847903	2.530059	17.299044	NaN	NaN	NaN	NaN	NaN	NaN	NaN	NaN	NaN	NaN	NaN	NaN	189.515341	12.952257	18.309001	NaN	NaN	NaN
161.726352	1.287859	3.318626	166.377986	8.416043	7.273978	179.227172	-7.143411	6.037565	176.440854	7.319766	12.690763	180.587437	11.836757	16.53234	189.458658	22.00947	17.473466	190.054547	2.37321	17.377731	NaN	NaN	NaN	NaN	NaN	NaN	NaN	NaN	NaN	NaN	NaN	NaN	190.050252	12.972795	18.688852	NaN	NaN	NaN
160.637029	1.104354	3.738287	165.019354	8.238675	8.31022	178.159678	-7.222358	5.887781	176.045959	7.299929	13.050866	180.759508	11.829209	16.485098	189.526876	22.054409	17.863778	190.527418	2.163409	18.148213	NaN	NaN	NaN	NaN	NaN	NaN	NaN	NaN	NaN	NaN	NaN	NaN	190.234019	13.521744	19.35958	NaN	NaN	NaN