0,0,0,0,0,0,0,0.197396,0,0.313882,0.13962634015954636,0.6560590289905073,0.,-0.754709580222772,0.,0,0,0,0,0,0,0,0,0,0,0,0,0,0,0,0,0,0,0,0,0,0,0,0,0,0,0
0,0,0,0,0,0,0,0.197396,0,0.313882,0.13683381335635544,0.6571121625034846,0.,-0.7537928136364753,0.,0,0,0,0,0,0,0,0,0,0,0,0,0,0,0,0,0,0,0,0,0,0,0,0,0,0,0
0,0,0,0,0,0,0,0.197396,0,0.313882,0.1340412865531645,0.6581640149426766,0.,-0.7528745774925172,0.,0,0,0,0,0,0,0,0,0,0,0,0,0,0,0,0,0,0,0,0,0,0,0,0,0,0,0
0,0,0,0,0,0,0,0.197396,0,0.313882,0.13124875974997358,0.6592145842574434,0.,-0.7519548735810455,0.,0,0,0,0,0,0,0,0,0,0,0,0,0,0,0,0,0,0,0,0,0,0,0,0,0,0,0
0,0,0,0,0,0,0,0.197396,0,0.313882,0.12845623294678266,0.6602638683996462,0.,-0.7510337036950704,0.,0,0,0,0,0,0,0,0,0,0,0,0,0,0,0,0,0,0,0,0,0,0,0,0,0,0,0
0,0,0,0,0,0,0,0.197396,0,0.313882,0.12566370614359174,0.6613118653236519,0.,-0.7501110696304595,0.,0,0,0,0,0,0,0,0,0,0,0,0,0,0,0,0,0,0,0,0,0,0,0,0,0,0,0
0,0,0,0,0,0,0,0.197396,0,0.313882,0.1228711793404008,0.6623585729863369,0.,-0.7491869731859353,0.,0,0,0,0,0,0,0,0,0,0,0,0,0,0,0,0,0,0,0,0,0,0,0,0,0,0,0
0,0,0,0,0,0,0,0.197396,0,0.313882,0.12007865253720987,0.663403989347091,0.,-0.7482614161630712,0.,0,0,0,0,0,0,0,0,0,0,0,0,0,0,0,0,0,0,0,0,0,0,0,0,0,0,0
0,0,0,0,0,0,0,0.197396,0,0.313882,0.11728612573401895,0.6644481123678216,0.,-0.7473344003662876,0.,0,0,0,0,0,0,0,0,0,0,0,0,0,0,0,0,0,0,0,0,0,0,0,0,0,0,0
0,0,0,0,0,0,0,0.197396,0,0.313882,0.11449359893082801,0.6654909400129574,0.,-0.7464059276028496,0.,0,0,0,0,0,0,0,0,0,0,0,0,0,0,0,0,0,0,0,0,0,0,0,0,0,0,0
0,0,0,0,0,0,0,0.197396,0,0.313882,0.1117010721276371,0.6665324702494525,0.,-0.7454759996828622,0.,0,0,0,0,0,0,0,0,0,0,0,0,0,0,0,0,0,0,0,0,0,0,0,0,0,0,0
0,0,0,0,0,0,0,0.197396,0,0.313882,0.10890854532444617,0.6675727010467905,0.,-0.7445446184192674,0.,0,0,0,0,0,0,0,0,0,0,0,0,0,0,0,0,0,0,0,0,0,0,0,0,0,0,0
0,0,0,0,0,0,0,0.197396,0,0.313882,0.10611601852125524,0.6686116303769881,0.,-0.7436117856278408,0.,0,0,0,0,0,0,0,0,0,0,0,0,0,0,0,0,0,0,0,0,0,0,0,0,0,0,0
0,0,0,0,0,0,0,0.197396,0,0.313882,0.1033234917180643,0.6696492562145995,0.,-0.7426775031271875,0.,0,0,0,0,0,0,0,0,0,0,0,0,0,0,0,0,0,0,0,0,0,0,0,0,0,0,0
0,0,0,0,0,0,0,0.197396,0,0.313882,0.10053096491487337,0.6706855765367201,0.,-0.7417417727387392,0.,0,0,0,0,0,0,0,0,0,0,0,0,0,0,0,0,0,0,0,0,0,0,0,0,0,0,0
0,0,0,0,0,0,0,0.197396,0,0.313882,0.09773843811168245,0.6717205893229903,0.,-0.74080459628675,0.,0,0,0,0,0,0,0,0,0,0,0,0,0,0,0,0,0,0,0,0,0,0,0,0,0,0,0
0,0,0,0,0,0,0,0.197396,0,0.313882,0.09494591130849153,0.6727542925555996,0.,-0.7398659755982936,0.,0,0,0,0,0,0,0,0,0,0,0,0,0,0,0,0,0,0,0,0,0,0,0,0,0,0,0
0,0,0,0,0,0,0,0.197396,0,0.313882,0.0921533845053006,0.6737866842192909,0.,-0.7389259125032587,0.,0,0,0,0,0,0,0,0,0,0,0,0,0,0,0,0,0,0,0,0,0,0,0,0,0,0,0
0,0,0,0,0,0,0,0.197396,0,0.313882,0.08936085770210968,0.6748177623013637,0.,-0.7379844088343467,0.,0,0,0,0,0,0,0,0,0,0,0,0,0,0,0,0,0,0,0,0,0,0,0,0,0,0,0
0,0,0,0,0,0,0,0.197396,0,0.313882,0.08656833089891874,0.6758475247916785,0.,-0.737041466427067,0.,0,0,0,0,0,0,0,0,0,0,0,0,0,0,0,0,0,0,0,0,0,0,0,0,0,0,0
0,0,0,0,0,0,0,0.197396,0,0.313882,0.08377580409572781,0.6768759696826608,0.,-0.7360970871197343,0.,0,0,0,0,0,0,0,0,0,0,0,0,0,0,0,0,0,0,0,0,0,0,0,0,0,0,0
0,0,0,0,0,0,0,0.197396,0,0.313882,0.08098327729253689,0.6779030949693043,0.,-0.7351512727534643,0.,0,0,0,0,0,0,0,0,0,0,0,0,0,0,0,0,0,0,0,0,0,0,0,0,0,0,0
0,0,0,0,0,0,0,0.197396,0,0.313882,0.07819075048934597,0.6789288986491762,0.,-0.7342040251721702,0.,0,0,0,0,0,0,0,0,0,0,0,0,0,0,0,0,0,0,0,0,0,0,0,0,0,0,0
0,0,0,0,0,0,0,0.197396,0,0.313882,0.07539822368615504,0.6799533787224192,0.,-0.73325534622256,0.,0,0,0,0,0,0,0,0,0,0,0,0,0,0,0,0,0,0,0,0,0,0,0,0,0,0,0
0,0,0,0,0,0,0,0.197396,0,0.313882,0.07260569688296412,0.6809765331917574,0.,-0.7323052377541317,0.,0,0,0,0,0,0,0,0,0,0,0,0,0,0,0,0,0,0,0,0,0,0,0,0,0,0,0
0,0,0,0,0,0,0,0.197396,0,0.313882,0.06981317007977318,0.6819983600624985,0.,-0.7313537016191705,0.,0,0,0,0,0,0,0,0,0,0,0,0,0,0,0,0,0,0,0,0,0,0,0,0,0,0,0
0,0,0,0,0,0,0,0.197396,0,0.313882,0.06702064327658225,0.683018857342539,0.,-0.7304007396727447,0.,0,0,0,0,0,0,0,0,0,0,0,0,0,0,0,0,0,0,0,0,0,0,0,0,0,0,0
0,0,0,0,0,0,0,0.197396,0,0.313882,0.06422811647339133,0.6840380230423669,0.,-0.7294463537727022,0.,0,0,0,0,0,0,0,0,0,0,0,0,0,0,0,0,0,0,0,0,0,0,0,0,0,0,0
0,0,0,0,0,0,0,0.197396,0,0.313882,0.0614355896702004,0.685055855175067,0.,-0.7284905457796674,0.,0,0,0,0,0,0,0,0,0,0,0,0,0,0,0,0,0,0,0,0,0,0,0,0,0,0,0
0,0,0,0,0,0,0,0.197396,0,0.313882,0.058643062867009474,0.686072351756323,0.,-0.7275333175570368,0.,0,0,0,0,0,0,0,0,0,0,0,0,0,0,0,0,0,0,0,0,0,0,0,0,0,0,0
0,0,0,0,0,0,0,0.197396,0,0.313882,0.05585053606381855,0.687087510804423,0.,-0.7265746709709759,0.,0,0,0,0,0,0,0,0,0,0,0,0,0,0,0,0,0,0,0,0,0,0,0,0,0,0,0
0,0,0,0,0,0,0,0.197396,0,0.313882,0.05305800926062762,0.6881013303402626,0.,-0.7256146078904151,0.,0,0,0,0,0,0,0,0,0,0,0,0,0,0,0,0,0,0,0,0,0,0,0,0,0,0,0
0,0,0,0,0,0,0,0.197396,0,0.313882,0.050265482457436686,0.6891138083873485,0.,-0.7246531301870466,0.,0,0,0,0,0,0,0,0,0,0,0,0,0,0,0,0,0,0,0,0,0,0,0,0,0,0,0
0,0,0,0,0,0,0,0.197396,0,0.313882,0.047472955654245766,0.6901249429718032,0.,-0.7236902397353204,0.,0,0,0,0,0,0,0,0,0,0,0,0,0,0,0,0,0,0,0,0,0,0,0,0,0,0,0
0,0,0,0,0,0,0,0.197396,0,0.313882,0.04468042885105484,0.6911347321223678,0.,-0.7227259384124407,0.,0,0,0,0,0,0,0,0,0,0,0,0,0,0,0,0,0,0,0,0,0,0,0,0,0,0,0
0,0,0,0,0,0,0,0.197396,0,0.313882,0.041887902047863905,0.6921431738704068,0.,-0.7217602280983622,0.,0,0,0,0,0,0,0,0,0,0,0,0,0,0,0,0,0,0,0,0,0,0,0,0,0,0,0
0,0,0,0,0,0,0,0.197396,0,0.313882,0.039095375244672985,0.6931502662499115,0.,-0.7207931106757866,0.,0,0,0,0,0,0,0,0,0,0,0,0,0,0,0,0,0,0,0,0,0,0,0,0,0,0,0
0,0,0,0,0,0,0,0.197396,0,0.313882,0.03630284844148206,0.6941560072975038,0.,-0.7198245880301588,0.,0,0,0,0,0,0,0,0,0,0,0,0,0,0,0,0,0,0,0,0,0,0,0,0,0,0,0
0,0,0,0,0,0,0,0.197396,0,0.313882,0.033510321638291124,0.6951603950524399,0.,-0.7188546620496633,0.,0,0,0,0,0,0,0,0,0,0,0,0,0,0,0,0,0,0,0,0,0,0,0,0,0,0,0
0,0,0,0,0,0,0,0.197396,0,0.313882,0.0307177948351002,0.6961634275566145,0.,-0.7178833346252205,0.,0,0,0,0,0,0,0,0,0,0,0,0,0,0,0,0,0,0,0,0,0,0,0,0,0,0,0
0,0,0,0,0,0,0,0.197396,0,0.313882,0.027925268031909273,0.6971651028545646,0.,-0.7169106076504828,0.,0,0,0,0,0,0,0,0,0,0,0,0,0,0,0,0,0,0,0,0,0,0,0,0,0,0,0
0,0,0,0,0,0,0,0.197396,0,0.313882,0.025132741228718343,0.6981654189934727,0.,-0.7159364830218311,0.,0,0,0,0,0,0,0,0,0,0,0,0,0,0,0,0,0,0,0,0,0,0,0,0,0,0,0
0,0,0,0,0,0,0,0.197396,0,0.313882,0.02234021442552742,0.6991643740231714,0.,-0.7149609626383715,0.,0,0,0,0,0,0,0,0,0,0,0,0,0,0,0,0,0,0,0,0,0,0,0,0,0,0,0
0,0,0,0,0,0,0,0.197396,0,0.313882,0.019547687622336492,0.7001619659961469,0.,-0.7139840484019306,0.,0,0,0,0,0,0,0,0,0,0,0,0,0,0,0,0,0,0,0,0,0,0,0,0,0,0,0
0,0,0,0,0,0,0,0.197396,0,0.313882,0.016755160819145562,0.7011581929675423,0.,-0.713005742217053,0.,0,0,0,0,0,0,0,0,0,0,0,0,0,0,0,0,0,0,0,0,0,0,0,0,0,0,0
0,0,0,0,0,0,0,0.197396,0,0.313882,0.013962634015954637,0.7021530529951624,0.,-0.7120260459909965,0.,0,0,0,0,0,0,0,0,0,0,0,0,0,0,0,0,0,0,0,0,0,0,0,0,0,0,0
0,0,0,0,0,0,0,0.197396,0,0.313882,0.01117010721276371,0.7031465441394766,0.,-0.7110449616337289,0.,0,0,0,0,0,0,0,0,0,0,0,0,0,0,0,0,0,0,0,0,0,0,0,0,0,0,0
0,0,0,0,0,0,0,0.197396,0,0.313882,0.008377580409572781,0.704138664463623,0.,-0.7100624910579246,0.,0,0,0,0,0,0,0,0,0,0,0,0,0,0,0,0,0,0,0,0,0,0,0,0,0,0,0
0,0,0,0,0,0,0,0.197396,0,0.313882,0.005585053606381855,0.7051294120334124,0.,-0.7090786361789602,0.,0,0,0,0,0,0,0,0,0,0,0,0,0,0,0,0,0,0,0,0,0,0,0,0,0,0,0
0,0,0,0,0,0,0,0.197396,0,0.313882,0.0027925268031909274,0.7061187849173316,0.,-0.708093398914911,0.,0,0,0,0,0,0,0,0,0,0,0,0,0,0,0,0,0,0,0,0,0,0,0,0,0,0,0
0,0,0,0,0,0,0,0.197396,0,0.313882,0.,0.7071067811865476,0.,-0.7071067811865475,0.,0,0,0,0,0,0,0,0,0,0,0,0,0,0,0,0,0,0,0,0,0,0,0,0,0,0,0
0,0,0,0,0,0,0,0.197396,0,0.313882,-0.0027925268031909274,0.708093398914911,0.,-0.7061187849173315,0.,0,0,0,0,0,0,0,0,0,0,0,0,0,0,0,0,0,0,0,0,0,0,0,0,0,0,0
0,0,0,0,0,0,0,0.197396,0,0.313882,-0.005585053606381855,0.7090786361789603,0.,-0.7051294120334123,0.,0,0,0,0,0,0,0,0,0,0,0,0,0,0,0,0,0,0,0,0,0,0,0,0,0,0,0
0,0,0,0,0,0,0,0.197396,0,0.313882,-0.008377580409572781,0.7100624910579246,0.,-0.704138664463623,0.,0,0,0,0,0,0,0,0,0,0,0,0,0,0,0,0,0,0,0,0,0,0,0,0,0,0,0
0,0,0,0,0,0,0,0.197396,0,0.313882,-0.01117010721276371,0.711044961633729,0.,-0.7031465441394766,0.,0,0,0,0,0,0,0,0,0,0,0,0,0,0,0,0,0,0,0,0,0,0,0,0,0,0,0
0,0,0,0,0,0,0,0.197396,0,0.313882,-0.013962634015954637,0.7120260459909965,0.,-0.7021530529951624,0.,0,0,0,0,0,0,0,0,0,0,0,0,0,0,0,0,0,0,0,0,0,0,0,0,0,0,0
0,0,0,0,0,0,0,0.197396,0,0.313882,-0.016755160819145562,0.713005742217053,0.,-0.7011581929675422,0.,0,0,0,0,0,0,0,0,0,0,0,0,0,0,0,0,0,0,0,0,0,0,0,0,0,0,0
0,0,0,0,0,0,0,0.197396,0,0.313882,-0.019547687622336492,0.7139840484019306,0.,-0.7001619659961469,0.,0,0,0,0,0,0,0,0,0,0,0,0,0,0,0,0,0,0,0,0,0,0,0,0,0,0,0
0,0,0,0,0,0,0,0.197396,0,0.313882,-0.02234021442552742,0.7149609626383715,0.,-0.6991643740231714,0.,0,0,0,0,0,0,0,0,0,0,0,0,0,0,0,0,0,0,0,0,0,0,0,0,0,0,0
0,0,0,0,0,0,0,0.197396,0,0.313882,-0.025132741228718343,0.7159364830218312,0.,-0.6981654189934726,0.,0,0,0,0,0,0,0,0,0,0,0,0,0,0,0,0,0,0,0,0,0,0,0,0,0,0,0
0,0,0,0,0,0,0,0.197396,0,0.313882,-0.027925268031909273,0.7169106076504828,0.,-0.6971651028545645,0.,0,0,0,0,0,0,0,0,0,0,0,0,0,0,0,0,0,0,0,0,0,0,0,0,0,0,0
0,0,0,0,0,0,0,0.197396,0,0.313882,-0.0307177948351002,0.7178833346252206,0.,-0.6961634275566144,0.,0,0,0,0,0,0,0,0,0,0,0,0,0,0,0,0,0,0,0,0,0,0,0,0,0,0,0
0,0,0,0,0,0,0,0.197396,0,0.313882,-0.033510321638291124,0.7188546620496634,0.,-0.6951603950524399,0.,0,0,0,0,0,0,0,0,0,0,0,0,0,0,0,0,0,0,0,0,0,0,0,0,0,0,0
0,0,0,0,0,0,0,0.197396,0,0.313882,-0.03630284844148206,0.7198245880301588,0.,-0.6941560072975037,0.,0,0,0,0,0,0,0,0,0,0,0,0,0,0,0,0,0,0,0,0,0,0,0,0,0,0,0
0,0,0,0,0,0,0,0.197396,0,0.313882,-0.039095375244672985,0.7207931106757867,0.,-0.6931502662499115,0.,0,0,0,0,0,0,0,0,0,0,0,0,0,0,0,0,0,0,0,0,0,0,0,0,0,0,0
0,0,0,0,0,0,0,0.197396,0,0.313882,-0.041887902047863905,0.7217602280983623,0.,-0.6921431738704068,0.,0,0,0,0,0,0,0,0,0,0,0,0,0,0,0,0,0,0,0,0,0,0,0,0,0,0,0
0,0,0,0,0,0,0,0.197396,0,0.313882,-0.04468042885105484,0.7227259384124407,0.,-0.6911347321223676,0.,0,0,0,0,0,0,0,0,0,0,0,0,0,0,0,0,0,0,0,0,0,0,0,0,0,0,0
0,0,0,0,0,0,0,0.197396,0,0.313882,-0.047472955654245766,0.7236902397353204,0.,-0.690124942971803,0.,0,0,0,0,0,0,0,0,0,0,0,0,0,0,0,0,0,0,0,0,0,0,0,0,0,0,0
0,0,0,0,0,0,0,0.197396,0,0.313882,-0.050265482457436686,0.7246531301870467,0.,-0.6891138083873485,0.,0,0,0,0,0,0,0,0,0,0,0,0,0,0,0,0,0,0,0,0,0,0,0,0,0,0,0
0,0,0,0,0,0,0,0.197396,0,0.313882,-0.05305800926062762,0.7256146078904152,0.,-0.6881013303402624,0.,0,0,0,0,0,0,0,0,0,0,0,0,0,0,0,0,0,0,0,0,0,0,0,0,0,0,0
0,0,0,0,0,0,0,0.197396,0,0.313882,-0.05585053606381855,0.7265746709709759,0.,-0.687087510804423,0.,0,0,0,0,0,0,0,0,0,0,0,0,0,0,0,0,0,0,0,0,0,0,0,0,0,0,0
0,0,0,0,0,0,0,0.197396,0,0.313882,-0.058643062867009474,0.7275333175570369,0.,-0.686072351756323,0.,0,0,0,0,0,0,0,0,0,0,0,0,0,0,0,0,0,0,0,0,0,0,0,0,0,0,0
0,0,0,0,0,0,0,0.197396,0,0.313882,-0.0614355896702004,0.7284905457796674,0.,-0.685055855175067,0.,0,0,0,0,0,0,0,0,0,0,0,0,0,0,0,0,0,0,0,0,0,0,0,0,0,0,0
0,0,0,0,0,0,0,0.197396,0,0.313882,-0.06422811647339133,0.7294463537727023,0.,-0.6840380230423669,0.,0,0,0,0,0,0,0,0,0,0,0,0,0,0,0,0,0,0,0,0,0,0,0,0,0,0,0
0,0,0,0,0,0,0,0.197396,0,0.313882,-0.06702064327658225,0.7304007396727447,0.,-0.6830188573425389,0.,0,0,0,0,0,0,0,0,0,0,0,0,0,0,0,0,0,0,0,0,0,0,0,0,0,0,0
0,0,0,0,0,0,0,0.197396,0,0.313882,-0.06981317007977318,0.7313537016191706,0.,-0.6819983600624985,0.,0,0,0,0,0,0,0,0,0,0,0,0,0,0,0,0,0,0,0,0,0,0,0,0,0,0,0
0,0,0,0,0,0,0,0.197396,0,0.313882,-0.07260569688296412,0.7323052377541317,0.,-0.6809765331917573,0.,0,0,0,0,0,0,0,0,0,0,0,0,0,0,0,0,0,0,0,0,0,0,0,0,0,0,0
0,0,0,0,0,0,0,0.197396,0,0.313882,-0.07539822368615504,0.7332553462225601,0.,-0.6799533787224192,0.,0,0,0,0,0,0,0,0,0,0,0,0,0,0,0,0,0,0,0,0,0,0,0,0,0,0,0
0,0,0,0,0,0,0,0.197396,0,0.313882,-0.07819075048934597,0.7342040251721702,0.,-0.678928898649176,0.,0,0,0,0,0,0,0,0,0,0,0,0,0,0,0,0,0,0,0,0,0,0,0,0,0,0,0
0,0,0,0,0,0,0,0.197396,0,0.313882,-0.08098327729253689,0.7351512727534643,0.,-0.6779030949693043,0.,0,0,0,0,0,0,0,0,0,0,0,0,0,0,0,0,0,0,0,0,0,0,0,0,0,0,0
0,0,0,0,0,0,0,0.197396,0,0.313882,-0.08377580409572781,0.7360970871197343,0.,-0.6768759696826607,0.,0,0,0,0,0,0,0,0,0,0,0,0,0,0,0,0,0,0,0,0,0,0,0,0,0,0,0
0,0,0,0,0,0,0,0.197396,0,0.313882,-0.08656833089891874,0.7370414664270671,0.,-0.6758475247916785,0.,0,0,0,0,0,0,0,0,0,0,0,0,0,0,0,0,0,0,0,0,0,0,0,0,0,0,0
0,0,0,0,0,0,0,0.197396,0,0.313882,-0.08936085770210968,0.7379844088343467,0.,-0.6748177623013637,0.,0,0,0,0,0,0,0,0,0,0,0,0,0,0,0,0,0,0,0,0,0,0,0,0,0,0,0
0,0,0,0,0,0,0,0.197396,0,0.313882,-0.0921533845053006,0.7389259125032588,0.,-0.6737866842192909,0.,0,0,0,0,0,0,0,0,0,0,0,0,0,0,0,0,0,0,0,0,0,0,0,0,0,0,0
0,0,0,0,0,0,0,0.197396,0,0.313882,-0.09494591130849153,0.7398659755982936,0.,-0.6727542925555996,0.,0,0,0,0,0,0,0,0,0,0,0,0,0,0,0,0,0,0,0,0,0,0,0,0,0,0,0
0,0,0,0,0,0,0,0.197396,0,0.313882,-0.09773843811168245,0.74080459628675,0.,-0.6717205893229902,0.,0,0,0,0,0,0,0,0,0,0,0,0,0,0,0,0,0,0,0,0,0,0,0,0,0,0,0
0,0,0,0,0,0,0,0.197396,0,0.313882,-0.10053096491487337,0.7417417727387392,0.,-0.67068557653672,0.,0,0,0,0,0,0,0,0,0,0,0,0,0,0,0,0,0,0,0,0,0,0,0,0,0,0,0
0,0,0,0,0,0,0,0.197396,0,0.313882,-0.1033234917180643,0.7426775031271876,0.,-0.6696492562145995,0.,0,0,0,0,0,0,0,0,0,0,0,0,0,0,0,0,0,0,0,0,0,0,0,0,0,0,0
0,0,0,0,0,0,0,0.197396,0,0.313882,-0.10611601852125524,0.7436117856278408,0.,-0.668611630376988,0.,0,0,0,0,0,0,0,0,0,0,0,0,0,0,0,0,0,0,0,0,0,0,0,0,0,0,0
0,0,0,0,0,0,0,0.197396,0,0.313882,-0.10890854532444617,0.7445446184192674,0.,-0.6675727010467903,0.,0,0,0,0,0,0,0,0,0,0,0,0,0,0,0,0,0,0,0,0,0,0,0,0,0,0,0
0,0,0,0,0,0,0,0.197396,0,0.313882,-0.1117010721276371,0.7454759996828622,0.,-0.6665324702494525,0.,0,0,0,0,0,0,0,0,0,0,0,0,0,0,0,0,0,0,0,0,0,0,0,0,0,0,0
0,0,0,0,0,0,0,0.197396,0,0.313882,-0.11449359893082801,0.7464059276028496,0.,-0.6654909400129574,0.,0,0,0,0,0,0,0,0,0,0,0,0,0,0,0,0,0,0,0,0,0,0,0,0,0,0,0
0,0,0,0,0,0,0,0.197396,0,0.313882,-0.11728612573401895,0.7473344003662877,0.,-0.6644481123678215,0.,0,0,0,0,0,0,0,0,0,0,0,0,0,0,0,0,0,0,0,0,0,0,0,0,0,0,0
0,0,0,0,0,0,0,0.197396,0,0.313882,-0.12007865253720987,0.7482614161630712,0.,-0.663403989347091,0.,0,0,0,0,0,0,0,0,0,0,0,0,0,0,0,0,0,0,0,0,0,0,0,0,0,0,0
0,0,0,0,0,0,0,0.197396,0,0.313882,-0.1228711793404008,0.7491869731859354,0.,-0.6623585729863369,0.,0,0,0,0,0,0,0,0,0,0,0,0,0,0,0,0,0,0,0,0,0,0,0,0,0,0,0
0,0,0,0,0,0,0,0.197396,0,0.313882,-0.12566370614359174,0.7501110696304596,0.,-0.6613118653236518,0.,0,0,0,0,0,0,0,0,0,0,0,0,0,0,0,0,0,0,0,0,0,0,0,0,0,0,0
0,0,0,0,0,0,0,0.197396,0,0.313882,-0.12845623294678266,0.7510337036950704,0.,-0.6602638683996461,0.,0,0,0,0,0,0,0,0,0,0,0,0,0,0,0,0,0,0,0,0,0,0,0,0,0,0,0
0,0,0,0,0,0,0,0.197396,0,0.313882,-0.13124875974997358,0.7519548735810455,0.,-0.6592145842574433,0.,0,0,0,0,0,0,0,0,0,0,0,0,0,0,0,0,0,0,0,0,0,0,0,0,0,0,0
0,0,0,0,0,0,0,0.197396,0,0.313882,-0.1340412865531645,0.7528745774925172,0.,-0.6581640149426765,0.,0,0,0,0,0,0,0,0,0,0,0,0,0,0,0,0,0,0,0,0,0,0,0,0,0,0,0
0,0,0,0,0,0,0,0.197396,0,0.313882,-0.13683381335635544,0.7537928136364754,0.,-0.6571121625034846,0.,0,0,0,0,0,0,0,0,0,0,0,0,0,0,0,0,0,0,0,0,0,0,0,0,0,0,0