0,0,0,0,0,0,0,0.785,0,0.785,0.,0.38268343236508984,0.,-0.9238795325112867,0.,0,0,0,0,0,0,0,0,0,0,0,0,0,0,0,0,0,0,0,0,0,0,0,0,0,0,0
0,0,0,0,0,0,0,0.785,0,0.785,0.001961576221161624,0.3817771183890152,0.,-0.9242544194509323,0.,0,0,0,0,0,0,0,0,0,0,0,0,0,0,0,0,0,0,0,0,0,0,0,0,0,0,0
0,0,0,0,0,0,0,0.785,0,0.785,0.003922765271799502,0.38087061615868556,0.,-0.9246283435775172,0.,0,0,0,0,0,0,0,0,0,0,0,0,0,0,0,0,0,0,0,0,0,0,0,0,0,0,0
0,0,0,0,0,0,0,0.785,0,0.785,0.00588318005780854,0.37996410579419004,0.,-0.9250012315170297,0.,0,0,0,0,0,0,0,0,0,0,0,0,0,0,0,0,0,0,0,0,0,0,0,0,0,0,0
0,0,0,0,0,0,0,0.785,0,0.785,0.007842433637905872,0.37905776763209775,0.,-0.9253730106274823,0.,0,0,0,0,0,0,0,0,0,0,0,0,0,0,0,0,0,0,0,0,0,0,0,0,0,0,0
0,0,0,0,0,0,0,0.785,0,0.785,0.009800139300004259,0.3781517821878897,0.,-0.9257436090128426,0.,0,0,0,0,0,0,0,0,0,0,0,0,0,0,0,0,0,0,0,0,0,0,0,0,0,0,0
0,0,0,0,0,0,0,0.785,0,0.785,0.011755910637540268,0.3772463301181923,0.,-0.9261129555363945,0.,0,0,0,0,0,0,0,0,0,0,0,0,0,0,0,0,0,0,0,0,0,0,0,0,0,0,0
0,0,0,0,0,0,0,0.785,0,0.785,0.01370936162574213,0.37634159218281993,0.,-0.9264809798335312,0.,0,0,0,0,0,0,0,0,0,0,0,0,0,0,0,0,0,0,0,0,0,0,0,0,0,0,0
0,0,0,0,0,0,0,0.785,0,0.785,0.015660106697822248,0.37543774920663986,0.,-0.9268476123239743,0.,0,0,0,0,0,0,0,0,0,0,0,0,0,0,0,0,0,0,0,0,0,0,0,0,0,0,0
0,0,0,0,0,0,0,0.785,0,0.785,0.017607760821079312,0.3745349820412699,0.,-0.9272127842234196,0.,0,0,0,0,0,0,0,0,0,0,0,0,0,0,0,0,0,0,0,0,0,0,0,0,0,0,0
0,0,0,0,0,0,0,0.785,0,0.785,0.019551939572895007,0.37363347152662024,0.,-0.9275764275546066,0.,0,0,0,0,0,0,0,0,0,0,0,0,0,0,0,0,0,0,0,0,0,0,0,0,0,0,0
0,0,0,0,0,0,0,0.785,0,0.785,0.02149225921661027,0.37273339845228887,0.,-0.927938475157813,0.,0,0,0,0,0,0,0,0,0,0,0,0,0,0,0,0,0,0,0,0,0,0,0,0,0,0,0
0,0,0,0,0,0,0,0.785,0,0.785,0.023428336777266197,0.37183494351882523,0.,-0.9282988607007724,0.,0,0,0,0,0,0,0,0,0,0,0,0,0,0,0,0,0,0,0,0,0,0,0,0,0,0,0
0,0,0,0,0,0,0,0.785,0,0.785,0.02535979011719457,0.37093828729886996,0.,-0.928657518688015,0.,0,0,0,0,0,0,0,0,0,0,0,0,0,0,0,0,0,0,0,0,0,0,0,0,0,0,0
0,0,0,0,0,0,0,0.785,0,0.785,0.027286238011443167,0.3700436101981858,0.,-0.929014384469634,0.,0,0,0,0,0,0,0,0,0,0,0,0,0,0,0,0,0,0,0,0,0,0,0,0,0,0,0
0,0,0,0,0,0,0,0.785,0,0.785,0.029207300223020857,0.36915109241658817,0.,-0.9293693942494768,0.,0,0,0,0,0,0,0,0,0,0,0,0,0,0,0,0,0,0,0,0,0,0,0,0,0,0,0
0,0,0,0,0,0,0,0.785,0,0.785,0.031122597577947768,0.3682609139087892,0.,-0.9297224850927632,0.,0,0,0,0,0,0,0,0,0,0,0,0,0,0,0,0,0,0,0,0,0,0,0,0,0,0,0
0,0,0,0,0,0,0,0.785,0,0.785,0.03303175204009559,0.36737325434516827,0.,-0.9300735949331324,0.,0,0,0,0,0,0,0,0,0,0,0,0,0,0,0,0,0,0,0,0,0,0,0,0,0,0,0
0,0,0,0,0,0,0,0.785,0,0.785,0.034934386785803316,0.36648829307247677,0.,-0.9304226625791219,0.,0,0,0,0,0,0,0,0,0,0,0,0,0,0,0,0,0,0,0,0,0,0,0,0,0,0,0
0,0,0,0,0,0,0,0.785,0,0.785,0.036830126278253626,0.3656062090744927,0.,-0.9307696277200811,0.,0,0,0,0,0,0,0,0,0,0,0,0,0,0,0,0,0,0,0,0,0,0,0,0,0,0,0
0,0,0,0,0,0,0,0.785,0,0.785,0.03871859634159535,0.3647271809326382,0.,-0.9311144309315212,0.,0,0,0,0,0,0,0,0,0,0,0,0,0,0,0,0,0,0,0,0,0,0,0,0,0,0,0
0,0,0,0,0,0,0,0.785,0,0.785,0.04059942423479729,0.36385138678656714,0.,-0.9314570136799077,0.,0,0,0,0,0,0,0,0,0,0,0,0,0,0,0,0,0,0,0,0,0,0,0,0,0,0,0
0,0,0,0,0,0,0,0.785,0,0.785,0.042472238725218735,0.36297900429474006,0.,-0.9317973183268983,0.,0,0,0,0,0,0,0,0,0,0,0,0,0,0,0,0,0,0,0,0,0,0,0,0,0,0,0
0,0,0,0,0,0,0,0.785,0,0.785,0.04433667016188242,0.3621102105949965,0.,-0.9321352881330303,0.,0,0,0,0,0,0,0,0,0,0,0,0,0,0,0,0,0,0,0,0,0,0,0,0,0,0,0
0,0,0,0,0,0,0,0.785,0,0.785,0.0461923505484352,0.3612451822651363,0.,-0.9324708672608644,0.,0,0,0,0,0,0,0,0,0,0,0,0,0,0,0,0,0,0,0,0,0,0,0,0,0,0,0
0,0,0,0,0,0,0,0.785,0,0.785,0.04803891361578214,0.36038409528352433,0.,-0.9328040007775886,0.,0,0,0,0,0,0,0,0,0,0,0,0,0,0,0,0,0,0,0,0,0,0,0,0,0,0,0
0,0,0,0,0,0,0,0.785,0,0.785,0.04987599489437971,0.35952712498972866,0.,-0.9331346346570896,0.,0,0,0,0,0,0,0,0,0,0,0,0,0,0,0,0,0,0,0,0,0,0,0,0,0,0,0
0,0,0,0,0,0,0,0.785,0,0.785,0.051703231786173795,0.3586744460452064,0.,-0.9334627157814951,0.,0,0,0,0,0,0,0,0,0,0,0,0,0,0,0,0,0,0,0,0,0,0,0,0,0,0,0
0,0,0,0,0,0,0,0.785,0,0.785,0.0535202636361683,0.357826232394047,0.,-0.9337881919421992,0.,0,0,0,0,0,0,0,0,0,0,0,0,0,0,0,0,0,0,0,0,0,0,0,0,0,0,0
0,0,0,0,0,0,0,0.785,0,0.785,0.05532673180361018,0.3569826572237899,0.,-0.9341110118403713,0.,0,0,0,0,0,0,0,0,0,0,0,0,0,0,0,0,0,0,0,0,0,0,0,0,0,0,0
0,0,0,0,0,0,0,0.785,0,0.785,0.05712227973277712,0.35614389292632276,0.,-0.9344311250869611,0.,0,0,0,0,0,0,0,0,0,0,0,0,0,0,0,0,0,0,0,0,0,0,0,0,0,0,0
0,0,0,0,0,0,0,0.785,0,0.785,0.05890655302335334,0.3553101110588777,0.,-0.9347484822022061,0.,0,0,0,0,0,0,0,0,0,0,0,0,0,0,0,0,0,0,0,0,0,0,0,0,0,0,0
0,0,0,0,0,0,0,0.785,0,0.785,0.060679199500380275,0.3544814823051349,0.,-0.935063034614648,0.,0,0,0,0,0,0,0,0,0,0,0,0,0,0,0,0,0,0,0,0,0,0,0,0,0,0,0
0,0,0,0,0,0,0,0.785,0,0.785,0.06243986928376787,0.3536581764364466,0.,-0.9353747346596696,0.,0,0,0,0,0,0,0,0,0,0,0,0,0,0,0,0,0,0,0,0,0,0,0,0,0,0,0
0,0,0,0,0,0,0,0.785,0,0.785,0.06418821485735292,0.35284036227319476,0.,-0.9356835355775588,0.,0,0,0,0,0,0,0,0,0,0,0,0,0,0,0,0,0,0,0,0,0,0,0,0,0,0,0
0,0,0,0,0,0,0,0.785,0,0.785,0.0659238911374909,0.3520282076462912,0.,-0.9359893915111109,0.,0,0,0,0,0,0,0,0,0,0,0,0,0,0,0,0,0,0,0,0,0,0,0,0,0,0,0
0,0,0,0,0,0,0,0.785,0,0.785,0.06764655554116764,0.3512218793588372,0.,-0.936292257502777,0.,0,0,0,0,0,0,0,0,0,0,0,0,0,0,0,0,0,0,0,0,0,0,0,0,0,0,0
0,0,0,0,0,0,0,0.785,0,0.785,0.0693558680536173,0.3504215431479489,0.,-0.9365920894913699,0.,0,0,0,0,0,0,0,0,0,0,0,0,0,0,0,0,0,0,0,0,0,0,0,0,0,0,0
0,0,0,0,0,0,0,0.785,0,0.785,0.07105149129543374,0.3496273636467658,0.,-0.9368888443083375,0.,0,0,0,0,0,0,0,0,0,0,0,0,0,0,0,0,0,0,0,0,0,0,0,0,0,0,0
0,0,0,0,0,0,0,0.785,0,0.785,0.07273309058916136,0.3488395043466506,0.,-0.9371824796736136,0.,0,0,0,0,0,0,0,0,0,0,0,0,0,0,0,0,0,0,0,0,0,0,0,0,0,0,0
0,0,0,0,0,0,0,0.785,0,0.785,0.07440033402535291,0.3480581275595928,0.,-0.9374729541910584,0.,0,0,0,0,0,0,0,0,0,0,0,0,0,0,0,0,0,0,0,0,0,0,0,0,0,0,0
0,0,0,0,0,0,0,0.785,0,0.785,0.07605289252808088,0.3472833943808289,0.,-0.9377602273434983,0.,0,0,0,0,0,0,0,0,0,0,0,0,0,0,0,0,0,0,0,0,0,0,0,0,0,0,0
0,0,0,0,0,0,0,0.785,0,0.785,0.07769043991988955,0.3465154646516897,0.,-0.9380442594873781,0.,0,0,0,0,0,0,0,0,0,0,0,0,0,0,0,0,0,0,0,0,0,0,0,0,0,0,0
0,0,0,0,0,0,0,0.785,0,0.785,0.07931265298617501,0.3457544969226861,0.,-0.938325011847036,0.,0,0,0,0,0,0,0,0,0,0,0,0,0,0,0,0,0,0,0,0,0,0,0,0,0,0,0
0,0,0,0,0,0,0,0.785,0,0.785,0.08091921153898038,0.3450006484168466,0.,-0.9386024465086139,0.,0,0,0,0,0,0,0,0,0,0,0,0,0,0,0,0,0,0,0,0,0,0,0,0,0,0,0
0,0,0,0,0,0,0,0.785,0,0.785,0.08250979848019364,0.34425407499331334,0.,-0.9388765264136164,0.,0,0,0,0,0,0,0,0,0,0,0,0,0,0,0,0,0,0,0,0,0,0,0,0,0,0,0
0,0,0,0,0,0,0,0.785,0,0.785,0.08408409986413558,0.34351493111121406,0.,-0.9391472153521289,0.,0,0,0,0,0,0,0,0,0,0,0,0,0,0,0,0,0,0,0,0,0,0,0,0,0,0,0
0,0,0,0,0,0,0,0.785,0,0.785,0.0856418049595255,0.34278336979381535,0.,-0.9394144779557085,0.,0,0,0,0,0,0,0,0,0,0,0,0,0,0,0,0,0,0,0,0,0,0,0,0,0,0,0
0,0,0,0,0,0,0,0.785,0,0.785,0.08718260631081258,0.34205954259297155,0.,-0.9396782796899623,0.,0,0,0,0,0,0,0,0,0,0,0,0,0,0,0,0,0,0,0,0,0,0,0,0,0,0,0
0,0,0,0,0,0,0,0.785,0,0.785,0.08870619979886049,0.34134359955387766,0.,-0.9399385868468226,0.,0,0,0,0,0,0,0,0,0,0,0,0,0,0,0,0,0,0,0,0,0,0,0,0,0,0,0
0,0,0,0,0,0,0,0.785,0,0.785,0.09021228470097369,0.34063568918013926,0.,-0.9401953665365361,0.,0,0,0,0,0,0,0,0,0,0,0,0,0,0,0,0,0,0,0,0,0,0,0,0,0,0,0
0,0,0,0,0,0,0,0.785,0,0.785,0.09170056375025319,0.3399359583991686,0.,-0.9404485866793776,0.,0,0,0,0,0,0,0,0,0,0,0,0,0,0,0,0,0,0,0,0,0,0,0,0,0,0,0
0,0,0,0,0,0,0,0.785,0,0.785,0.09317074319427038,0.33924455252791635,0.,-0.9406982159971038,0.,0,0,0,0,0,0,0,0,0,0,0,0,0,0,0,0,0,0,0,0,0,0,0,0,0,0,0
0,0,0,0,0,0,0,0.785,0,0.785,0.09462253285304688,0.33856161523895123,0.,-0.9409442240041608,0.,0,0,0,0,0,0,0,0,0,0,0,0,0,0,0,0,0,0,0,0,0,0,0,0,0,0,0
0,0,0,0,0,0,0,0.785,0,0.785,0.09605564617632963,0.33788728852689565,0.,-0.9411865809986575,0.,0,0,0,0,0,0,0,0,0,0,0,0,0,0,0,0,0,0,0,0,0,0,0,0,0,0,0
0,0,0,0,0,0,0,0.785,0,0.785,0.09746980030014939,0.3372217126752288,0.,-0.9414252580531209,0.,0,0,0,0,0,0,0,0,0,0,0,0,0,0,0,0,0,0,0,0,0,0,0,0,0,0,0
0,0,0,0,0,0,0,0.785,0,0.785,0.09886471610265153,0.336565026223466,0.,-0.9416602270050475,0.,0,0,0,0,0,0,0,0,0,0,0,0,0,0,0,0,0,0,0,0,0,0,0,0,0,0,0
0,0,0,0,0,0,0,0.785,0,0.785,0.10024011825918848,0.3359173659347234,0.,-0.9418914604472626,0.,0,0,0,0,0,0,0,0,0,0,0,0,0,0,0,0,0,0,0,0,0,0,0,0,0,0,0
0,0,0,0,0,0,0,0.785,0,0.785,0.10159573529666242,0.33527886676367896,0.,-0.9421189317181049,0.,0,0,0,0,0,0,0,0,0,0,0,0,0,0,0,0,0,0,0,0,0,0,0,0,0,0,0
0,0,0,0,0,0,0,0.785,0,0.785,0.10293129964710801,0.33464966182493766,0.,-0.9423426148914495,0.,0,0,0,0,0,0,0,0,0,0,0,0,0,0,0,0,0,0,0,0,0,0,0,0,0,0,0
0,0,0,0,0,0,0,0.785,0,0.785,0.10424654770050415,0.3340298823618108,0.,-0.9425624847665829,0.,0,0,0,0,0,0,0,0,0,0,0,0,0,0,0,0,0,0,0,0,0,0,0,0,0,0,0
0,0,0,0,0,0,0,0.785,0,0.785,0.10554121985680458,0.333419657715518,0.,-0.9427785168579451,0.,0,0,0,0,0,0,0,0,0,0,0,0,0,0,0,0,0,0,0,0,0,0,0,0,0,0,0
0,0,0,0,0,0,0,0.785,0,0.785,0.10681506057717711,0.332819115294819,0.,-0.9429906873847557,0.,0,0,0,0,0,0,0,0,0,0,0,0,0,0,0,0,0,0,0,0,0,0,0,0,0,0,0
0,0,0,0,0,0,0,0.785,0,0.785,0.10806781843444113,0.3322283805460885,0.,-0.9431989732605329,0.,0,0,0,0,0,0,0,0,0,0,0,0,0,0,0,0,0,0,0,0,0,0,0,0,0,0,0
0,0,0,0,0,0,0,0.785,0,0.785,0.10929924616269358,0.3316475769238367,0.,-0.9434033520825267,0.,0,0,0,0,0,0,0,0,0,0,0,0,0,0,0,0,0,0,0,0,0,0,0,0,0,0,0
0,0,0,0,0,0,0,0.785,0,0.785,0.11050910070611367,0.3310768258616868,0.,-0.9436038021210758,0.,0,0,0,0,0,0,0,0,0,0,0,0,0,0,0,0,0,0,0,0,0,0,0,0,0,0,0
0,0,0,0,0,0,0,0.785,0,0.785,0.1116971432669365,0.3305162467438193,0.,-0.9438003023089041,0.,0,0,0,0,0,0,0,0,0,0,0,0,0,0,0,0,0,0,0,0,0,0,0,0,0,0,0
0,0,0,0,0,0,0,0.785,0,0.785,0.11286313935258639,0.32996595687688557,0.,-0.9439928322303731,0.,0,0,0,0,0,0,0,0,0,0,0,0,0,0,0,0,0,0,0,0,0,0,0,0,0,0,0
0,0,0,0,0,0,0,0.785,0,0.785,0.11400685882196036,0.3294260714624039,0.,-0.9441813721107016,0.,0,0,0,0,0,0,0,0,0,0,0,0,0,0,0,0,0,0,0,0,0,0,0,0,0,0,0
0,0,0,0,0,0,0,0.785,0,0.785,0.1151280759308527,0.32889670356964285,0.,-0.9443659028051693,0.,0,0,0,0,0,0,0,0,0,0,0,0,0,0,0,0,0,0,0,0,0,0,0,0,0,0,0
0,0,0,0,0,0,0,0.785,0,0.785,0.11622656937651174,0.32837796410899833,0.,-0.9445464057883177,0.,0,0,0,0,0,0,0,0,0,0,0,0,0,0,0,0,0,0,0,0,0,0,0,0,0,0,0
0,0,0,0,0,0,0,0.785,0,0.785,0.11730212234132008,0.3278699618058752,0.,-0.9447228631431622,0.,0,0,0,0,0,0,0,0,0,0,0,0,0,0,0,0,0,0,0,0,0,0,0,0,0,0,0
0,0,0,0,0,0,0,0.785,0,0.785,0.11835452253558933,0.3273728031750756,0.,-0.9448952575504299,0.,0,0,0,0,0,0,0,0,0,0,0,0,0,0,0,0,0,0,0,0,0,0,0,0,0,0,0
0,0,0,0,0,0,0,0.785,0,0.785,0.11938356223946137,0.32688659249570534,0.,-0.9450635722778371,0.,0,0,0,0,0,0,0,0,0,0,0,0,0,0,0,0,0,0,0,0,0,0,0,0,0,0,0
0,0,0,0,0,0,0,0.785,0,0.785,0.1203890383439074,0.3264114317866006,0.,-0.9452277911694204,0.,0,0,0,0,0,0,0,0,0,0,0,0,0,0,0,0,0,0,0,0,0,0,0,0,0,0,0
0,0,0,0,0,0,0,0.785,0,0.785,0.12137075239081722,0.3259474207822867,0.,-0.9453878986349333,0.,0,0,0,0,0,0,0,0,0,0,0,0,0,0,0,0,0,0,0,0,0,0,0,0,0,0,0
0,0,0,0,0,0,0,0.785,0,0.785,0.12232851061217016,0.32549465690946927,0.,-0.9455438796393253,0.,0,0,0,0,0,0,0,0,0,0,0,0,0,0,0,0,0,0,0,0,0,0,0,0,0,0,0
0,0,0,0,0,0,0,0.785,0,0.785,0.12326212396828061,0.3250532352640684,0.,-0.9456957196923133,0.,0,0,0,0,0,0,0,0,0,0,0,0,0,0,0,0,0,0,0,0,0,0,0,0,0,0,0
0,0,0,0,0,0,0,0.785,0,0.785,0.12417140818511008,0.32462324858879904,0.,-0.9458434048380603,0.,0,0,0,0,0,0,0,0,0,0,0,0,0,0,0,0,0,0,0,0,0,0,0,0,0,0,0
0,0,0,0,0,0,0,0.785,0,0.785,0.1250561837906387,0.32420478725130664,0.,-0.9459869216449744,0.,0,0,0,0,0,0,0,0,0,0,0,0,0,0,0,0,0,0,0,0,0,0,0,0,0,0,0
0,0,0,0,0,0,0,0.785,0,0.785,0.12591627615028902,0.32379793922285777,0.,-0.9461262571956401,0.,0,0,0,0,0,0,0,0,0,0,0,0,0,0,0,0,0,0,0,0,0,0,0,0,0,0,0
0,0,0,0,0,0,0,0.785,0,0.785,0.12675151550139482,0.3234027900575982,0.,-0.9462613990768941,0.,0,0,0,0,0,0,0,0,0,0,0,0,0,0,0,0,0,0,0,0,0,0,0,0,0,0,0
0,0,0,0,0,0,0,0.785,0,0.785,0.1275617369867083,0.32301942287237845,0.,-0.9463923353700597,0.,0,0,0,0,0,0,0,0,0,0,0,0,0,0,0,0,0,0,0,0,0,0,0,0,0,0,0
0,0,0,0,0,0,0,0.785,0,0.785,0.12834678068693942,0.3226479183271523,0.,-0.9465190546413502,0.,0,0,0,0,0,0,0,0,0,0,0,0,0,0,0,0,0,0,0,0,0,0,0,0,0,0,0
0,0,0,0,0,0,0,0.785,0,0.785,0.12910649165232002,0.3222883546059584,0.,-0.9466415459324528,0.,0,0,0,0,0,0,0,0,0,0,0,0,0,0,0,0,0,0,0,0,0,0,0,0,0,0,0
0,0,0,0,0,0,0,0.785,0,0.785,0.1298407199331876,0.3219408073984802,0.,-0.9467597987513067,0.,0,0,0,0,0,0,0,0,0,0,0,0,0,0,0,0,0,0,0,0,0,0,0,0,0,0,0
0,0,0,0,0,0,0,0.785,0,0.785,0.13054932060958188,0.32160534988219885,0.,-0.9468738030630842,0.,0,0,0,0,0,0,0,0,0,0,0,0,0,0,0,0,0,0,0,0,0,0,0,0,0,0,0
0,0,0,0,0,0,0,0.785,0,0.785,0.13123215381984873,0.3212820527051362,0.,-0.9469835492813875,0.,0,0,0,0,0,0,0,0,0,0,0,0,0,0,0,0,0,0,0,0,0,0,0,0,0,0,0
0,0,0,0,0,0,0,0.785,0,0.785,0.13188908478824563,0.320970983969195,0.,-0.9470890282596705,0.,0,0,0,0,0,0,0,0,0,0,0,0,0,0,0,0,0,0,0,0,0,0,0,0,0,0,0
0,0,0,0,0,0,0,0.785,0,0.785,0.13251998385154348,0.3206722092140998,0.,-0.9471902312828974,0.,0,0,0,0,0,0,0,0,0,0,0,0,0,0,0,0,0,0,0,0,0,0,0,0,0,0,0
0,0,0,0,0,0,0,0.785,0,0.785,0.13312472648461893,0.320385791401944,0.,-0.9472871500594474,0.,0,0,0,0,0,0,0,0,0,0,0,0,0,0,0,0,0,0,0,0,0,0,0,0,0,0,0
0,0,0,0,0,0,0,0.785,0,0.785,0.13370319332503303,0.320111790902342,0.,-0.9473797767132752,0.,0,0,0,0,0,0,0,0,0,0,0,0,0,0,0,0,0,0,0,0,0,0,0,0,0,0,0
0,0,0,0,0,0,0,0.785,0,0.785,0.13425527019659056,0.31985026547819684,0.,-0.9474681037763366,0.,0,0,0,0,0,0,0,0,0,0,0,0,0,0,0,0,0,0,0,0,0,0,0,0,0,0,0
0,0,0,0,0,0,0,0.785,0,0.785,0.13478084813187585,0.31960127027208035,0.,-0.9475521241812889,0.,0,0,0,0,0,0,0,0,0,0,0,0,0,0,0,0,0,0,0,0,0,0,0,0,0,0,0
0,0,0,0,0,0,0,0.785,0,0.785,0.13527982339376038,0.31936485779323337,0.,-0.9476318312544739,0.,0,0,0,0,0,0,0,0,0,0,0,0,0,0,0,0,0,0,0,0,0,0,0,0,0,0,0
0,0,0,0,0,0,0,0.785,0,0.785,0.13575209749587827,0.319141077905186,0.,-0.9477072187091939,0.,0,0,0,0,0,0,0,0,0,0,0,0,0,0,0,0,0,0,0,0,0,0,0,0,0,0,0
0,0,0,0,0,0,0,0.785,0,0.785,0.13619757722206516,0.318929977814003,0.,-0.9477782806392852,0.,0,0,0,0,0,0,0,0,0,0,0,0,0,0,0,0,0,0,0,0,0,0,0,0,0,0,0
0,0,0,0,0,0,0,0.785,0,0.785,0.13661617464475687,0.31873160205715634,0.,-0.9478450115129997,0.,0,0,0,0,0,0,0,0,0,0,0,0,0,0,0,0,0,0,0,0,0,0,0,0,0,0,0
0,0,0,0,0,0,0,0.785,0,0.785,0.13700780714234462,0.3185459924930273,0.,-0.9479074061672017,0.,0,0,0,0,0,0,0,0,0,0,0,0,0,0,0,0,0,0,0,0,0,0,0,0,0,0,0
0,0,0,0,0,0,0,0.785,0,0.785,0.1373723974154822,0.3183731882910392,0.,-0.9479654598018846,0.,0,0,0,0,0,0,0,0,0,0,0,0,0,0,0,0,0,0,0,0,0,0,0,0,0,0,0
0,0,0,0,0,0,0,0.785,0,0.785,0.13770987350234354,0.31821322592242696,0.,-0.9480191679750165,0.,0,0,0,0,0,0,0,0,0,0,0,0,0,0,0,0,0,0,0,0,0,0,0,0,0,0,0
0,0,0,0,0,0,0,0.785,0,0.785,0.13802016879282603,0.31806613915163995,0.,-0.9480685265977189,0.,0,0,0,0,0,0,0,0,0,0,0,0,0,0,0,0,0,0,0,0,0,0,0,0,0,0,0
0,0,0,0,0,0,0,0.785,0,0.785,0.13830322204169798,0.3179319590283862,0.,-0.9481135319297855,0.,0,0,0,0,0,0,0,0,0,0,0,0,0,0,0,0,0,0,0,0,0,0,0,0,0,0,0
0,0,0,0,0,0,0,0.785,0,0.785,0.13855897738068707,0.31781071388031445,0.,-0.9481541805755459,0.,0,0,0,0,0,0,0,0,0,0,0,0,0,0,0,0,0,0,0,0,0,0,0,0,0,0,0
0,0,0,0,0,0,0,0.785,0,0.785,0.13878738432950727,0.31770242930633924,0.,-0.9481904694800779,0.,0,0,0,0,0,0,0,0,0,0,0,0,0,0,0,0,0,0,0,0,0,0,0,0,0,0,0
0,0,0,0,0,0,0,0.785,0,0.785,0.13898839780582278,0.31760712817060777,0.,-0.9482223959257761,0.,0,0,0,0,0,0,0,0,0,0,0,0,0,0,0,0,0,0,0,0,0,0,0,0,0,0,0
0,0,0,0,0,0,0,0.785,0,0.785,0.13916197813414607,0.31752483059711384,0.,-0.9482499575292762,0.,0,0,0,0,0,0,0,0,0,0,0,0,0,0,0,0,0,0,0,0,0,0,0,0,0,0,0
0,0,0,0,0,0,0,0.785,0,0.785,0.13930809105366895,0.31745555396495545,0.,-0.9482731522387435,0.,0,0,0,0,0,0,0,0,0,0,0,0,0,0,0,0,0,0,0,0,0,0,0,0,0,0,0
0,0,0,0,0,0,0,0.785,0,0.785,0.1394267077250249,0.31739931290423934,0.,-0.9482919783315247,0.,0,0,0,0,0,0,0,0,0,0,0,0,0,0,0,0,0,0,0,0,0,0,0,0,0,0,0
0,0,0,0,0,0,0,0.785,0,0.785,0.13951780473598135,0.31735611929263546,0.,-0.9483064344121676,0.,0,0,0,0,0,0,0,0,0,0,0,0,0,0,0,0,0,0,0,0,0,0,0,0,0,0,0
0,0,0,0,0,0,0,0.785,0,0.785,0.1395813641060606,0.3173259822525773,0.,-0.948316519410812,0.,0,0,0,0,0,0,0,0,0,0,0,0,0,0,0,0,0,0,0,0,0,0,0,0,0,0,0
0,0,0,0,0,0,0,0.785,0,0.785,0.13961737329008883,0.3173089081491129,0.,-0.948322232581952,0.,0,0,0,0,0,0,0,0,0,0,0,0,0,0,0,0,0,0,0,0,0,0,0,0,0,0,0
0,0,0,0,0,0,0,0.785,0,0.785,0.13962582518067232,0.3173049005884057,0.,-0.9483235735035705,0.,0,0,0,0,0,0,0,0,0,0,0,0,0,0,0,0,0,0,0,0,0,0,0,0,0,0,0
0,0,0,0,0,0,0,0.785,0,0.785,0.1396067181096001,0.3173139604168847,0.,-0.9483205420766502,0.,0,0,0,0,0,0,0,0,0,0,0,0,0,0,0,0,0,0,0,0,0,0,0,0,0,0,0
0,0,0,0,0,0,0,0.785,0,0.785,0.13956005584817333,0.31733608572104427,0.,-0.9483131385250582,0.,0,0,0,0,0,0,0,0,0,0,0,0,0,0,0,0,0,0,0,0,0,0,0,0,0,0,0
0,0,0,0,0,0,0,0.785,0,0.785,0.13948584760646096,0.31737127182789676,0.,-0.9483013633958054,0.,0,0,0,0,0,0,0,0,0,0,0,0,0,0,0,0,0,0,0,0,0,0,0,0,0,0,0
0,0,0,0,0,0,0,0.785,0,0.785,0.1393841080314818,0.31741951130607166,0.,-0.9482852175596826,0.,0,0,0,0,0,0,0,0,0,0,0,0,0,0,0,0,0,0,0,0,0,0,0,0,0,0,0
0,0,0,0,0,0,0,0.785,0,0.785,0.13925485720431355,0.31748079396756707,0.,-0.948264702212269,0.,0,0,0,0,0,0,0,0,0,0,0,0,0,0,0,0,0,0,0,0,0,0,0,0,0,0,0
0,0,0,0,0,0,0,0.785,0,0.785,0.13909812063612928,0.3175551068701504,0.,-0.9482398188753135,0.,0,0,0,0,0,0,0,0,0,0,0,0,0,0,0,0,0,0,0,0,0,0,0,0,0,0,0
0,0,0,0,0,0,0,0.785,0,0.785,0.13891392926316207,0.31764243432040723,0.,-0.9482105693984885,0.,0,0,0,0,0,0,0,0,0,0,0,0,0,0,0,0,0,0,0,0,0,0,0,0,0,0,0
0,0,0,0,0,0,0,0.785,0,0.785,0.13870231944059894,0.317742757877439,0.,-0.9481769559615121,0.,0,0,0,0,0,0,0,0,0,0,0,0,0,0,0,0,0,0,0,0,0,0,0,0,0,0,0
0,0,0,0,0,0,0,0.785,0,0.785,0.13846333293540508,0.31785605635720765,0.,-0.9481389810766371,0.,0,0,0,0,0,0,0,0,0,0,0,0,0,0,0,0,0,0,0,0,0,0,0,0,0,0,0
0,0,0,0,0,0,0,0.785,0,0.785,0.13819701691808012,0.3179823058375284,0.,-0.948096647591504,0.,0,0,0,0,0,0,0,0,0,0,0,0,0,0,0,0,0,0,0,0,0,0,0,0,0,0,0
0,0,0,0,0,0,0,0.785,0,0.785,0.1379034239533477,0.31812147966370496,0.,-0.9480499586923544,0.,0,0,0,0,0,0,0,0,0,0,0,0,0,0,0,0,0,0,0,0,0,0,0,0,0,0,0
0,0,0,0,0,0,0,0.785,0,0.785,0.13758261198978036,0.31827354845481143,0.,-0.9479989179076012,0.,0,0,0,0,0,0,0,0,0,0,0,0,0,0,0,0,0,0,0,0,0,0,0,0,0,0,0
0,0,0,0,0,0,0,0.785,0,0.785,0.13723464434836177,0.3184384801106162,0.,-0.9479435291117507,0.,0,0,0,0,0,0,0,0,0,0,0,0,0,0,0,0,0,0,0,0,0,0,0,0,0,0,0
0,0,0,0,0,0,0,0.785,0,0.785,0.1368595897099887,0.3186162398191461,0.,-0.947883796529674,0.,0,0,0,0,0,0,0,0,0,0,0,0,0,0,0,0,0,0,0,0,0,0,0,0,0,0,0
0,0,0,0,0,0,0,0.785,0,0.785,0.136457522101915,0.3188067900648914,0.,-0.9478197247412191,0.,0,0,0,0,0,0,0,0,0,0,0,0,0,0,0,0,0,0,0,0,0,0,0,0,0,0,0
0,0,0,0,0,0,0,0.785,0,0.785,0.1360285208831402,0.31901009063764707,0.,-0.9477513186861626,0.,0,0,0,0,0,0,0,0,0,0,0,0,0,0,0,0,0,0,0,0,0,0,0,0,0,0,0
0,0,0,0,0,0,0,0.785,0,0.785,0.13557267072874585,0.3192260986419904,0.,-0.947678583669492,0.,0,0,0,0,0,0,0,0,0,0,0,0,0,0,0,0,0,0,0,0,0,0,0,0,0,0,0
0,0,0,0,0,0,0,0.785,0,0.785,0.13509006161318265,0.31945476850739163,0.,-0.9476015253670125,0.,0,0,0,0,0,0,0,0,0,0,0,0,0,0,0,0,0,0,0,0,0,0,0,0,0,0,0
0,0,0,0,0,0,0,0.785,0,0.785,0.13458078879251156,0.3196960519989561,0.,-0.9475201498312744,0.,0,0,0,0,0,0,0,0,0,0,0,0,0,0,0,0,0,0,0,0,0,0,0,0,0,0,0
0,0,0,0,0,0,0,0.785,0,0.785,0.13404495278560233,0.31994989822879466,0.,-0.9474344634978105,0.,0,0,0,0,0,0,0,0,0,0,0,0,0,0,0,0,0,0,0,0,0,0,0,0,0,0,0
0,0,0,0,0,0,0,0.785,0,0.785,0.13348265935429343,0.3202162536680199,0.,-0.9473444731916782,0.,0,0,0,0,0,0,0,0,0,0,0,0,0,0,0,0,0,0,0,0,0,0,0,0,0,0,0
0,0,0,0,0,0,0,0.785,0,0.785,0.13289401948251706,0.32049506215936585,0.,-0.947250186134299,0.,0,0,0,0,0,0,0,0,0,0,0,0,0,0,0,0,0,0,0,0,0,0,0,0,0,0,0
0,0,0,0,0,0,0,0.785,0,0.785,0.13227914935439336,0.32078626493042867,0.,-0.9471516099505849,0.,0,0,0,0,0,0,0,0,0,0,0,0,0,0,0,0,0,0,0,0,0,0,0,0,0,0,0
0,0,0,0,0,0,0,0.785,0,0.785,0.1316381703312985,0.3210898006075224,0.,-0.9470487526763454,0.,0,0,0,0,0,0,0,0,0,0,0,0,0,0,0,0,0,0,0,0,0,0,0,0,0,0,0
0,0,0,0,0,0,0,0.785,0,0.785,0.13097120892791048,0.3214056052301513,0.,-0.9469416227659655,0.,0,0,0,0,0,0,0,0,0,0,0,0,0,0,0,0,0,0,0,0,0,0,0,0,0,0,0
0,0,0,0,0,0,0,0.785,0,0.785,0.13027839678723818,0.32173361226609026,0.,-0.9468302291003456,0.,0,0,0,0,0,0,0,0,0,0,0,0,0,0,0,0,0,0,0,0,0,0,0,0,0,0,0
0,0,0,0,0,0,0,0.785,0,0.785,0.12955987065463795,0.3220737526270745,0.,-0.9467145809950928,0.,0,0,0,0,0,0,0,0,0,0,0,0,0,0,0,0,0,0,0,0,0,0,0,0,0,0,0
0,0,0,0,0,0,0,0.785,0,0.785,0.1288157723508232,0.3224259546850901,0.,-0.9465946882089548,0.,0,0,0,0,0,0,0,0,0,0,0,0,0,0,0,0,0,0,0,0,0,0,0,0,0,0,0
0,0,0,0,0,0,0,0.785,0,0.785,0.12804624874387222,0.3227901442892652,0.,-0.9464705609524869,0.,0,0,0,0,0,0,0,0,0,0,0,0,0,0,0,0,0,0,0,0,0,0,0,0,0,0,0
0,0,0,0,0,0,0,0.785,0,0.785,0.1272514517202397,0.323166244783356,0.,-0.94634220989694,0.,0,0,0,0,0,0,0,0,0,0,0,0,0,0,0,0,0,0,0,0,0,0,0,0,0,0,0
0,0,0,0,0,0,0,0.785,0,0.785,0.12643153815477798,0.32355417702382416,0.,-0.9462096461833581,0.,0,0,0,0,0,0,0,0,0,0,0,0,0,0,0,0,0,0,0,0,0,0,0,0,0,0,0
0,0,0,0,0,0,0,0.785,0,0.785,0.1255866698797733,0.32395385939849974,0.,-0.9460728814318784,0.,0,0,0,0,0,0,0,0,0,0,0,0,0,0,0,0,0,0,0,0,0,0,0,0,0,0,0
0,0,0,0,0,0,0,0.785,0,0.785,0.12471701365300392,0.3243652078458269,0.,-0.9459319277512169,0.,0,0,0,0,0,0,0,0,0,0,0,0,0,0,0,0,0,0,0,0,0,0,0,0,0,0,0
0,0,0,0,0,0,0,0.785,0,0.785,0.12382274112482586,0.32478813587468675,0.,-0.945786797748333,0.,0,0,0,0,0,0,0,0,0,0,0,0,0,0,0,0,0,0,0,0,0,0,0,0,0,0,0
0,0,0,0,0,0,0,0.785,0,0.785,0.12290402880429317,0.32522255458479205,0.,-0.945637504538257,0.,0,0,0,0,0,0,0,0,0,0,0,0,0,0,0,0,0,0,0,0,0,0,0,0,0,0,0
0,0,0,0,0,0,0,0.785,0,0.785,0.12196105802431885,0.32566837268764903,0.,-0.9454840617540724,0.,0,0,0,0,0,0,0,0,0,0,0,0,0,0,0,0,0,0,0,0,0,0,0,0,0,0,0
0,0,0,0,0,0,0,0.785,0,0.785,0.120994014905884,0.3261254965280818,0.,-0.9453264835570365,0.,0,0,0,0,0,0,0,0,0,0,0,0,0,0,0,0,0,0,0,0,0,0,0,0,0,0,0
0,0,0,0,0,0,0,0.785,0,0.785,0.1200030903213017,0.3265938301063129,0.,-0.9451647846468302,0.,0,0,0,0,0,0,0,0,0,0,0,0,0,0,0,0,0,0,0,0,0,0,0,0,0,0,0
0,0,0,0,0,0,0,0.785,0,0.785,0.11898847985654318,0.32707327510059375,0.,-0.9449989802719214,0.,0,0,0,0,0,0,0,0,0,0,0,0,0,0,0,0,0,0,0,0,0,0,0,0,0,0,0
0,0,0,0,0,0,0,0.785,0,0.785,0.11795038377263369,0.32756373089038204,0.,-0.9448290862400318,0.,0,0,0,0,0,0,0,0,0,0,0,0,0,0,0,0,0,0,0,0,0,0,0,0,0,0,0
0,0,0,0,0,0,0,0.785,0,0.785,0.11688900696612534,0.32806509458005606,0.,-0.9446551189286908,0.,0,0,0,0,0,0,0,0,0,0,0,0,0,0,0,0,0,0,0,0,0,0,0,0,0,0,0
0,0,0,0,0,0,0,0.785,0,0.785,0.11580455892865535,0.32857726102316387,0.,-0.9444770952958657,0.,0,0,0,0,0,0,0,0,0,0,0,0,0,0,0,0,0,0,0,0,0,0,0,0,0,0,0
0,0,0,0,0,0,0,0.785,0,0.785,0.11469725370559708,0.32910012284719686,0.,-0.9442950328906533,0.,0,0,0,0,0,0,0,0,0,0,0,0,0,0,0,0,0,0,0,0,0,0,0,0,0,0,0
0,0,0,0,0,0,0,0.785,0,0.785,0.11356730985381236,0.32963357047888603,0.,-0.9441089498640193,0.,0,0,0,0,0,0,0,0,0,0,0,0,0,0,0,0,0,0,0,0,0,0,0,0,0,0,0
0,0,0,0,0,0,0,0.785,0,0.785,0.11241495039851339,0.3301774921700094,0.,-0.9439188649795719,0.,0,0,0,0,0,0,0,0,0,0,0,0,0,0,0,0,0,0,0,0,0,0,0,0,0,0,0
0,0,0,0,0,0,0,0.785,0,0.785,0.11124040278924252,0.33073177402370674,0.,-0.943724797624356,0.,0,0,0,0,0,0,0,0,0,0,0,0,0,0,0,0,0,0,0,0,0,0,0,0,0,0,0
0,0,0,0,0,0,0,0.785,0,0.785,0.11004389885497902,0.3312963000212936,0.,-0.9435267678196528,0.,0,0,0,0,0,0,0,0,0,0,0,0,0,0,0,0,0,0,0,0,0,0,0,0,0,0,0
0,0,0,0,0,0,0,0.785,0,0.785,0.10882567475838117,0.3318709520495685,0.,-0.9433247962317713,0.,0,0,0,0,0,0,0,0,0,0,0,0,0,0,0,0,0,0,0,0,0,0,0,0,0,0,0
0,0,0,0,0,0,0,0.785,0,0.785,0.10758597094917323,0.3324556099286031,0.,-0.9431189041828185,0.,0,0,0,0,0,0,0,0,0,0,0,0,0,0,0,0,0,0,0,0,0,0,0,0,0,0,0
0,0,0,0,0,0,0,0.785,0,0.785,0.10632503211668619,0.3330501514400115,0.,-0.942909113661431,0.,0,0,0,0,0,0,0,0,0,0,0,0,0,0,0,0,0,0,0,0,0,0,0,0,0,0,0
0,0,0,0,0,0,0,0.785,0,0.785,0.10504310714156147,0.33365445235568747,0.,-0.9426954473334569,0.,0,0,0,0,0,0,0,0,0,0,0,0,0,0,0,0,0,0,0,0,0,0,0,0,0,0,0
0,0,0,0,0,0,0,0.785,0,0.785,0.10374044904662767,0.3342683864670045,0.,-0.9424779285525711,0.,0,0,0,0,0,0,0,0,0,0,0,0,0,0,0,0,0,0,0,0,0,0,0,0,0,0,0
0,0,0,0,0,0,0,0.785,0,0.785,0.1024173149469596,0.3348918256144681,0.,-0.9422565813708115,0.,0,0,0,0,0,0,0,0,0,0,0,0,0,0,0,0,0,0,0,0,0,0,0,0,0,0,0
0,0,0,0,0,0,0,0.785,0,0.785,0.10107396599912971,0.3355246397178145,0.,-0.9420314305490188,0.,0,0,0,0,0,0,0,0,0,0,0,0,0,0,0,0,0,0,0,0,0,0,0,0,0,0,0
0,0,0,0,0,0,0,0.785,0,0.785,0.09971066734966146,0.3361666968065443,0.,-0.9418025015671687,0.,0,0,0,0,0,0,0,0,0,0,0,0,0,0,0,0,0,0,0,0,0,0,0,0,0,0,0
0,0,0,0,0,0,0,0.785,0,0.785,0.09832768808269572,0.33681786305088657,0.,-0.9415698206345795,0.,0,0,0,0,0,0,0,0,0,0,0,0,0,0,0,0,0,0,0,0,0,0,0,0,0,0,0
0,0,0,0,0,0,0,0.785,0,0.785,0.09692530116687949,0.33747800279317947,0.,-0.9413334146999812,0.,0,0,0,0,0,0,0,0,0,0,0,0,0,0,0,0,0,0,0,0,0,0,0,0,0,0,0
0,0,0,0,0,0,0,0.785,0,0.785,0.09550378340148816,0.3381469785796637,0.,-0.9410933114614323,0.,0,0,0,0,0,0,0,0,0,0,0,0,0,0,0,0,0,0,0,0,0,0,0,0,0,0,0
0,0,0,0,0,0,0,0.785,0,0.785,0.09406341536179172,0.33882465119267435,0.,-0.9408495393760697,0.,0,0,0,0,0,0,0,0,0,0,0,0,0,0,0,0,0,0,0,0,0,0,0,0,0,0,0
0,0,0,0,0,0,0,0.785,0,0.785,0.09260448134367542,0.33951087968322796,0.,-0.9406021276696755,0.,0,0,0,0,0,0,0,0,0,0,0,0,0,0,0,0,0,0,0,0,0,0,0,0,0,0,0
0,0,0,0,0,0,0,0.785,0,0.785,0.09112726930752633,0.34020552140398785,0.,-0.9403511063460502,0.,0,0,0,0,0,0,0,0,0,0,0,0,0,0,0,0,0,0,0,0,0,0,0,0,0,0,0
0,0,0,0,0,0,0,0.785,0,0.785,0.08963207082139646,0.34090843204260596,0.,-0.9400965061961735,0.,0,0,0,0,0,0,0,0,0,0,0,0,0,0,0,0,0,0,0,0,0,0,0,0,0,0,0
0,0,0,0,0,0,0,0.785,0,0.785,0.08811918100345387,0.3416194656554257,0.,-0.9398383588071416,0.,0,0,0,0,0,0,0,0,0,0,0,0,0,0,0,0,0,0,0,0,0,0,0,0,0,0,0
0,0,0,0,0,0,0,0.785,0,0.785,0.08658889846373323,0.34233847470153717,0.,-0.9395766965708681,0.,0,0,0,0,0,0,0,0,0,0,0,0,0,0,0,0,0,0,0,0,0,0,0,0,0,0,0
0,0,0,0,0,0,0,0.785,0,0.785,0.08504152524519665,0.3430653100771769,0.,-0.9393115526925294,0.,0,0,0,0,0,0,0,0,0,0,0,0,0,0,0,0,0,0,0,0,0,0,0,0,0,0,0
0,0,0,0,0,0,0,0.785,0,0.785,0.08347736676411754,0.34379982115045943,0.,-0.9390429611987473,0.,0,0,0,0,0,0,0,0,0,0,0,0,0,0,0,0,0,0,0,0,0,0,0,0,0,0,0
0,0,0,0,0,0,0,0.785,0,0.785,0.08189673174979831,0.34454185579643104,0.,-0.9387709569454902,0.,0,0,0,0,0,0,0,0,0,0,0,0,0,0,0,0,0,0,0,0,0,0,0,0,0,0,0
0,0,0,0,0,0,0,0.785,0,0.785,0.0802999321836341,0.3452912604324358,0.,-0.9384955756256818,0.,0,0,0,0,0,0,0,0,0,0,0,0,0,0,0,0,0,0,0,0,0,0,0,0,0,0,0
0,0,0,0,0,0,0,0.785,0,0.785,0.0786872832375351,0.34604788005378084,0.,-0.9382168537765052,0.,0,0,0,0,0,0,0,0,0,0,0,0,0,0,0,0,0,0,0,0,0,0,0,0,0,0,0
0,0,0,0,0,0,0,0.785,0,0.785,0.07705910321171837,0.3468115582696955,0.,-0.9379348287863851,0.,0,0,0,0,0,0,0,0,0,0,0,0,0,0,0,0,0,0,0,0,0,0,0,0,0,0,0
0,0,0,0,0,0,0,0.785,0,0.785,0.07541571347188286,0.34758213733956594,0.,-0.9376495389016406,0.,0,0,0,0,0,0,0,0,0,0,0,0,0,0,0,0,0,0,0,0,0,0,0,0,0,0,0
0,0,0,0,0,0,0,0.785,0,0.785,0.07375743838577906,0.3483594582094403,0.,-0.9373610232327911,0.,0,0,0,0,0,0,0,0,0,0,0,0,0,0,0,0,0,0,0,0,0,0,0,0,0,0,0
0,0,0,0,0,0,0,0.785,0,0.785,0.07208460525918614,0.3491433605487902,0.,-0.9370693217605075,0.,0,0,0,0,0,0,0,0,0,0,0,0,0,0,0,0,0,0,0,0,0,0,0,0,0,0,0
0,0,0,0,0,0,0,0.785,0,0.785,0.07039754427130951,0.34993368278751874,0.,-0.9367744753411913,0.,0,0,0,0,0,0,0,0,0,0,0,0,0,0,0,0,0,0,0,0,0,0,0,0,0,0,0
0,0,0,0,0,0,0,0.785,0,0.785,0.06869658840961052,0.3507302621532023,0.,-0.936476525712175,0.,0,0,0,0,0,0,0,0,0,0,0,0,0,0,0,0,0,0,0,0,0,0,0,0,0,0,0
0,0,0,0,0,0,0,0.785,0,0.785,0.06698207340408258,0.3515329347085548,0.,-0.9361755154965286,0.,0,0,0,0,0,0,0,0,0,0,0,0,0,0,0,0,0,0,0,0,0,0,0,0,0,0,0
0,0,0,0,0,0,0,0.785,0,0.785,0.06525433766098568,0.35234153538910506,0.,-0.9358714882074611,0.,0,0,0,0,0,0,0,0,0,0,0,0,0,0,0,0,0,0,0,0,0,0,0,0,0,0,0
0,0,0,0,0,0,0,0.785,0,0.785,0.0635137221960526,0.35315589804107184,0.,-0.9355644882523086,0.,0,0,0,0,0,0,0,0,0,0,0,0,0,0,0,0,0,0,0,0,0,0,0,0,0,0,0
0,0,0,0,0,0,0,0.785,0,0.785,0.061760570567180366,0.353975855459428,0.,-0.935254560936094,0.,0,0,0,0,0,0,0,0,0,0,0,0,0,0,0,0,0,0,0,0,0,0,0,0,0,0,0
0,0,0,0,0,0,0,0.785,0,0.785,0.05999522880661943,0.35480123942614,0.,-0.9349417524646522,0.,0,0,0,0,0,0,0,0,0,0,0,0,0,0,0,0,0,0,0,0,0,0,0,0,0,0,0
0,0,0,0,0,0,0,0.785,0,0.785,0.05821804535267499,0.35563188074857194,0.,-0.9346261099473059,0.,0,0,0,0,0,0,0,0,0,0,0,0,0,0,0,0,0,0,0,0,0,0,0,0,0,0,0
0,0,0,0,0,0,0,0.785,0,0.785,0.05642937098093317,0.3564676092980419,0.,-0.9343076813990874,0.,0,0,0,0,0,0,0,0,0,0,0,0,0,0,0,0,0,0,0,0,0,0,0,0,0,0,0
0,0,0,0,0,0,0,0.785,0,0.785,0.054629558735025764,0.3573082540485169,0.,-0.9339865157424921,0.,0,0,0,0,0,0,0,0,0,0,0,0,0,0,0,0,0,0,0,0,0,0,0,0,0,0,0
0,0,0,0,0,0,0,0.785,0,0.785,0.05281896385694776,0.3581536431154372,0.,-0.9336626628087578,0.,0,0,0,0,0,0,0,0,0,0,0,0,0,0,0,0,0,0,0,0,0,0,0,0,0,0,0
0,0,0,0,0,0,0,0.785,0,0.785,0.05099794371694028,0.35900360379465607,0.,-0.933336173338658,0.,0,0,0,0,0,0,0,0,0,0,0,0,0,0,0,0,0,0,0,0,0,0,0,0,0,0,0
0,0,0,0,0,0,0,0.785,0,0.785,0.049166857742954054,0.3598579626014823,0.,-0.9330070989828053,0.,0,0,0,0,0,0,0,0,0,0,0,0,0,0,0,0,0,0,0,0,0,0,0,0,0,0,0
0,0,0,0,0,0,0,0.785,0,0.785,0.047326067349706444,0.36071654530981445,0.,-0.9326754923014502,0.,0,0,0,0,0,0,0,0,0,0,0,0,0,0,0,0,0,0,0,0,0,0,0,0,0,0,0
0,0,0,0,0,0,0,0.785,0,0.785,0.04547593586734637,0.36157917699135406,0.,-0.9323414067637751,0.,0,0,0,0,0,0,0,0,0,0,0,0,0,0,0,0,0,0,0,0,0,0,0,0,0,0,0
0,0,0,0,0,0,0,0.785,0,0.785,0.043616828469741416,0.362445682054886,0.,-0.9320048967466686,0.,0,0,0,0,0,0,0,0,0,0,0,0,0,0,0,0,0,0,0,0,0,0,0,0,0,0,0
0,0,0,0,0,0,0,0.785,0,0.785,0.04174911210240048,0.36331588428561157,0.,-0.9316660175329806,0.,0,0,0,0,0,0,0,0,0,0,0,0,0,0,0,0,0,0,0,0,0,0,0,0,0,0,0
0,0,0,0,0,0,0,0.785,0,0.785,0.03987315541004732,0.3641896068845258,0.,-0.9313248253092444,0.,0,0,0,0,0,0,0,0,0,0,0,0,0,0,0,0,0,0,0,0,0,0,0,0,0,0,0
0,0,0,0,0,0,0,0.785,0,0.785,0.03798932866385838,0.36506667250782293,0.,-0.9309813771628657,0.,0,0,0,0,0,0,0,0,0,0,0,0,0,0,0,0,0,0,0,0,0,0,0,0,0,0,0
0,0,0,0,0,0,0,0.785,0,0.785,0.036098003688379635,0.3659469033063194,0.,-0.9306357310787693,0.,0,0,0,0,0,0,0,0,0,0,0,0,0,0,0,0,0,0,0,0,0,0,0,0,0,0,0
0,0,0,0,0,0,0,0.785,0,0.785,0.03419955378813715,0.3668301209648831,0.,-0.9302879459354987,0.,0,0,0,0,0,0,0,0,0,0,0,0,0,0,0,0,0,0,0,0,0,0,0,0,0,0,0
0,0,0,0,0,0,0,0.785,0,0.785,0.03229435367395488,0.36771614674185404,0.,-0.929938081500765,0.,0,0,0,0,0,0,0,0,0,0,0,0,0,0,0,0,0,0,0,0,0,0,0,0,0,0,0
0,0,0,0,0,0,0,0.785,0,0.785,0.030382779388995498,0.3686048015084466,0.,-0.929586198426439,0.,0,0,0,0,0,0,0,0,0,0,0,0,0,0,0,0,0,0,0,0,0,0,0,0,0,0,0
0,0,0,0,0,0,0,0.785,0,0.785,0.028465208234538,0.36949590578812036,0.,-0.9292323582429836,0.,0,0,0,0,0,0,0,0,0,0,0,0,0,0,0,0,0,0,0,0,0,0,0,0,0,0,0
0,0,0,0,0,0,0,0.785,0,0.785,0.02654201869550694,0.37038927979590597,0.,-0.9288766233533224,0.,0,0,0,0,0,0,0,0,0,0,0,0,0,0,0,0,0,0,0,0,0,0,0,0,0,0,0
0,0,0,0,0,0,0,0.785,0,0.785,0.02461359036576836,0.3712847434776772,0.,-0.9285190570261417,0.,0,0,0,0,0,0,0,0,0,0,0,0,0,0,0,0,0,0,0,0,0,0,0,0,0,0,0
0,0,0,0,0,0,0,0.785,0,0.785,0.022680303873206235,0.37218211654935307,0.,-0.9281597233886223,0.,0,0,0,0,0,0,0,0,0,0,0,0,0,0,0,0,0,0,0,0,0,0,0,0,0,0,0
0,0,0,0,0,0,0,0.785,0,0.785,0.020742540804595432,0.37308121853602266,0.,-0.9277986874185997,0.,0,0,0,0,0,0,0,0,0,0,0,0,0,0,0,0,0,0,0,0,0,0,0,0,0,0,0
0,0,0,0,0,0,0,0.785,0,0.785,0.018800683630285076,0.37398186881097584,0.,-0.9274360149361518,0.,0,0,0,0,0,0,0,0,0,0,0,0,0,0,0,0,0,0,0,0,0,0,0,0,0,0,0
0,0,0,0,0,0,0,0.785,0,0.785,0.01685511562870759,0.3748838866346321,0.,-0.92707177259461,0.,0,0,0,0,0,0,0,0,0,0,0,0,0,0,0,0,0,0,0,0,0,0,0,0,0,0,0
0,0,0,0,0,0,0,0.785,0,0.785,0.014906220810728451,0.3757870911933549,0.,-0.9267060278709949,0.,0,0,0,0,0,0,0,0,0,0,0,0,0,0,0,0,0,0,0,0,0,0,0,0,0,0,0
0,0,0,0,0,0,0,0.785,0,0.785,0.012954383843850831,0.3766913016381376,0.,-0.9263388490558764,0.,0,0,0,0,0,0,0,0,0,0,0,0,0,0,0,0,0,0,0,0,0,0,0,0,0,0,0
0,0,0,0,0,0,0,0.785,0,0.785,0.010999989976291237,0.37759633712315316,0.,-0.9259703052426563,0.,0,0,0,0,0,0,0,0,0,0,0,0,0,0,0,0,0,0,0,0,0,0,0,0,0,0,0
0,0,0,0,0,0,0,0.785,0,0.785,0.009043424960940197,0.37850201684415347,0.,-0.9256004663162763,0.,0,0,0,0,0,0,0,0,0,0,0,0,0,0,0,0,0,0,0,0,0,0,0,0,0,0,0
0,0,0,0,0,0,0,0.785,0,0.785,0.007085074979223363,0.3794081600767086,0.,-0.9252294029413498,0.,0,0,0,0,0,0,0,0,0,0,0,0,0,0,0,0,0,0,0,0,0,0,0,0,0,0,0
0,0,0,0,0,0,0,0.785,0,0.785,0.005125326564878334,0.3803145862142733,0.,-0.9248571865497214,0.,0,0,0,0,0,0,0,0,0,0,0,0,0,0,0,0,0,0,0,0,0,0,0,0,0,0,0
0,0,0,0,0,0,0,0.785,0,0.785,0.0031645665276613046,0.3812211148060731,0.,-0.9244838893274533,0.,0,0,0,0,0,0,0,0,0,0,0,0,0,0,0,0,0,0,0,0,0,0,0,0,0,0,0
0,0,0,0,0,0,0,0.785,0,0.785,0.0012031818769998798,0.3821275655947948,0.,-0.9241095842012438,0.,0,0,0,0,0,0,0,0,0,0,0,0,0,0,0,0,0,0,0,0,0,0,0,0,0,0,0
0,0,0,0,0,0,0,0.785,0,0.785,-0.0007584402543939155,0.38303375855407523,0.,-0.9237343448242782,0.,0,0,0,0,0,0,0,0,0,0,0,0,0,0,0,0,0,0,0,0,0,0,0,0,0,0,0
0,0,0,0,0,0,0,0.785,0,0.785,-0.0027199126869345753,0.3839395139257726,0.,-0.9233582455615164,0.,0,0,0,0,0,0,0,0,0,0,0,0,0,0,0,0,0,0,0,0,0,0,0,0,0,0,0
0,0,0,0,0,0,0,0.785,0,0.785,-0.004680848270583928,0.38484465225701764,0.,-0.9229813614744207,0.,0,0,0,0,0,0,0,0,0,0,0,0,0,0,0,0,0,0,0,0,0,0,0,0,0,0,0
0,0,0,0,0,0,0,0.785,0,0.785,-0.0066408599612654984,0.3857489944370249,0.,-0.922603768305129,0.,0,0,0,0,0,0,0,0,0,0,0,0,0,0,0,0,0,0,0,0,0,0,0,0,0,0,0
0,0,0,0,0,0,0,0.785,0,0.785,-0.008599560897258267,0.3866523617336643,0.,-0.922225542460075,0.,0,0,0,0,0,0,0,0,0,0,0,0,0,0,0,0,0,0,0,0,0,0,0,0,0,0,0
0,0,0,0,0,0,0,0.785,0,0.785,-0.010556564475554434,0.38755457582977465,0.,-0.9218467609930641,0.,0,0,0,0,0,0,0,0,0,0,0,0,0,0,0,0,0,0,0,0,0,0,0,0,0,0,0
0,0,0,0,0,0,0,0.785,0,0.785,-0.01251148442816581,0.3884554588592152,0.,-0.9214675015878078,0.,0,0,0,0,0,0,0,0,0,0,0,0,0,0,0,0,0,0,0,0,0,0,0,0,0,0,0
0,0,0,0,0,0,0,0.785,0,0.785,-0.014463934898364703,0.389354833442644,0.,-0.9210878425399235,0.,0,0,0,0,0,0,0,0,0,0,0,0,0,0,0,0,0,0,0,0,0,0,0,0,0,0,0
0,0,0,0,0,0,0,0.785,0,0.785,-0.016413530516843015,0.39025252272301403,0.,-0.920707862738406,0.,0,0,0,0,0,0,0,0,0,0,0,0,0,0,0,0,0,0,0,0,0,0,0,0,0,0,0
0,0,0,0,0,0,0,0.785,0,0.785,-0.018359886477775433,0.3911483504007774,0.,-0.9203276416465772,0.,0,0,0,0,0,0,0,0,0,0,0,0,0,0,0,0,0,0,0,0,0,0,0,0,0,0,0
0,0,0,0,0,0,0,0.785,0,0.785,-0.02030261861477141,0.39204214076879107,0.,-0.9199472592825217,0.,0,0,0,0,0,0,0,0,0,0,0,0,0,0,0,0,0,0,0,0,0,0,0,0,0,0,0
0,0,0,0,0,0,0,0.785,0,0.785,-0.02224134347670061,0.3929337187469139,0.,-0.9195667961990152,0.,0,0,0,0,0,0,0,0,0,0,0,0,0,0,0,0,0,0,0,0,0,0,0,0,0,0,0
0,0,0,0,0,0,0,0.785,0,0.785,-0.024175678403377844,0.39382290991628793,0.,-0.9191863334629532,0.,0,0,0,0,0,0,0,0,0,0,0,0,0,0,0,0,0,0,0,0,0,0,0,0,0,0,0
0,0,0,0,0,0,0,0.785,0,0.785,-0.02610524160109121,0.39470954055329477,0.,-0.918805952634291,0.,0,0,0,0,0,0,0,0,0,0,0,0,0,0,0,0,0,0,0,0,0,0,0,0,0,0,0
0,0,0,0,0,0,0,0.785,0,0.785,-0.02802965221795954,0.3955934376631811,0.,-0.9184257357445004,0.,0,0,0,0,0,0,0,0,0,0,0,0,0,0,0,0,0,0,0,0,0,0,0,0,0,0,0
0,0,0,0,0,0,0,0.785,0,0.785,-0.029948530419103992,0.3964744290133442,0.,-0.9180457652745546,0.,0,0,0,0,0,0,0,0,0,0,0,0,0,0,0,0,0,0,0,0,0,0,0,0,0,0,0
0,0,0,0,0,0,0,0.785,0,0.785,-0.031861497461618545,0.397352343166272,0.,-0.9176661241324501,0.,0,0,0,0,0,0,0,0,0,0,0,0,0,0,0,0,0,0,0,0,0,0,0,0,0,0,0
0,0,0,0,0,0,0,0.785,0,0.785,-0.03376817576932561,0.39822700951212814,0.,-0.9172868956302752,0.,0,0,0,0,0,0,0,0,0,0,0,0,0,0,0,0,0,0,0,0,0,0,0,0,0,0,0
0,0,0,0,0,0,0,0.785,0,0.785,-0.035668189007300725,0.39909825830097967,0.,-0.9169081634608367,0.,0,0,0,0,0,0,0,0,0,0,0,0,0,0,0,0,0,0,0,0,0,0,0,0,0,0,0
0,0,0,0,0,0,0,0.785,0,0.785,-0.03756116215615258,0.39996592067465586,0.,-0.916530011673854,0.,0,0,0,0,0,0,0,0,0,0,0,0,0,0,0,0,0,0,0,0,0,0,0,0,0,0,0
0,0,0,0,0,0,0,0.785,0,0.785,-0.039446721586043364,0.4008298286982362,0.,-0.9161525246517321,0.,0,0,0,0,0,0,0,0,0,0,0,0,0,0,0,0,0,0,0,0,0,0,0,0,0,0,0
0,0,0,0,0,0,0,0.785,0,0.785,-0.04132449513043457,0.4016898153911602,0.,-0.9157757870849259,0.,0,0,0,0,0,0,0,0,0,0,0,0,0,0,0,0,0,0,0,0,0,0,0,0,0,0,0
0,0,0,0,0,0,0,0.785,0,0.785,-0.04319411215954454,0.40254571475795187,0.,-0.9153998839469064,0.,0,0,0,0,0,0,0,0,0,0,0,0,0,0,0,0,0,0,0,0,0,0,0,0,0,0,0
0,0,0,0,0,0,0,0.785,0,0.785,-0.04505520365350213,0.4033973618185577,0.,-0.9150249004687401,0.,0,0,0,0,0,0,0,0,0,0,0,0,0,0,0,0,0,0,0,0,0,0,0,0,0,0,0
0,0,0,0,0,0,0,0.785,0,0.785,-0.046907402275182905,0.404244592638288,0.,-0.914650922113297,0.,0,0,0,0,0,0,0,0,0,0,0,0,0,0,0,0,0,0,0,0,0,0,0,0,0,0,0
0,0,0,0,0,0,0,0.785,0,0.785,-0.048750342442713174,0.40508724435736126,0.,-0.9142780345490968,0.,0,0,0,0,0,0,0,0,0,0,0,0,0,0,0,0,0,0,0,0,0,0,0,0,0,0,0
0,0,0,0,0,0,0,0.785,0,0.785,-0.05058366040162729,0.40592515522004435,0.,-0.9139063236238071,0.,0,0,0,0,0,0,0,0,0,0,0,0,0,0,0,0,0,0,0,0,0,0,0,0,0,0,0
0,0,0,0,0,0,0,0.785,0,0.785,-0.0524069942966649,0.4067581646033868,0.,-0.9135358753374079,0.,0,0,0,0,0,0,0,0,0,0,0,0,0,0,0,0,0,0,0,0,0,0,0,0,0,0,0
0,0,0,0,0,0,0,0.785,0,0.785,-0.05421998424319267,0.40758611304554154,0.,-0.9131667758150354,0.,0,0,0,0,0,0,0,0,0,0,0,0,0,0,0,0,0,0,0,0,0,0,0,0,0,0,0
0,0,0,0,0,0,0,0.785,0,0.785,-0.05602227239823741,0.40840884227367363,0.,-0.9127991112795178,0.,0,0,0,0,0,0,0,0,0,0,0,0,0,0,0,0,0,0,0,0,0,0,0,0,0,0,0
0,0,0,0,0,0,0,0.785,0,0.785,-0.05781350303111615,0.40922619523144893,0.,-0.9124329680236198,0.,0,0,0,0,0,0,0,0,0,0,0,0,0,0,0,0,0,0,0,0,0,0,0,0,0,0,0
0,0,0,0,0,0,0,0.785,0,0.785,-0.059593322593649106,0.4100380161061027,0.,-0.9120684323820069,0.,0,0,0,0,0,0,0,0,0,0,0,0,0,0,0,0,0,0,0,0,0,0,0,0,0,0,0
0,0,0,0,0,0,0,0.785,0,0.785,-0.06136137978994236,0.41084415035508465,0.,-0.9117055907029465,0.,0,0,0,0,0,0,0,0,0,0,0,0,0,0,0,0,0,0,0,0,0,0,0,0,0,0,0
0,0,0,0,0,0,0,0.785,0,0.785,-0.06311732564572547,0.41164444473227735,0.,-0.9113445293197601,0.,0,0,0,0,0,0,0,0,0,0,0,0,0,0,0,0,0,0,0,0,0,0,0,0,0,0,0
0,0,0,0,0,0,0,0.785,0,0.785,-0.06486081357723111,0.4124387473137867,0.,-0.9109853345220407,0.,0,0,0,0,0,0,0,0,0,0,0,0,0,0,0,0,0,0,0,0,0,0,0,0,0,0,0
0,0,0,0,0,0,0,0.785,0,0.785,-0.06659149945960285,0.41322690752330204,0.,-0.9106280925266519,0.,0,0,0,0,0,0,0,0,0,0,0,0,0,0,0,0,0,0,0,0,0,0,0,0,0,0,0
0,0,0,0,0,0,0,0.785,0,0.785,-0.06830904169481737,0.41400877615702514,0.,-0.9102728894485226,0.,0,0,0,0,0,0,0,0,0,0,0,0,0,0,0,0,0,0,0,0,0,0,0,0,0,0,0
0,0,0,0,0,0,0,0.785,0,0.785,-0.07001310127910845,0.41478420540816524,0.,-0.9099198112712554,0.,0,0,0,0,0,0,0,0,0,0,0,0,0,0,0,0,0,0,0,0,0,0,0,0,0,0,0
0,0,0,0,0,0,0,0.785,0,0.785,-0.07170334186987846,0.4155530488910012,0.,-0.9095689438175608,0.,0,0,0,0,0,0,0,0,0,0,0,0,0,0,0,0,0,0,0,0,0,0,0,0,0,0,0
0,0,0,0,0,0,0,0.785,0,0.785,-0.07337942985208468,0.41631516166450816,0.,-0.9092203727195374,0.,0,0,0,0,0,0,0,0,0,0,0,0,0,0,0,0,0,0,0,0,0,0,0,0,0,0,0
0,0,0,0,0,0,0,0.785,0,0.785,-0.07504103440408744,0.4170704002555492,0.,-0.9088741833888099,0.,0,0,0,0,0,0,0,0,0,0,0,0,0,0,0,0,0,0,0,0,0,0,0,0,0,0,0
0,0,0,0,0,0,0,0.785,0,0.785,-0.07668782756294656,0.41781862268163183,0.,-0.9085304609865451,0.,0,0,0,0,0,0,0,0,0,0,0,0,0,0,0,0,0,0,0,0,0,0,0,0,0,0,0
0,0,0,0,0,0,0,0.785,0,0.785,-0.07831948428915413,0.418559688473228,0.,-0.9081892903933597,0.,0,0,0,0,0,0,0,0,0,0,0,0,0,0,0,0,0,0,0,0,0,0,0,0,0,0,0
0,0,0,0,0,0,0,0.785,0,0.785,-0.0799356825307896,0.4192934586956613,0.,-0.9078507561791364,0.,0,0,0,0,0,0,0,0,0,0,0,0,0,0,0,0,0,0,0,0,0,0,0,0,0,0,0
0,0,0,0,0,0,0,0.785,0,0.785,-0.08153610328708569,0.4200197959705574,0.,-0.9075149425727663,0.,0,0,0,0,0,0,0,0,0,0,0,0,0,0,0,0,0,0,0,0,0,0,0,0,0,0,0
0,0,0,0,0,0,0,0.785,0,0.785,-0.08312043067139181,0.4207385644968616,0.,-0.9071819334318338,0.,0,0,0,0,0,0,0,0,0,0,0,0,0,0,0,0,0,0,0,0,0,0,0,0,0,0,0
0,0,0,0,0,0,0,0.785,0,0.785,-0.0846883519735228,0.4214496300714245,0.,-0.9068518122122596,0.,0,0,0,0,0,0,0,0,0,0,0,0,0,0,0,0,0,0,0,0,0,0,0,0,0,0,0
0,0,0,0,0,0,0,0.785,0,0.785,-0.08623955772148102,0.4221528601091559,0.,-0.9065246619379196,0.,0,0,0,0,0,0,0,0,0,0,0,0,0,0,0,0,0,0,0,0,0,0,0,0,0,0,0
0,0,0,0,0,0,0,0.785,0,0.785,-0.08777374174253898,0.42284812366274827,0.,-0.9062005651702569,0.,0,0,0,0,0,0,0,0,0,0,0,0,0,0,0,0,0,0,0,0,0,0,0,0,0,0,0
0,0,0,0,0,0,0,0.785,0,0.785,-0.08929060122367082,0.4235352914419734,0.,-0.9058796039779031,0.,0,0,0,0,0,0,0,0,0,0,0,0,0,0,0,0,0,0,0,0,0,0,0,0,0,0,0
0,0,0,0,0,0,0,0.785,0,0.785,-0.0907898367713208,0.4242142358325519,0.,-0.9055618599063258,0.,0,0,0,0,0,0,0,0,0,0,0,0,0,0,0,0,0,0,0,0,0,0,0,0,0,0,0
0,0,0,0,0,0,0,0.785,0,0.785,-0.09227115247049662,0.42488483091460105,0.,-0.9052474139475191,0.,0,0,0,0,0,0,0,0,0,0,0,0,0,0,0,0,0,0,0,0,0,0,0,0,0,0,0
0,0,0,0,0,0,0,0.785,0,0.785,-0.0937342559431766,0.4255469524806584,0.,-0.9049363465097555,0.,0,0,0,0,0,0,0,0,0,0,0,0,0,0,0,0,0,0,0,0,0,0,0,0,0,0,0
0,0,0,0,0,0,0,0.785,0,0.785,-0.09517885840601815,0.426200478053289,0.,-0.9046287373874147,0.,0,0,0,0,0,0,0,0,0,0,0,0,0,0,0,0,0,0,0,0,0,0,0,0,0,0,0
0,0,0,0,0,0,0,0.785,0,0.785,-0.09660467472735722,0.4268452869022757,0.,-0.9043246657309055,0.,0,0,0,0,0,0,0,0,0,0,0,0,0,0,0,0,0,0,0,0,0,0,0,0,0,0,0
0,0,0,0,0,0,0,0.785,0,0.785,-0.09801142348348676,0.42748126006139703,0.,-0.904024210016701,0.,0,0,0,0,0,0,0,0,0,0,0,0,0,0,0,0,0,0,0,0,0,0,0,0,0,0,0
0,0,0,0,0,0,0,0.785,0,0.785,-0.09939882701420322,0.4281082803447956,0.,-0.9037274480174993,0.,0,0,0,0,0,0,0,0,0,0,0,0,0,0,0,0,0,0,0,0,0,0,0,0,0,0,0
0,0,0,0,0,0,0,0.785,0,0.785,-0.10076661147761055,0.428726232362939,0.,-0.9034344567725315,0.,0,0,0,0,0,0,0,0,0,0,0,0,0,0,0,0,0,0,0,0,0,0,0,0,0,0,0
0,0,0,0,0,0,0,0.785,0,0.785,-0.10211450690417037,0.42933500253818035,0.,-0.9031453125580294,0.,0,0,0,0,0,0,0,0,0,0,0,0,0,0,0,0,0,0,0,0,0,0,0,0,0,0,0
0,0,0,0,0,0,0,0.785,0,0.785,-0.10344224724998763,0.4299344791199172,0.,-0.9028600908578723,0.,0,0,0,0,0,0,0,0,0,0,0,0,0,0,0,0,0,0,0,0,0,0,0,0,0,0,0
0,0,0,0,0,0,0,0.785,0,0.785,-0.10474957044932177,0.4305245521993572,0.,-0.902578866334429,0.,0,0,0,0,0,0,0,0,0,0,0,0,0,0,0,0,0,0,0,0,0,0,0,0,0,0,0
0,0,0,0,0,0,0,0.785,0,0.785,-0.10603621846631239,0.4311051137238918,0.,-0.9023017127996102,0.,0,0,0,0,0,0,0,0,0,0,0,0,0,0,0,0,0,0,0,0,0,0,0,0,0,0,0
0,0,0,0,0,0,0,0.785,0,0.785,-0.10730193734591001,0.43167605751108395,0.,-0.9020287031861499,0.,0,0,0,0,0,0,0,0,0,0,0,0,0,0,0,0,0,0,0,0,0,0,0,0,0,0,0
0,0,0,0,0,0,0,0.785,0,0.785,-0.10854647726400052,0.43223727926227085,0.,-0.9017599095191301,0.,0,0,0,0,0,0,0,0,0,0,0,0,0,0,0,0,0,0,0,0,0,0,0,0,0,0,0
0,0,0,0,0,0,0,0.785,0,0.785,-0.10976959257671505,0.432788676575791,0.,-0.9014954028877659,0.,0,0,0,0,0,0,0,0,0,0,0,0,0,0,0,0,0,0,0,0,0,0,0,0,0,0,0
0,0,0,0,0,0,0,0.785,0,0.785,-0.1109710418689147,0.4333301489598355,0.,-0.9012352534174675,0.,0,0,0,0,0,0,0,0,0,0,0,0,0,0,0,0,0,0,0,0,0,0,0,0,0,0,0
0,0,0,0,0,0,0,0.785,0,0.785,-0.11215058800183979,0.43386159784493167,0.,-0.900979530242193,0.,0,0,0,0,0,0,0,0,0,0,0,0,0,0,0,0,0,0,0,0,0,0,0,0,0,0,0
0,0,0,0,0,0,0,0.785,0,0.785,-0.11330799815991642,0.43438292659606054,0.,-0.900728301477111,0.,0,0,0,0,0,0,0,0,0,0,0,0,0,0,0,0,0,0,0,0,0,0,0,0,0,0,0
0,0,0,0,0,0,0,0.785,0,0.785,-0.11444304389670829,0.4348940405244159,0.,-0.9004816341915851,0.,0,0,0,0,0,0,0,0,0,0,0,0,0,0,0,0,0,0,0,0,0,0,0,0,0,0,0
0,0,0,0,0,0,0,0.785,0,0.785,-0.11555550118000708,0.4353948468988074,0.,-0.9002395943824978,0.,0,0,0,0,0,0,0,0,0,0,0,0,0,0,0,0,0,0,0,0,0,0,0,0,0,0,0
0,0,0,0,0,0,0,0.785,0,0.785,-0.11664515043605166,0.4358852549567148,0.,-0.9000022469479283,0.,0,0,0,0,0,0,0,0,0,0,0,0,0,0,0,0,0,0,0,0,0,0,0,0,0,0,0
0,0,0,0,0,0,0,0.785,0,0.785,-0.11771177659286626,0.43636517591499563,0.,-0.8997696556612003,0.,0,0,0,0,0,0,0,0,0,0,0,0,0,0,0,0,0,0,0,0,0,0,0,0,0,0,0
0,0,0,0,0,0,0,0.785,0,0.785,-0.11875516912271147,0.43683452298025444,0.,-0.8995418831453117,0.,0,0,0,0,0,0,0,0,0,0,0,0,0,0,0,0,0,0,0,0,0,0,0,0,0,0,0
0,0,0,0,0,0,0,0.785,0,0.785,-0.11977512208363718,0.4372932113588762,0.,-0.8993189908477643,0.,0,0,0,0,0,0,0,0,0,0,0,0,0,0,0,0,0,0,0,0,0,0,0,0,0,0,0
0,0,0,0,0,0,0,0.785,0,0.785,-0.12077143416013085,0.43774115826673005,0.,-0.8991010390158058,0.,0,0,0,0,0,0,0,0,0,0,0,0,0,0,0,0,0,0,0,0,0,0,0,0,0,0,0
0,0,0,0,0,0,0,0.785,0,0.785,-0.12174390870285305,0.438178282938548,0.,-0.8988880866720983,0.,0,0,0,0,0,0,0,0,0,0,0,0,0,0,0,0,0,0,0,0,0,0,0,0,0,0,0
0,0,0,0,0,0,0,0.785,0,0.785,-0.12269235376745095,0.43860450663698486,0.,-0.8986801915908279,0.,0,0,0,0,0,0,0,0,0,0,0,0,0,0,0,0,0,0,0,0,0,0,0,0,0,0,0
0,0,0,0,0,0,0,0.785,0,0.785,-0.12361658215244432,0.43901975266136195,0.,-0.8984774102742688,0.,0,0,0,0,0,0,0,0,0,0,0,0,0,0,0,0,0,0,0,0,0,0,0,0,0,0,0
0,0,0,0,0,0,0,0.785,0,0.785,-0.12451641143617445,0.43942394635610393,0.,-0.8982797979298143,0.,0,0,0,0,0,0,0,0,0,0,0,0,0,0,0,0,0,0,0,0,0,0,0,0,0,0,0
0,0,0,0,0,0,0,0.785,0,0.785,-0.12539166401281013,0.43981701511886867,0.,-0.89808740844749,0.,0,0,0,0,0,0,0,0,0,0,0,0,0,0,0,0,0,0,0,0,0,0,0,0,0,0,0
0,0,0,0,0,0,0,0.785,0,0.785,-0.12624216712740327,0.44019888840837956,0.,-0.8979002943779599,0.,0,0,0,0,0,0,0,0,0,0,0,0,0,0,0,0,0,0,0,0,0,0,0,0,0,0,0
0,0,0,0,0,0,0,0.785,0,0.785,-0.1270677529099864,0.44056949775196275,0.,-0.8977185069110379,0.,0,0,0,0,0,0,0,0,0,0,0,0,0,0,0,0,0,0,0,0,0,0,0,0,0,0,0
0,0,0,0,0,0,0,0.785,0,0.785,-0.12786825840870664,0.4409287767527968,0.,-0.8975420958547194,0.,0,0,0,0,0,0,0,0,0,0,0,0,0,0,0,0,0,0,0,0,0,0,0,0,0,0,0
0,0,0,0,0,0,0,0.785,0,0.785,-0.12864352562198855,0.4412766610968746,0.,-0.8973711096147424,0.,0,0,0,0,0,0,0,0,0,0,0,0,0,0,0,0,0,0,0,0,0,0,0,0,0,0,0
0,0,0,0,0,0,0,0.785,0,0.785,-0.12939340152972018,0.4416130885596903,0.,-0.8972055951746908,0.,0,0,0,0,0,0,0,0,0,0,0,0,0,0,0,0,0,0,0,0,0,0,0,0,0,0,0
0,0,0,0,0,0,0,0.785,0,0.785,-0.13011773812345573,0.44193799901264824,0.,-0.897045598076651,0.,0,0,0,0,0,0,0,0,0,0,0,0,0,0,0,0,0,0,0,0,0,0,0,0,0,0,0
0,0,0,0,0,0,0,0.785,0,0.785,-0.13081639243562881,0.4422513344292031,0.,-0.8968911624024339,0.,0,0,0,0,0,0,0,0,0,0,0,0,0,0,0,0,0,0,0,0,0,0,0,0,0,0,0
0,0,0,0,0,0,0,0.785,0,0.785,-0.13148922656777146,0.4425530388907363,0.,-0.8967423307553706,0.,0,0,0,0,0,0,0,0,0,0,0,0,0,0,0,0,0,0,0,0,0,0,0,0,0,0,0
0,0,0,0,0,0,0,0.785,0,0.785,-0.13213610771773165,0.4428430585921692,0.,-0.8965991442426948,0.,0,0,0,0,0,0,0,0,0,0,0,0,0,0,0,0,0,0,0,0,0,0,0,0,0,0,0
0,0,0,0,0,0,0,0.785,0,0.785,-0.1327569082058858,0.44312134184732205,0.,-0.8964616424585208,0.,0,0,0,0,0,0,0,0,0,0,0,0,0,0,0,0,0,0,0,0,0,0,0,0,0,0,0
0,0,0,0,0,0,0,0.785,0,0.785,-0.1333515055003396,0.4433878390940208,0.,-0.8963298634674262,0.,0,0,0,0,0,0,0,0,0,0,0,0,0,0,0,0,0,0,0,0,0,0,0,0,0,0,0
0,0,0,0,0,0,0,0.785,0,0.785,-0.1339197822411132,0.4436425028989558,0.,-0.8962038437886495,0.,0,0,0,0,0,0,0,0,0,0,0,0,0,0,0,0,0,0,0,0,0,0,0,0,0,0,0
0,0,0,0,0,0,0,0.785,0,0.785,-0.1344616262633052,0.44388528796229726,0.,-0.8960836183809123,0.,0,0,0,0,0,0,0,0,0,0,0,0,0,0,0,0,0,0,0,0,0,0,0,0,0,0,0
0,0,0,0,0,0,0,0.785,0,0.785,-0.1349769306192316,0.44411615112207226,0.,-0.8959692206278722,0.,0,0,0,0,0,0,0,0,0,0,0,0,0,0,0,0,0,0,0,0,0,0,0,0,0,0,0
0,0,0,0,0,0,0,0.785,0,0.785,-0.13546559359953475,0.44433505135830453,0.,-0.8958606823242177,0.,0,0,0,0,0,0,0,0,0,0,0,0,0,0,0,0,0,0,0,0,0,0,0,0,0,0,0
0,0,0,0,0,0,0,0.785,0,0.785,-0.13592751875325862,0.44454194979692346,0.,-0.8957580336624114,0.,0,0,0,0,0,0,0,0,0,0,0,0,0,0,0,0,0,0,0,0,0,0,0,0,0,0,0
0,0,0,0,0,0,0,0.785,0,0.785,-0.13636261490688573,0.44473680971344454,0.,-0.8956613032200885,0.,0,0,0,0,0,0,0,0,0,0,0,0,0,0,0,0,0,0,0,0,0,0,0,0,0,0,0
0,0,0,0,0,0,0,0.785,0,0.785,-0.13677079618233307,0.44491959653642577,0.,-0.8955705179481201,0.,0,0,0,0,0,0,0,0,0,0,0,0,0,0,0,0,0,0,0,0,0,0,0,0,0,0,0
0,0,0,0,0,0,0,0.785,0,0.785,-0.13715198201390222,0.44509027785069993,0.,-0.8954857031593451,0.,0,0,0,0,0,0,0,0,0,0,0,0,0,0,0,0,0,0,0,0,0,0,0,0,0,0,0
0,0,0,0,0,0,0,0.785,0,0.785,-0.1375060971641813,0.44524882340039174,0.,-0.8954068825179795,0.,0,0,0,0,0,0,0,0,0,0,0,0,0,0,0,0,0,0,0,0,0,0,0,0,0,0,0
0,0,0,0,0,0,0,0.785,0,0.785,-0.13783307173889517,0.4453952050917173,0.,-0.8953340780297079,0.,0,0,0,0,0,0,0,0,0,0,0,0,0,0,0,0,0,0,0,0,0,0,0,0,0,0,0
0,0,0,0,0,0,0,0.785,0,0.785,-0.13813284120070085,0.4455293969955704,0.,-0.8952673100324636,0.,0,0,0,0,0,0,0,0,0,0,0,0,0,0,0,0,0,0,0,0,0,0,0,0,0,0,0
0,0,0,0,0,0,0,0.785,0,0.785,-0.13840534638192575,0.4456513753499006,0.,-0.8952065971879016,0.,0,0,0,0,0,0,0,0,0,0,0,0,0,0,0,0,0,0,0,0,0,0,0,0,0,0,0
0,0,0,0,0,0,0,0.785,0,0.785,-0.13865053349624615,0.44576111856188066,0.,-0.8951519564735705,0.,0,0,0,0,0,0,0,0,0,0,0,0,0,0,0,0,0,0,0,0,0,0,0,0,0,0,0
0,0,0,0,0,0,0,0.785,0,0.785,-0.13886835414930324,0.4458586072098715,0.,-0.8951034031757859,0.,0,0,0,0,0,0,0,0,0,0,0,0,0,0,0,0,0,0,0,0,0,0,0,0,0,0,0
0,0,0,0,0,0,0,0.785,0,0.785,-0.1390587653482551,0.4459438240451801,0.,-0.895060950883213,0.,0,0,0,0,0,0,0,0,0,0,0,0,0,0,0,0,0,0,0,0,0,0,0,0,0,0,0
0,0,0,0,0,0,0,0.785,0,0.785,-0.1392217295102626,0.4460167539936186,0.,-0.8950246114811569,0.,0,0,0,0,0,0,0,0,0,0,0,0,0,0,0,0,0,0,0,0,0,0,0,0,0,0,0
0,0,0,0,0,0,0,0.785,0,0.785,-0.13935721446990726,0.4460773841568608,0.,-0.8949943951465688,0.,0,0,0,0,0,0,0,0,0,0,0,0,0,0,0,0,0,0,0,0,0,0,0,0,0,0,0
0,0,0,0,0,0,0,0.785,0,0.785,-0.13946519348554012,0.44612570381360167,0.,-0.894970310343767,0.,0,0,0,0,0,0,0,0,0,0,0,0,0,0,0,0,0,0,0,0,0,0,0,0,0,0,0
0,0,0,0,0,0,0,0.785,0,0.785,-0.1395456452445598,0.44616170442051817,0.,-0.8949523638208786,0.,0,0,0,0,0,0,0,0,0,0,0,0,0,0,0,0,0,0,0,0,0,0,0,0,0,0,0
0,0,0,0,0,0,0,0.785,0,0.785,-0.13959855386761924,0.44618537961303323,0.,-0.8949405606070011,0.,0,0,0,0,0,0,0,0,0,0,0,0,0,0,0,0,0,0,0,0,0,0,0,0,0,0,0
0,0,0,0,0,0,0,0.785,0,0.785,-0.1396239089117598,0.4461967252058863,0.,-0.8949349040100865,0.,0,0,0,0,0,0,0,0,0,0,0,0,0,0,0,0,0,0,0,0,0,0,0,0,0,0,0
0,0,0,0,0,0,0,0.785,0,0.785,-0.1396217053724725,0.44619573919350514,0.,-0.8949353956155504,0.,0,0,0,0,0,0,0,0,0,0,0,0,0,0,0,0,0,0,0,0,0,0,0,0,0,0,0
0,0,0,0,0,0,0,0.785,0,0.785,-0.13959194368468594,0.4461824217501862,0.,-0.8949420352856039,0.,0,0,0,0,0,0,0,0,0,0,0,0,0,0,0,0,0,0,0,0,0,0,0,0,0,0,0
0,0,0,0,0,0,0,0.785,0,0.785,-0.13953462972268024,0.4461567752300783,0.,-0.8949548211593127,0.,0,0,0,0,0,0,0,0,0,0,0,0,0,0,0,0,0,0,0,0,0,0,0,0,0,0,0
0,0,0,0,0,0,0,0.785,0,0.785,-0.1394497747989277,0.44611880416697297,0.,-0.8949737496533795,0.,0,0,0,0,0,0,0,0,0,0,0,0,0,0,0,0,0,0,0,0,0,0,0,0,0,0,0
0,0,0,0,0,0,0,0.785,0,0.785,-0.13933739566186,0.44606851527389907,0.,-0.8949988154636515,0.,0,0,0,0,0,0,0,0,0,0,0,0,0,0,0,0,0,0,0,0,0,0,0,0,0,0,0
0,0,0,0,0,0,0,0.785,0,0.785,-0.13919751449256232,0.4460059174425231,0.,-0.8950300115673515,0.,0,0,0,0,0,0,0,0,0,0,0,0,0,0,0,0,0,0,0,0,0,0,0,0,0,0,0
0,0,0,0,0,0,0,0.785,0,0.785,-0.1390301589003955,0.4459310217423533,0.,-0.8950673292260314,0.,0,0,0,0,0,0,0,0,0,0,0,0,0,0,0,0,0,0,0,0,0,0,0,0,0,0,0
0,0,0,0,0,0,0,0.785,0,0.785,-0.13883536191754633,0.44584384141974637,0.,-0.8951107579892469,0.,0,0,0,0,0,0,0,0,0,0,0,0,0,0,0,0,0,0,0,0,0,0,0,0,0,0,0
0,0,0,0,0,0,0,0.785,0,0.785,-0.138613161992508,0.4457443918967176,0.,-0.8951602856989498,0.,0,0,0,0,0,0,0,0,0,0,0,0,0,0,0,0,0,0,0,0,0,0,0,0,0,0,0
0,0,0,0,0,0,0,0.785,0,0.785,-0.13836360298249106,0.4456326907695513,0.,-0.8952158984945975,0.,0,0,0,0,0,0,0,0,0,0,0,0,0,0,0,0,0,0,0,0,0,0,0,0,0,0,0
0,0,0,0,0,0,0,0.785,0,0.785,-0.13808673414476708,0.44550875780721094,0.,-0.8952775808189748,0.,0,0,0,0,0,0,0,0,0,0,0,0,0,0,0,0,0,0,0,0,0,0,0,0,0,0,0
0,0,0,0,0,0,0,0.785,0,0.785,-0.13778261012694631,0.4453726149495467,0.,-0.8953453154247264,0.,0,0,0,0,0,0,0,0,0,0,0,0,0,0,0,0,0,0,0,0,0,0,0,0,0,0,0
0,0,0,0,0,0,0,0.785,0,0.785,-0.13745129095619166,0.4452242863053001,0.,-0.8954190833815953,0.,0,0,0,0,0,0,0,0,0,0,0,0,0,0,0,0,0,0,0,0,0,0,0,0,0,0,0
0,0,0,0,0,0,0,0.785,0,0.785,-0.13709284202737046,0.4450637981499016,0.,-0.8954988640843625,0.,0,0,0,0,0,0,0,0,0,0,0,0,0,0,0,0,0,0,0,0,0,0,0,0,0,0,0
0,0,0,0,0,0,0,0.785,0,0.785,-0.1367073340901472,0.4448911789230602,0.,-0.8955846352614865,0.,0,0,0,0,0,0,0,0,0,0,0,0,0,0,0,0,0,0,0,0,0,0,0,0,0,0,0
0,0,0,0,0,0,0,0.785,0,0.785,-0.1362948432350192,0.4447064592261432,0.,-0.8956763729844316,0.,0,0,0,0,0,0,0,0,0,0,0,0,0,0,0,0,0,0,0,0,0,0,0,0,0,0,0
0,0,0,0,0,0,0,0.785,0,0.785,-0.13585545087829767,0.4445096718193412,0.,-0.8957740516776882,0.,0,0,0,0,0,0,0,0,0,0,0,0,0,0,0,0,0,0,0,0,0,0,0,0,0,0,0
0,0,0,0,0,0,0,0.785,0,0.785,-0.13538924374603858,0.44430085161861826,0.,-0.8958776441294707,0.,0,0,0,0,0,0,0,0,0,0,0,0,0,0,0,0,0,0,0,0,0,0,0,0,0,0,0
0,0,0,0,0,0,0,0.785,0,0.785,-0.13489631385692438,0.4440800356924428,0.,-0.8959871215030932,0.,0,0,0,0,0,0,0,0,0,0,0,0,0,0,0,0,0,0,0,0,0,0,0,0,0,0,0
0,0,0,0,0,0,0,0.785,0,0.785,-0.13437675850410194,0.44384726325829577,0.,-0.8961024533490136,0.,0,0,0,0,0,0,0,0,0,0,0,0,0,0,0,0,0,0,0,0,0,0,0,0,0,0,0
0,0,0,0,0,0,0,0.785,0,0.785,-0.13383068023597902,0.4436025756789547,0.,-0.8962236076175394,0.,0,0,0,0,0,0,0,0,0,0,0,0,0,0,0,0,0,0,0,0,0,0,0,0,0,0,0
0,0,0,0,0,0,0,0.785,0,0.785,-0.13325818683598337,0.4433460164585469,0.,-0.8963505506721898,0.,0,0,0,0,0,0,0,0,0,0,0,0,0,0,0,0,0,0,0,0,0,0,0,0,0,0,0
0,0,0,0,0,0,0,0.785,0,0.785,-0.13265939130128904,0.44307763123837285,0.,-0.8964832473037031,0.,0,0,0,0,0,0,0,0,0,0,0,0,0,0,0,0,0,0,0,0,0,0,0,0,0,0,0
0,0,0,0,0,0,0,0.785,0,0.785,-0.13203441182051298,0.4427974677924907,0.,-0.8966216607446856,0.,0,0,0,0,0,0,0,0,0,0,0,0,0,0,0,0,0,0,0,0,0,0,0,0,0,0,0
0,0,0,0,0,0,0,0.785,0,0.785,-0.13138337175038758,0.4425055760230629,0.,-0.89676575268489,0.,0,0,0,0,0,0,0,0,0,0,0,0,0,0,0,0,0,0,0,0,0,0,0,0,0,0,0
0,0,0,0,0,0,0,0.785,0,0.785,-0.13070639959141275,0.4422020079554575,0.,-0.8969154832871163,0.,0,0,0,0,0,0,0,0,0,0,0,0,0,0,0,0,0,0,0,0,0,0,0,0,0,0,0
0,0,0,0,0,0,0,0.785,0,0.785,-0.1300036289624927,0.441886817733101,0.,-0.8970708112037272,0.,0,0,0,0,0,0,0,0,0,0,0,0,0,0,0,0,0,0,0,0,0,0,0,0,0,0,0
0,0,0,0,0,0,0,0.785,0,0.785,-0.12927519857456288,0.44156006161208067,0.,-0.8972316935937649,0.,0,0,0,0,0,0,0,0,0,0,0,0,0,0,0,0,0,0,0,0,0,0,0,0,0,0,0
0,0,0,0,0,0,0,0.785,0,0.785,-0.12852125220321134,0.44122179795548727,0.,-0.8973980861406643,0.,0,0,0,0,0,0,0,0,0,0,0,0,0,0,0,0,0,0,0,0,0,0,0,0,0,0,0
0,0,0,0,0,0,0,0.785,0,0.785,-0.12774193866030087,0.4408720872274986,0.,-0.8975699430705492,0.,0,0,0,0,0,0,0,0,0,0,0,0,0,0,0,0,0,0,0,0,0,0,0,0,0,0,0
0,0,0,0,0,0,0,0.785,0,0.785,-0.12693741176459694,0.440510991987196,0.,-0.8977472171711013,0.,0,0,0,0,0,0,0,0,0,0,0,0,0,0,0,0,0,0,0,0,0,0,0,0,0,0,0
0,0,0,0,0,0,0,0.785,0,0.785,-0.12610783031140715,0.440138576882111,0.,-0.8979298598109933,0.,0,0,0,0,0,0,0,0,0,0,0,0,0,0,0,0,0,0,0,0,0,0,0,0,0,0,0
0,0,0,0,0,0,0,0.785,0,0.785,-0.12525335804123897,0.4397549086414954,0.,-0.8981178209598727,0.,0,0,0,0,0,0,0,0,0,0,0,0,0,0,0,0,0,0,0,0,0,0,0,0,0,0,0
0,0,0,0,0,0,0,0.785,0,0.785,-0.12437416360748071,0.439360056069313,0.,-0.8983110492088863,0.,0,0,0,0,0,0,0,0,0,0,0,0,0,0,0,0,0,0,0,0,0,0,0,0,0,0,0
0,0,0,0,0,0,0,0.785,0,0.785,-0.12347042054311357,0.43895409003694463,0.,-0.8985094917917328,0.,0,0,0,0,0,0,0,0,0,0,0,0,0,0,0,0,0,0,0,0,0,0,0,0,0,0,0
0,0,0,0,0,0,0,0.785,0,0.785,-0.12254230722646002,0.4385370834756046,0.,-0.8987130946062323,0.,0,0,0,0,0,0,0,0,0,0,0,0,0,0,0,0,0,0,0,0,0,0,0,0,0,0,0
0,0,0,0,0,0,0,0.785,0,0.785,-0.12159000684597572,0.43810911136846004,0.,-0.8989218022364005,0.,0,0,0,0,0,0,0,0,0,0,0,0,0,0,0,0,0,0,0,0,0,0,0,0,0,0,0
0,0,0,0,0,0,0,0.785,0,0.785,-0.1206137073640928,0.4376702507424528,0.,-0.8991355579750133,0.,0,0,0,0,0,0,0,0,0,0,0,0,0,0,0,0,0,0,0,0,0,0,0,0,0,0,0
0,0,0,0,0,0,0,0.785,0,0.785,-0.11961360148011982,0.4372205806598143,0.,-0.8993543038466514,0.,0,0,0,0,0,0,0,0,0,0,0,0,0,0,0,0,0,0,0,0,0,0,0,0,0,0,0
0,0,0,0,0,0,0,0.785,0,0.785,-0.11858988659220772,0.43676018220927093,0.,-0.8995779806312093,0.,0,0,0,0,0,0,0,0,0,0,0,0,0,0,0,0,0,0,0,0,0,0,0,0,0,0,0
0,0,0,0,0,0,0,0.785,0,0.785,-0.11754276475838779,0.43628913849693407,0.,-0.8998065278878583,0.,0,0,0,0,0,0,0,0,0,0,0,0,0,0,0,0,0,0,0,0,0,0,0,0,0,0,0
0,0,0,0,0,0,0,0.785,0,0.785,-0.11647244265668977,0.435807534636869,0.,-0.9000398839794458,0.,0,0,0,0,0,0,0,0,0,0,0,0,0,0,0,0,0,0,0,0,0,0,0,0,0,0,0
0,0,0,0,0,0,0,0.785,0,0.785,-0.11537913154434877,0.43531545774133956,0.,-0.9002779860973209,0.,0,0,0,0,0,0,0,0,0,0,0,0,0,0,0,0,0,0,0,0,0,0,0,0,0,0,0
0,0,0,0,0,0,0,0.785,0,0.785,-0.11426304721610739,0.4348129969107211,0.,-0.90052077028657,0.,0,0,0,0,0,0,0,0,0,0,0,0,0,0,0,0,0,0,0,0,0,0,0,0,0,0,0
0,0,0,0,0,0,0,0.785,0,0.785,-0.11312440996162317,0.43430024322307753,0.,-0.9007681714716477,0.,0,0,0,0,0,0,0,0,0,0,0,0,0,0,0,0,0,0,0,0,0,0,0,0,0,0,0
0,0,0,0,0,0,0,0.785,0,0.785,-0.11196344452198831,0.43377728972339785,0.,-0.9010201234823911,0.,0,0,0,0,0,0,0,0,0,0,0,0,0,0,0,0,0,0,0,0,0,0,0,0,0,0,0
0,0,0,0,0,0,0,0.785,0,0.785,-0.11078038004537057,0.4332442314124877,0.,-0.9012765590803984,0.,0,0,0,0,0,0,0,0,0,0,0,0,0,0,0,0,0,0,0,0,0,0,0,0,0,0,0
0,0,0,0,0,0,0,0.785,0,0.785,-0.10957545004178519,0.43270116523550894,0.,-0.9015374099857603,0.,0,0,0,0,0,0,0,0,0,0,0,0,0,0,0,0,0,0,0,0,0,0,0,0,0,0,0
0,0,0,0,0,0,0,0.785,0,0.785,-0.10834889233700479,0.4321481900701635,0.,-0.9018026069041284,0.,0,0,0,0,0,0,0,0,0,0,0,0,0,0,0,0,0,0,0,0,0,0,0,0,0,0,0
0,0,0,0,0,0,0,0.785,0,0.785,-0.10710094902561836,0.43158540671451784,0.,-0.9020720795541032,0.,0,0,0,0,0,0,0,0,0,0,0,0,0,0,0,0,0,0,0,0,0,0,0,0,0,0,0
0,0,0,0,0,0,0,0.785,0,0.785,-0.1058318664232472,0.4310129178744608,0.,-0.9023457566949287,0.,0,0,0,0,0,0,0,0,0,0,0,0,0,0,0,0,0,0,0,0,0,0,0,0,0,0,0
0,0,0,0,0,0,0,0.785,0,0.785,-0.10454189501792754,0.43043082815079264,0.,-0.9026235661544755,0.,0,0,0,0,0,0,0,0,0,0,0,0,0,0,0,0,0,0,0,0,0,0,0,0,0,0,0
0,0,0,0,0,0,0,0.785,0,0.785,-0.10323128942067045,0.4298392440259387,0.,-0.9029054348574991,0.,0,0,0,0,0,0,0,0,0,0,0,0,0,0,0,0,0,0,0,0,0,0,0,0,0,0,0
0,0,0,0,0,0,0,0.785,0,0.785,-0.10190030831520673,0.42923827385028396,0.,-0.9031912888541545,0.,0,0,0,0,0,0,0,0,0,0,0,0,0,0,0,0,0,0,0,0,0,0,0,0,0,0,0
0,0,0,0,0,0,0,0.785,0,0.785,-0.10054921440692927,0.42862802782812504,0.,-0.9034810533487528,0.,0,0,0,0,0,0,0,0,0,0,0,0,0,0,0,0,0,0,0,0,0,0,0,0,0,0,0
0,0,0,0,0,0,0,0.785,0,0.785,-0.09917827437104071,0.42800861800323425,0.,-0.9037746527287438,0.,0,0,0,0,0,0,0,0,0,0,0,0,0,0,0,0,0,0,0,0,0,0,0,0,0,0,0
0,0,0,0,0,0,0,0.785,0,0.785,-0.09778775879991757,0.4273801582440303,0.,-0.904072010593906,0.,0,0,0,0,0,0,0,0,0,0,0,0,0,0,0,0,0,0,0,0,0,0,0,0,0,0,0
0,0,0,0,0,0,0,0.785,0,0.785,-0.09637794214970202,0.42674276422835644,0.,-0.9043730497857294,0.,0,0,0,0,0,0,0,0,0,0,0,0,0,0,0,0,0,0,0,0,0,0,0,0,0,0,0
0,0,0,0,0,0,0,0.785,0,0.785,-0.0949491026861299,0.42609655342785524,0.,-0.904677692416975,0.,0,0,0,0,0,0,0,0,0,0,0,0,0,0,0,0,0,0,0,0,0,0,0,0,0,0,0
0,0,0,0,0,0,0,0.785,0,0.785,-0.09350152242960785,0.4254416450919436,0.,-0.9049858599013914,0.,0,0,0,0,0,0,0,0,0,0,0,0,0,0,0,0,0,0,0,0,0,0,0,0,0,0,0
0,0,0,0,0,0,0,0.785,0,0.785,-0.09203548709954881,0.4247781602313786,0.,-0.9052974729835742,0.,0,0,0,0,0,0,0,0,0,0,0,0,0,0,0,0,0,0,0,0,0,0,0,0,0,0,0
0,0,0,0,0,0,0,0.785,0,0.785,-0.09055128605797708,0.42410622160141387,0.,-0.905612451768952,0.,0,0,0,0,0,0,0,0,0,0,0,0,0,0,0,0,0,0,0,0,0,0,0,0,0,0,0
0,0,0,0,0,0,0,0.785,0,0.785,-0.08904921225241555,0.42342595368454305,0.,-0.9059307157538788,0.,0,0,0,0,0,0,0,0,0,0,0,0,0,0,0,0,0,0,0,0,0,0,0,0,0,0,0
0,0,0,0,0,0,0,0.785,0,0.785,-0.0875295621580638,0.4227374826728263,0.,-0.9062521838558194,0.,0,0,0,0,0,0,0,0,0,0,0,0,0,0,0,0,0,0,0,0,0,0,0,0,0,0,0
0,0,0,0,0,0,0,0.785,0,0.785,-0.08599263571928126,0.4220409364497982,0.,-0.9065767744436085,0.,0,0,0,0,0,0,0,0,0,0,0,0,0,0,0,0,0,0,0,0,0,0,0,0,0,0,0
0,0,0,0,0,0,0,0.785,0,0.785,-0.08443873629038473,0.42133644457195335,0.,-0.9069044053677683,0.,0,0,0,0,0,0,0,0,0,0,0,0,0,0,0,0,0,0,0,0,0,0,0,0,0,0,0
0,0,0,0,0,0,0,0.785,0,0.785,-0.0828681705757729,0.4206241382498088,0.,-0.9072349939908655,0.,0,0,0,0,0,0,0,0,0,0,0,0,0,0,0,0,0,0,0,0,0,0,0,0,0,0,0
0,0,0,0,0,0,0,0.785,0,0.785,-0.0812812485693905,0.41990415032853917,0.,-0.9075684572178936,0.,0,0,0,0,0,0,0,0,0,0,0,0,0,0,0,0,0,0,0,0,0,0,0,0,0,0,0
0,0,0,0,0,0,0,0.785,0,0.785,-0.07967828349354177,0.4191766152681839,0.,-0.9079047115266606,0.,0,0,0,0,0,0,0,0,0,0,0,0,0,0,0,0,0,0,0,0,0,0,0,0,0,0,0
0,0,0,0,0,0,0,0.785,0,0.785,-0.07805959173706824,0.4184416691234248,0.,-0.9082436729981676,0.,0,0,0,0,0,0,0,0,0,0,0,0,0,0,0,0,0,0,0,0,0,0,0,0,0,0,0
0,0,0,0,0,0,0,0.785,0,0.785,-0.07642549279290041,0.41769944952293175,0.,-0.908585257346959,0.,0,0,0,0,0,0,0,0,0,0,0,0,0,0,0,0,0,0,0,0,0,0,0,0,0,0,0
0,0,0,0,0,0,0,0.785,0,0.785,-0.07477630919499689,0.41695009564827584,0.,-0.9089293799514314,0.,0,0,0,0,0,0,0,0,0,0,0,0,0,0,0,0,0,0,0,0,0,0,0,0,0,0,0
0,0,0,0,0,0,0,0.785,0,0.785,-0.07311236645468415,0.4161937482124084,0.,-0.9092759558840795,0.,0,0,0,0,0,0,0,0,0,0,0,0,0,0,0,0,0,0,0,0,0,0,0,0,0,0,0
0,0,0,0,0,0,0,0.785,0,0.785,-0.07143399299640725,0.4154305494377054,0.,-0.9096248999416662,0.,0,0,0,0,0,0,0,0,0,0,0,0,0,0,0,0,0,0,0,0,0,0,0,0,0,0,0
0,0,0,0,0,0,0,0.785,0,0.785,-0.06974152009290698,0.41466064303357764,0.,-0.909976126675299,0.,0,0,0,0,0,0,0,0,0,0,0,0,0,0,0,0,0,0,0,0,0,0,0,0,0,0,0
0,0,0,0,0,0,0,0.785,0,0.785,-0.0680352817998339,0.4138841741736442,0.,-0.9103295504203961,0.,0,0,0,0,0,0,0,0,0,0,0,0,0,0,0,0,0,0,0,0,0,0,0,0,0,0,0
0,0,0,0,0,0,0,0.785,0,0.785,-0.06631561488981301,0.41310128947247177,0.,-0.9106850853265255,0.,0,0,0,0,0,0,0,0,0,0,0,0,0,0,0,0,0,0,0,0,0,0,0,0,0,0,0
0,0,0,0,0,0,0,0.785,0,0.785,-0.06458285878597327,0.4123121369618774,0.,-0.9110426453871027,0.,0,0,0,0,0,0,0,0,0,0,0,0,0,0,0,0,0,0,0,0,0,0,0,0,0,0,0
0,0,0,0,0,0,0,0.785,0,0.785,-0.06283735549495229,0.41151686606679844,0.,-0.911402144468928,0.,0,0,0,0,0,0,0,0,0,0,0,0,0,0,0,0,0,0,0,0,0,0,0,0,0,0,0
0,0,0,0,0,0,0,0.785,0,0.785,-0.061079449539392754,0.41071562758072677,0.,-0.9117634963415512,0.,0,0,0,0,0,0,0,0,0,0,0,0,0,0,0,0,0,0,0,0,0,0,0,0,0,0,0
0,0,0,0,0,0,0,0.785,0,0.785,-0.05930948788994127,0.4099085736407115,0.,-0.9121266147064439,0.,0,0,0,0,0,0,0,0,0,0,0,0,0,0,0,0,0,0,0,0,0,0,0,0,0,0,0
0,0,0,0,0,0,0,0.785,0,0.785,-0.05752781989676375,0.4090958577019294,0.,-0.9124914132259672,0.,0,0,0,0,0,0,0,0,0,0,0,0,0,0,0,0,0,0,0,0,0,0,0,0,0,0,0
0,0,0,0,0,0,0,0.785,0,0.785,-0.055734797220592575,0.4082776345118265,0.,-0.9128578055521174,0.,0,0,0,0,0,0,0,0,0,0,0,0,0,0,0,0,0,0,0,0,0,0,0,0,0,0,0
0,0,0,0,0,0,0,0.785,0,0.785,-0.05393077376331575,0.40745406008383084,0.,-0.9132257053550354,0.,0,0,0,0,0,0,0,0,0,0,0,0,0,0,0,0,0,0,0,0,0,0,0,0,0,0,0
0,0,0,0,0,0,0,0.785,0,0.785,-0.0521161055981256,0.40662529167063927,0.,-0.9135950263512644,0.,0,0,0,0,0,0,0,0,0,0,0,0,0,0,0,0,0,0,0,0,0,0,0,0,0,0,0
0,0,0,0,0,0,0,0.785,0,0.785,-0.05029115089923763,0.4057914877370826,0.,-0.9139656823317411,0.,0,0,0,0,0,0,0,0,0,0,0,0,0,0,0,0,0,0,0,0,0,0,0,0,0,0,0
0,0,0,0,0,0,0,0.785,0,0.785,-0.04845626987119474,0.404952807932568,0.,-0.9143375871895066,0.,0,0,0,0,0,0,0,0,0,0,0,0,0,0,0,0,0,0,0,0,0,0,0,0,0,0,0
0,0,0,0,0,0,0,0.785,0,0.785,-0.04661182467777188,0.404109413063106,0.,-0.9147106549471216,0.,0,0,0,0,0,0,0,0,0,0,0,0,0,0,0,0,0,0,0,0,0,0,0,0,0,0,0
0,0,0,0,0,0,0,0.785,0,0.785,-0.044758179370492215,0.4032614650629211,0.,-0.9150847997837722,0.,0,0,0,0,0,0,0,0,0,0,0,0,0,0,0,0,0,0,0,0,0,0,0,0,0,0,0
0,0,0,0,0,0,0,0.785,0,0.785,-0.04289569981677243,0.40240912696565434,0.,-0.915459936062054,0.,0,0,0,0,0,0,0,0,0,0,0,0,0,0,0,0,0,0,0,0,0,0,0,0,0,0,0
0,0,0,0,0,0,0,0.785,0,0.785,-0.04102475362770851,0.4015525628751573,0.,-0.9158359783544174,0.,0,0,0,0,0,0,0,0,0,0,0,0,0,0,0,0,0,0,0,0,0,0,0,0,0,0,0
0,0,0,0,0,0,0,0.785,0,0.785,-0.03914571008551729,0.400691937935884,0.,-0.9162128414692656,0.,0,0,0,0,0,0,0,0,0,0,0,0,0,0,0,0,0,0,0,0,0,0,0,0,0,0,0
0,0,0,0,0,0,0,0.785,0,0.785,-0.03725894007064941,0.3998274183028854,0.,-0.9165904404766884,0.,0,0,0,0,0,0,0,0,0,0,0,0,0,0,0,0,0,0,0,0,0,0,0,0,0,0,0
0,0,0,0,0,0,0,0.785,0,0.785,-0.03536481598858496,0.39895917111141055,0.,-0.9169686907338201,0.,0,0,0,0,0,0,0,0,0,0,0,0,0,0,0,0,0,0,0,0,0,0,0,0,0,0,0
0,0,0,0,0,0,0,0.785,0,0.785,-0.033463711696329945,0.3980873644461186,0.,-0.9173475079098123,0.,0,0,0,0,0,0,0,0,0,0,0,0,0,0,0,0,0,0,0,0,0,0,0,0,0,0,0
0,0,0,0,0,0,0,0.785,0,0.785,-0.03155600242862511,0.3972121673099091,0.,-0.917726808010404,0.,0,0,0,0,0,0,0,0,0,0,0,0,0,0,0,0,0,0,0,0,0,0,0,0,0,0,0
0,0,0,0,0,0,0,0.785,0,0.785,-0.02964206472388271,0.39633374959237444,0.,-0.9181065074020819,0.,0,0,0,0,0,0,0,0,0,0,0,0,0,0,0,0,0,0,0,0,0,0,0,0,0,0,0
0,0,0,0,0,0,0,0.785,0,0.785,-0.0277222763498673,0.3954522820378805,0.,-0.9184865228358186,0.,0,0,0,0,0,0,0,0,0,0,0,0,0,0,0,0,0,0,0,0,0,0,0,0,0,0,0
0,0,0,0,0,0,0,0.785,0,0.785,-0.02579701622913194,0.39456793621328284,0.,-0.9188667714703752,0.,0,0,0,0,0,0,0,0,0,0,0,0,0,0,0,0,0,0,0,0,0,0,0,0,0,0,0
0,0,0,0,0,0,0,0.785,0,0.785,-0.023866664364228407,0.39368088447528304,0.,-0.9192471708951618,0.,0,0,0,0,0,0,0,0,0,0,0,0,0,0,0,0,0,0,0,0,0,0,0,0,0,0,0
0,0,0,0,0,0,0,0.785,0,0.785,-0.021931601762702937,0.39279129993743417,0.,-0.9196276391526413,0.,0,0,0,0,0,0,0,0,0,0,0,0,0,0,0,0,0,0,0,0,0,0,0,0,0,0,0
0,0,0,0,0,0,0,0.785,0,0.785,-0.019992210361893657,0.391899356436799,0.,-0.9200080947602705,0.,0,0,0,0,0,0,0,0,0,0,0,0,0,0,0,0,0,0,0,0,0,0,0,0,0,0,0
0,0,0,0,0,0,0,0.785,0,0.785,-0.018048872953545687,0.39100522850027325,0.,-0.9203884567319655,0.,0,0,0,0,0,0,0,0,0,0,0,0,0,0,0,0,0,0,0,0,0,0,0,0,0,0,0
0,0,0,0,0,0,0,0.785,0,0.785,-0.016101973108255774,0.39010909131057386,0.,-0.9207686445990863,0.,0,0,0,0,0,0,0,0,0,0,0,0,0,0,0,0,0,0,0,0,0,0,0,0,0,0,0
0,0,0,0,0,0,0,0.785,0,0.785,-0.014151895099765052,0.3892111206719093,0.,-0.9211485784309263,0.,0,0,0,0,0,0,0,0,0,0,0,0,0,0,0,0,0,0,0,0,0,0,0,0,0,0,0
0,0,0,0,0,0,0,0.785,0,0.785,-0.012199023829111774,0.3883114929753311,0.,-0.9215281788547052,0.,0,0,0,0,0,0,0,0,0,0,0,0,0,0,0,0,0,0,0,0,0,0,0,0,0,0,0
0,0,0,0,0,0,0,0.785,0,0.785,-0.01024374474866023,0.38741038516377996,0.,-0.9219073670750504,0.,0,0,0,0,0,0,0,0,0,0,0,0,0,0,0,0,0,0,0,0,0,0,0,0,0,0,0
0,0,0,0,0,0,0,0.785,0,0.785,-0.00828644378602209,0.38650797469683545,0.,-0.9222860648929649,0.,0,0,0,0,0,0,0,0,0,0,0,0,0,0,0,0,0,0,0,0,0,0,0,0,0,0,0
0,0,0,0,0,0,0,0.785,0,0.785,-0.006327507267882072,0.3856044395151719,0.,-0.9226641947242724,0.,0,0,0,0,0,0,0,0,0,0,0,0,0,0,0,0,0,0,0,0,0,0,0,0,0,0,0
0,0,0,0,0,0,0,0.785,0,0.785,-0.004367321843746719,0.384699958004738,0.,-0.923041679617531,0.,0,0,0,0,0,0,0,0,0,0,0,0,0,0,0,0,0,0,0,0,0,0,0,0,0,0,0
0,0,0,0,0,0,0,0.785,0,0.785,-0.002406274409628206,0.3837947089606621,0.,-0.9234184432714135,0.,0,0,0,0,0,0,0,0,0,0,0,0,0,0,0,0,0,0,0,0,0,0,0,0,0,0,0
0,0,0,0,0,0,0,0.785,0,0.785,-0.00044475203167949803,0.3828888715508954,0.,-0.923794410051545,0.,0,0,0,0,0,0,0,0,0,0,0,0,0,0,0,0,0,0,0,0,0,0,0,0,0,0,0