0.000000,0.000000,0.000000,1.000000,0.000000,0.000000,0.000000,0.197396,0.000000,0.293479,-0.138418,0.917761,-0.074064,-0.359537,-0.148372,0.112732,0.043075,0.992425,0.004639,0.949607,-0.036810,-0.281442,-0.124200,-0.917761,0.074064,-0.359537,-0.148372,-0.112732,-0.043075,0.992425,0.004639,-0.949607,0.036810,-0.281442,-0.124200,0.000000,0.000000,0.000000,1.000000,0.000000,0.000000,0.000000
0.000000,0.000000,0.000000,1.000000,0.000000,0.000000,0.000000,0.197396,0.000000,0.293479,-0.138418,0.918964,-0.077505,-0.358737,-0.139506,0.118426,0.038129,0.991829,0.004164,0.950898,-0.032594,-0.281825,-0.109973,-0.918964,0.077505,-0.358737,-0.139506,-0.118426,-0.038129,0.991829,0.004164,-0.950898,0.032594,-0.281825,-0.109973,0.000000,0.000000,0.000000,1.000000,0.000000,0.000000,0.000000
0.000000,0.000000,0.000000,1.000000,0.000000,0.000000,0.000000,0.197396,0.000000,0.293479,-0.138418,0.920252,-0.081345,-0.357821,-0.129592,0.125293,0.032593,0.991039,0.003593,0.952200,-0.027868,-0.282211,-0.094028,-0.920252,0.081345,-0.357821,-0.129592,-0.125293,-0.032593,0.991039,0.003593,-0.952200,0.027868,-0.282211,-0.094028,0.000000,0.000000,0.000000,1.000000,0.000000,0.000000,0.000000
0.000000,0.000000,0.000000,1.000000,0.000000,0.000000,0.000000,0.197396,0.000000,0.293479,-0.138418,0.921605,-0.085529,-0.356800,-0.118770,0.133337,0.026543,0.990037,0.002927,0.953488,-0.022697,-0.282592,-0.076582,-0.921605,0.085529,-0.356800,-0.118770,-0.133337,-0.026543,0.990037,0.002927,-0.953488,0.022697,-0.282592,-0.076582,0.000000,0.000000,0.000000,1.000000,0.000000,0.000000,0.000000
0.000000,0.000000,0.000000,1.000000,0.000000,0.000000,0.000000,0.197396,0.000000,0.293479,-0.138418,0.923006,-0.090013,-0.355687,-0.107152,0.142562,0.020043,0.988805,0.002165,0.954743,-0.017134,-0.282964,-0.057811,-0.923006,0.090013,-0.355687,-0.107152,-0.142562,-0.020043,0.988805,0.002165,-0.954743,0.017134,-0.282964,-0.057811,0.000000,0.000000,0.000000,1.000000,0.000000,0.000000,0.000000
0.000000,0.000000,0.000000,1.000000,0.000000,0.000000,0.000000,0.197396,0.000000,0.293479,-0.138418,0.924444,-0.094761,-0.354489,-0.094834,0.152969,0.013145,0.987326,0.001306,0.955954,-0.011222,-0.283323,-0.037862,-0.924444,0.094761,-0.354489,-0.094834,-0.152969,-0.013145,0.987326,0.001306,-0.955954,0.011222,-0.283323,-0.037862,0.000000,0.000000,0.000000,1.000000,0.000000,0.000000,0.000000
0.000000,0.000000,0.000000,1.000000,0.000000,0.000000,0.000000,0.197396,0.000000,0.293479,-0.138418,0.925912,-0.099742,-0.353214,-0.081895,0.164561,0.005892,0.985586,0.000350,0.957113,-0.004997,-0.283667,-0.016860,-0.925912,0.099742,-0.353214,-0.081895,-0.164561,-0.005892,0.985586,0.000350,-0.957113,0.004997,-0.283667,-0.016860,0.000000,0.000000,0.000000,1.000000,0.000000,0.000000,0.000000
0.000000,0.000000,0.000000,1.000000,0.000000,0.000000,0.000000,0.197396,0.000000,0.293479,-0.138418,0.926977,-0.103955,-0.352062,-0.070884,0.176234,-0.000296,0.983619,-0.000608,0.957642,0.000341,-0.283824,0.001150,-0.926977,0.103955,-0.352062,-0.070884,-0.176234,0.000296,0.983619,-0.000608,-0.957642,-0.000341,-0.283824,0.001150,0.000000,0.000000,0.000000,1.000000,0.000000,0.000000,0.000000
0.000000,0.000000,0.000000,1.000000,0.000000,0.000000,0.000000,0.197396,0.000000,0.293479,-0.138418,0.927761,-0.107560,-0.351022,-0.061417,0.187965,-0.005633,0.981452,-0.001569,0.957764,0.004967,-0.283860,0.016761,-0.927761,0.107560,-0.351022,-0.061417,-0.187965,0.005633,0.981452,-0.001569,-0.957764,-0.004967,-0.283860,0.016761,0.000000,0.000000,0.000000,1.000000,0.000000,0.000000,0.000000
0.000000,0.000000,0.000000,1.000000,0.000000,0.000000,0.000000,0.197396,0.000000,0.293479,-0.138418,0.928346,-0.110674,-0.350085,-0.053201,0.199734,-0.010281,0.979101,-0.002534,0.957620,0.009018,-0.283817,0.030426,-0.928346,0.110674,-0.350085,-0.053201,-0.199734,0.010281,0.979101,-0.002534,-0.957620,-0.009018,-0.283817,0.030426,0.000000,0.000000,0.000000,1.000000,0.000000,0.000000,0.000000
0.000000,0.000000,0.000000,1.000000,0.000000,0.000000,0.000000,0.197396,0.000000,0.293479,-0.138418,0.928786,-0.113389,-0.349238,-0.046011,0.211528,-0.014362,0.976578,-0.003502,0.957301,0.012595,-0.283722,0.042497,-0.928786,0.113389,-0.349238,-0.046011,-0.211528,0.014362,0.976578,-0.003502,-0.957301,-0.012595,-0.283722,0.042497,0.000000,0.000000,0.000000,1.000000,0.000000,0.000000,0.000000
0.000000,0.000000,0.000000,1.000000,0.000000,0.000000,0.000000,0.197396,0.000000,0.293479,-0.138418,0.929120,-0.115775,-0.348472,-0.039673,0.223333,-0.017971,0.973891,-0.004475,0.956868,0.015781,-0.283594,0.053246,-0.929120,0.115775,-0.348472,-0.039673,-0.223333,0.017971,0.973891,-0.004475,-0.956868,-0.015781,-0.283594,0.053246,0.000000,0.000000,0.000000,1.000000,0.000000,0.000000,0.000000
0.000000,0.000000,0.000000,1.000000,0.000000,0.000000,0.000000,0.197396,0.000000,0.293479,-0.138418,0.929374,-0.117886,-0.347776,-0.034049,0.235142,-0.021184,0.971043,-0.005451,0.956363,0.018638,-0.283444,0.062887,-0.929374,0.117886,-0.347776,-0.034049,-0.235142,0.021184,0.971043,-0.005451,-0.956363,-0.018638,-0.283444,0.062887,0.000000,0.000000,0.000000,1.000000,0.000000,0.000000,0.000000
0.000000,0.000000,0.000000,1.000000,0.000000,0.000000,0.000000,0.197396,0.000000,0.293479,-0.138418,0.929568,-0.119766,-0.347143,-0.029029,0.246946,-0.024060,0.968040,-0.006431,0.955812,0.021219,-0.283281,0.071593,-0.929568,0.119766,-0.347143,-0.029029,-0.246946,0.024060,0.968040,-0.006431,-0.955812,-0.021219,-0.283281,0.071593,0.000000,0.000000,0.000000,1.000000,0.000000,0.000000,0.000000
0.000000,0.000000,0.000000,1.000000,0.000000,0.000000,0.000000,0.197396,0.000000,0.293479,-0.138418,0.929716,-0.121449,-0.346565,-0.024525,0.258739,-0.026647,0.964883,-0.007415,0.955234,0.023563,-0.283110,0.079503,-0.929716,0.121449,-0.346565,-0.024525,-0.258739,0.026647,0.964883,-0.007415,-0.955234,-0.023563,-0.283110,0.079503,0.000000,0.000000,0.000000,1.000000,0.000000,0.000000,0.000000
0.000000,0.000000,0.000000,1.000000,0.000000,0.000000,0.000000,0.197396,0.000000,0.293479,-0.138418,0.929829,-0.122963,-0.346037,-0.020466,0.270515,-0.028984,0.961574,-0.008403,0.954644,0.025704,-0.282935,0.086728,-0.929829,0.122963,-0.346037,-0.020466,-0.270515,0.028984,0.961574,-0.008403,-0.954644,-0.025704,-0.282935,0.086728,0.000000,0.000000,0.000000,1.000000,0.000000,0.000000,0.000000
0.000000,0.000000,0.000000,1.000000,0.000000,0.000000,0.000000,0.197396,0.000000,0.293479,-0.138418,0.929914,-0.124332,-0.345553,-0.016790,0.282268,-0.031103,0.958116,-0.009394,0.954048,0.027670,-0.282758,0.093362,-0.929914,0.124332,-0.345553,-0.016790,-0.282268,0.031103,0.958116,-0.009394,-0.954048,-0.027670,-0.282758,0.093362,0.000000,0.000000,0.000000,1.000000,0.000000,0.000000,0.000000
0.000000,0.000000,0.000000,1.000000,0.000000,0.000000,0.000000,0.197396,0.000000,0.293479,-0.138418,0.929977,-0.125573,-0.345107,-0.013451,0.293995,-0.033030,0.954509,-0.010389,0.953454,0.029484,-0.282582,0.099481,-0.929977,0.125573,-0.345107,-0.013451,-0.293995,0.033030,0.954509,-0.010389,-0.953454,-0.029484,-0.282582,0.099481,0.000000,0.000000,0.000000,1.000000,0.000000,0.000000,0.000000
0.000000,0.000000,0.000000,1.000000,0.000000,0.000000,0.000000,0.197396,0.000000,0.293479,-0.138418,0.930023,-0.126703,-0.344697,-0.010406,0.305691,-0.034789,0.950754,-0.011386,0.952865,0.031164,-0.282408,0.105151,-0.930023,0.126703,-0.344697,-0.010406,-0.305691,0.034789,0.950754,-0.011386,-0.952865,-0.031164,-0.282408,0.105151,0.000000,0.000000,0.000000,1.000000,0.000000,0.000000,0.000000
0.000000,0.000000,0.000000,1.000000,0.000000,0.000000,0.000000,0.197396,0.000000,0.293479,-0.138418,0.930056,-0.127735,-0.344318,-0.007622,0.317353,-0.036397,0.946853,-0.012388,0.952285,0.032727,-0.282236,0.110424,-0.930056,0.127735,-0.344318,-0.007622,-0.317353,0.036397,0.946853,-0.012388,-0.952285,-0.032727,-0.282236,0.110424,0.000000,0.000000,0.000000,1.000000,0.000000,0.000000,0.000000
0.000000,0.000000,0.000000,1.000000,0.000000,0.000000,0.000000,0.197396,0.000000,0.293479,-0.138418,0.930078,-0.128681,-0.343968,-0.005068,0.328978,-0.037870,0.942806,-0.013392,0.951715,0.034187,-0.282067,0.115348,-0.930078,0.128681,-0.343968,-0.005068,-0.328978,0.037870,0.942806,-0.013392,-0.951715,-0.034187,-0.282067,0.115348,0.000000,0.000000,0.000000,1.000000,0.000000,0.000000,0.000000
0.000000,0.000000,0.000000,1.000000,0.000000,0.000000,0.000000,0.197396,0.000000,0.293479,-0.138418,0.930092,-0.129549,-0.343644,-0.002721,0.340561,-0.039222,0.938614,-0.014399,0.951156,0.035554,-0.281901,0.119961,-0.930092,0.129549,-0.343644,-0.002721,-0.340561,0.039222,0.938614,-0.014399,-0.951156,-0.035554,-0.281901,0.119961,0.000000,0.000000,0.000000,1.000000,0.000000,0.000000,0.000000
0.000000,0.000000,0.000000,1.000000,0.000000,0.000000,0.000000,0.197396,0.000000,0.293479,-0.138418,0.930099,-0.130348,-0.343343,-0.000558,0.352101,-0.040464,0.934277,-0.015409,0.950609,0.036839,-0.281739,0.124297,-0.930099,0.130348,-0.343343,-0.000558,-0.352101,0.040464,0.934277,-0.015409,-0.950609,-0.036839,-0.281739,0.124297,0.000000,0.000000,0.000000,1.000000,0.000000,0.000000,0.000000
0.000000,0.000000,0.000000,1.000000,0.000000,0.000000,0.000000,0.197396,0.000000,0.293479,-0.138418,0.930101,-0.131086,-0.343063,0.001439,0.363595,-0.041606,0.929797,-0.016421,0.950073,0.038051,-0.281580,0.128385,-0.930101,0.131086,-0.343063,0.001439,-0.363595,0.041606,0.929797,-0.016421,-0.950073,-0.038051,-0.281580,0.128385,0.000000,0.000000,0.000000,1.000000,0.000000,0.000000,0.000000
0.000000,0.000000,0.000000,1.000000,0.000000,0.000000,0.000000,0.197396,0.000000,0.293479,-0.138418,0.930099,-0.131767,-0.342803,0.003286,0.375039,-0.042658,0.925174,-0.017436,0.949550,0.039196,-0.281425,0.132251,-0.930099,0.131767,-0.342803,0.003286,-0.375039,0.042658,0.925174,-0.017436,-0.949550,-0.039196,-0.281425,0.132251,0.000000,0.000000,0.000000,1.000000,0.000000,0.000000,0.000000
0.000000,0.000000,0.000000,1.000000,0.000000,0.000000,0.000000,0.197396,0.000000,0.293479,-0.138418,0.930093,-0.132397,-0.342561,0.004996,0.386431,-0.043626,0.920408,-0.018454,0.949038,0.040283,-0.281274,0.135917,-0.930093,0.132397,-0.342561,0.004996,-0.386431,0.043626,0.920408,-0.018454,-0.949038,-0.040283,-0.281274,0.135917,0.000000,0.000000,0.000000,1.000000,0.000000,0.000000,0.000000
0.000000,0.000000,0.000000,1.000000,0.000000,0.000000,0.000000,0.197396,0.000000,0.293479,-0.138418,0.930085,-0.132982,-0.342335,0.006583,0.397770,-0.044517,0.915501,-0.019474,0.948538,0.041316,-0.281125,0.139402,-0.930085,0.132982,-0.342335,0.006583,-0.397770,0.044517,0.915501,-0.019474,-0.948538,-0.041316,-0.281125,0.139402,0.000000,0.000000,0.000000,1.000000,0.000000,0.000000,0.000000
0.000000,0.000000,0.000000,1.000000,0.000000,0.000000,0.000000,0.197396,0.000000,0.293479,-0.138418,0.930074,-0.133524,-0.342124,0.008056,0.409052,-0.045337,0.910454,-0.020496,0.948048,0.042300,-0.280980,0.142723,-0.930074,0.133524,-0.342124,0.008056,-0.409052,0.045337,0.910454,-0.020496,-0.948048,-0.042300,-0.280980,0.142723,0.000000,0.000000,0.000000,1.000000,0.000000,0.000000,0.000000
0.000000,0.000000,0.000000,1.000000,0.000000,0.000000,0.000000,0.197396,0.000000,0.293479,-0.138418,0.930063,-0.134028,-0.341928,0.009425,0.420275,-0.046092,0.905266,-0.021521,0.947569,0.043240,-0.280838,0.145896,-0.930063,0.134028,-0.341928,0.009425,-0.420275,0.046092,0.905266,-0.021521,-0.947569,-0.043240,-0.280838,0.145896,0.000000,0.000000,0.000000,1.000000,0.000000,0.000000,0.000000
0.000000,0.000000,0.000000,1.000000,0.000000,0.000000,0.000000,0.197396,0.000000,0.293479,-0.138418,0.930050,-0.134496,-0.341744,0.010699,0.431437,-0.046786,0.899938,-0.022547,0.947100,0.044141,-0.280699,0.148934,-0.930050,0.134496,-0.341744,0.010699,-0.431437,0.046786,0.899938,-0.022547,-0.947100,-0.044141,-0.280699,0.148934,0.000000,0.000000,0.000000,1.000000,0.000000,0.000000,0.000000
0.000000,0.000000,0.000000,1.000000,0.000000,0.000000,0.000000,0.197396,0.000000,0.293479,-0.138418,0.930036,-0.134932,-0.341573,0.011884,0.442536,-0.047422,0.894473,-0.023576,0.946640,0.045004,-0.280563,0.151848,-0.930036,0.134932,-0.341573,0.011884,-0.442536,0.047422,0.894473,-0.023576,-0.946640,-0.045004,-0.280563,0.151848,0.000000,0.000000,0.000000,1.000000,0.000000,0.000000,0.000000
0.000000,0.000000,0.000000,1.000000,0.000000,0.000000,0.000000,0.197396,0.000000,0.293479,-0.138418,0.930022,-0.135337,-0.341413,0.012988,0.453570,-0.048005,0.888869,-0.024607,0.946189,0.045835,-0.280429,0.154651,-0.930022,0.135337,-0.341413,0.012988,-0.453570,0.048005,0.888869,-0.024607,-0.946189,-0.045835,-0.280429,0.154651,0.000000,0.000000,0.000000,1.000000,0.000000,0.000000,0.000000
0.000000,0.000000,0.000000,1.000000,0.000000,0.000000,0.000000,0.197396,0.000000,0.293479,-0.138418,0.930008,-0.135715,-0.341263,0.014017,0.464536,-0.048538,0.883129,-0.025639,0.945746,0.046635,-0.280298,0.157351,-0.930008,0.135715,-0.341263,0.014017,-0.464536,0.048538,0.883129,-0.025639,-0.945746,-0.046635,-0.280298,0.157351,0.000000,0.000000,0.000000,1.000000,0.000000,0.000000,0.000000
0.000000,0.000000,0.000000,1.000000,0.000000,0.000000,0.000000,0.197396,0.000000,0.293479,-0.138418,0.929994,-0.136066,-0.341123,0.014975,0.475433,-0.049023,0.877252,-0.026673,0.945310,0.047408,-0.280169,0.159957,-0.929994,0.136066,-0.341123,0.014975,-0.475433,0.049023,0.877252,-0.026673,-0.945310,-0.047408,-0.280169,0.159957,0.000000,0.000000,0.000000,1.000000,0.000000,0.000000,0.000000
0.000000,0.000000,0.000000,1.000000,0.000000,0.000000,0.000000,0.197396,0.000000,0.293479,-0.138418,0.929980,-0.136393,-0.340993,0.015867,0.486259,-0.049464,0.871241,-0.027709,0.944882,0.048154,-0.280042,0.162477,-0.929980,0.136393,-0.340993,0.015867,-0.486259,0.049464,0.871241,-0.027709,-0.944882,-0.048154,-0.280042,0.162477,0.000000,0.000000,0.000000,1.000000,0.000000,0.000000,0.000000
0.000000,0.000000,0.000000,1.000000,0.000000,0.000000,0.000000,0.197396,0.000000,0.293479,-0.138418,0.929965,-0.136698,-0.340871,0.016697,0.497012,-0.049863,0.865095,-0.028747,0.944461,0.048878,-0.279917,0.164918,-0.929965,0.136698,-0.340871,0.016697,-0.497012,0.049863,0.865095,-0.028747,-0.944461,-0.048878,-0.279917,0.164918,0.000000,0.000000,0.000000,1.000000,0.000000,0.000000,0.000000
0.000000,0.000000,0.000000,1.000000,0.000000,0.000000,0.000000,0.197396,0.000000,0.293479,-0.138418,0.929952,-0.136981,-0.340758,0.017470,0.507690,-0.050221,0.858816,-0.029786,0.944046,0.049580,-0.279794,0.167287,-0.929952,0.136981,-0.340758,0.017470,-0.507690,0.050221,0.858816,-0.029786,-0.944046,-0.049580,-0.279794,0.167287,0.000000,0.000000,0.000000,1.000000,0.000000,0.000000,0.000000
0.000000,0.000000,0.000000,1.000000,0.000000,0.000000,0.000000,0.197396,0.000000,0.293479,-0.138418,0.929938,-0.137244,-0.340652,0.018188,0.518291,-0.050542,0.852404,-0.030827,0.943636,0.050263,-0.279672,0.169590,-0.929938,0.137244,-0.340652,0.018188,-0.518291,0.050542,0.852404,-0.030827,-0.943636,-0.050263,-0.279672,0.169590,0.000000,0.000000,0.000000,1.000000,0.000000,0.000000,0.000000
0.000000,0.000000,0.000000,1.000000,0.000000,0.000000,0.000000,0.197396,0.000000,0.293479,-0.138418,0.929925,-0.137488,-0.340553,0.018855,0.528812,-0.050826,0.845861,-0.031870,0.943231,0.050927,-0.279553,0.171833,-0.929925,0.137488,-0.340553,0.018855,-0.528812,0.050826,0.845861,-0.031870,-0.943231,-0.050927,-0.279553,0.171833,0.000000,0.000000,0.000000,1.000000,0.000000,0.000000,0.000000
0.000000,0.000000,0.000000,1.000000,0.000000,0.000000,0.000000,0.197396,0.000000,0.293479,-0.138418,0.929913,-0.137715,-0.340462,0.019473,0.539254,-0.051076,0.839188,-0.032914,0.942831,0.051575,-0.279434,0.174019,-0.929913,0.137715,-0.340462,0.019473,-0.539254,0.051076,0.839188,-0.032914,-0.942831,-0.051575,-0.279434,0.174019,0.000000,0.000000,0.000000,1.000000,0.000000,0.000000,0.000000
0.000000,0.000000,0.000000,1.000000,0.000000,0.000000,0.000000,0.197396,0.000000,0.293479,-0.138418,0.929901,-0.137924,-0.340377,0.020045,0.549612,-0.051293,0.832385,-0.033960,0.942435,0.052208,-0.279317,0.176155,-0.929901,0.137924,-0.340377,0.020045,-0.549612,0.051293,0.832385,-0.033960,-0.942435,-0.052208,-0.279317,0.176155,0.000000,0.000000,0.000000,1.000000,0.000000,0.000000,0.000000
0.000000,0.000000,0.000000,1.000000,0.000000,0.000000,0.000000,0.197396,0.000000,0.293479,-0.138418,0.929889,-0.138118,-0.340299,0.020573,0.559887,-0.051478,0.825453,-0.035007,0.942043,0.052828,-0.279201,0.178244,-0.929889,0.138118,-0.340299,0.020573,-0.559887,0.051478,0.825453,-0.035007,-0.942043,-0.052828,-0.279201,0.178244,0.000000,0.000000,0.000000,1.000000,0.000000,0.000000,0.000000
0.000000,0.000000,0.000000,1.000000,0.000000,0.000000,0.000000,0.197396,0.000000,0.293479,-0.138418,0.929879,-0.138296,-0.340227,0.021059,0.570076,-0.051633,0.818395,-0.036056,0.941655,0.053434,-0.279085,0.180291,-0.929879,0.138296,-0.340227,0.021059,-0.570076,0.051633,0.818395,-0.036056,-0.941655,-0.053434,-0.279085,0.180291,0.000000,0.000000,0.000000,1.000000,0.000000,0.000000,0.000000
0.000000,0.000000,0.000000,1.000000,0.000000,0.000000,0.000000,0.197396,0.000000,0.293479,-0.138418,0.929869,-0.138459,-0.340161,0.021506,0.580177,-0.051758,0.811210,-0.037106,0.941269,0.054029,-0.278971,0.182299,-0.929869,0.138459,-0.340161,0.021506,-0.580177,0.051758,0.811210,-0.037106,-0.941269,-0.054029,-0.278971,0.182299,0.000000,0.000000,0.000000,1.000000,0.000000,0.000000,0.000000
0.000000,0.000000,0.000000,1.000000,0.000000,0.000000,0.000000,0.197396,0.000000,0.293479,-0.138418,0.929859,-0.138608,-0.340100,0.021913,0.590188,-0.051855,0.803900,-0.038158,0.940885,0.054614,-0.278857,0.184272,-0.929859,0.138608,-0.340100,0.021913,-0.590188,0.051855,0.803900,-0.038158,-0.940885,-0.054614,-0.278857,0.184272,0.000000,0.000000,0.000000,1.000000,0.000000,0.000000,0.000000
0.000000,0.000000,0.000000,1.000000,0.000000,0.000000,0.000000,0.197396,0.000000,0.293479,-0.138418,0.929851,-0.138744,-0.340045,0.022284,0.600109,-0.051925,0.796466,-0.039211,0.940503,0.055189,-0.278744,0.186213,-0.929851,0.138744,-0.340045,0.022284,-0.600109,0.051925,0.796466,-0.039211,-0.940503,-0.055189,-0.278744,0.186213,0.000000,0.000000,0.000000,1.000000,0.000000,0.000000,0.000000
0.000000,0.000000,0.000000,1.000000,0.000000,0.000000,0.000000,0.197396,0.000000,0.293479,-0.138418,0.929843,-0.138866,-0.339995,0.022619,0.609936,-0.051969,0.788909,-0.040267,0.940123,0.055756,-0.278631,0.188125,-0.929843,0.138866,-0.339995,0.022619,-0.609936,0.051969,0.788909,-0.040267,-0.940123,-0.055756,-0.278631,0.188125,0.000000,0.000000,0.000000,1.000000,0.000000,0.000000,0.000000
0.000000,0.000000,0.000000,1.000000,0.000000,0.000000,0.000000,0.197396,0.000000,0.293479,-0.138418,0.929835,-0.138976,-0.339950,0.022920,0.619670,-0.051988,0.781230,-0.041323,0.939744,0.056315,-0.278519,0.190011,-0.929835,0.138976,-0.339950,0.022920,-0.619670,0.051988,0.781230,-0.041323,-0.939744,-0.056315,-0.278519,0.190011,0.000000,0.000000,0.000000,1.000000,0.000000,0.000000,0.000000
0.000000,0.000000,0.000000,1.000000,0.000000,0.000000,0.000000,0.197396,0.000000,0.293479,-0.138418,0.929829,-0.139074,-0.339910,0.023187,0.629307,-0.051982,0.773431,-0.042382,0.939366,0.056867,-0.278407,0.191875,-0.929829,0.139074,-0.339910,0.023187,-0.629307,0.051982,0.773431,-0.042382,-0.939366,-0.056867,-0.278407,0.191875,0.000000,0.000000,0.000000,1.000000,0.000000,0.000000,0.000000
0.000000,0.000000,0.000000,1.000000,0.000000,0.000000,0.000000,0.197396,0.000000,0.293479,-0.138418,0.929823,-0.139159,-0.339875,0.023421,0.638847,-0.051952,0.765513,-0.043443,0.938988,0.057414,-0.278295,0.193718,-0.929823,0.139159,-0.339875,0.023421,-0.638847,0.051952,0.765513,-0.043443,-0.938988,-0.057414,-0.278295,0.193718,0.000000,0.000000,0.000000,1.000000,0.000000,0.000000,0.000000
0.000000,0.000000,0.000000,1.000000,0.000000,0.000000,0.000000,0.197396,0.000000,0.293479,-0.138418,0.929818,-0.139233,-0.339844,0.023624,0.648288,-0.051899,0.757476,-0.044505,0.938609,0.057955,-0.278183,0.195544,-0.929818,0.139233,-0.339844,0.023624,-0.648288,0.051899,0.757476,-0.044505,-0.938609,-0.057955,-0.278183,0.195544,0.000000,0.000000,0.000000,1.000000,0.000000,0.000000,0.000000
0.000000,0.000000,0.000000,1.000000,0.000000,0.000000,0.000000,0.197396,0.000000,0.293479,-0.138418,0.929814,-0.139296,-0.339819,0.023795,0.657628,-0.051824,0.749323,-0.045569,0.938230,0.058491,-0.278070,0.197355,-0.929814,0.139296,-0.339819,0.023795,-0.657628,0.051824,0.749323,-0.045569,-0.938230,-0.058491,-0.278070,0.197355,0.000000,0.000000,0.000000,1.000000,0.000000,0.000000,0.000000
0.000000,0.000000,0.000000,1.000000,0.000000,0.000000,0.000000,0.197396,0.000000,0.293479,-0.138418,0.929810,-0.139347,-0.339798,0.023936,0.666865,-0.051727,0.741054,-0.046636,0.937851,0.059024,-0.277958,0.199152,-0.929810,0.139347,-0.339798,0.023936,-0.666865,0.051727,0.741054,-0.046636,-0.937851,-0.059024,-0.277958,0.199152,0.000000,0.000000,0.000000,1.000000,0.000000,0.000000,0.000000
0.000000,0.000000,0.000000,1.000000,0.000000,0.000000,0.000000,0.197396,0.000000,0.293479,-0.138418,0.929807,-0.139388,-0.339781,0.024046,0.675999,-0.051609,0.732671,-0.047705,0.937469,0.059554,-0.277845,0.200940,-0.929807,0.139388,-0.339781,0.024046,-0.675999,0.051609,0.732671,-0.047705,-0.937469,-0.059554,-0.277845,0.200940,0.000000,0.000000,0.000000,1.000000,0.000000,0.000000,0.000000
0.000000,0.000000,0.000000,1.000000,0.000000,0.000000,0.000000,0.197396,0.000000,0.293479,-0.138418,0.929805,-0.139417,-0.339769,0.024126,0.685028,-0.051470,0.724175,-0.048777,0.937086,0.060082,-0.277731,0.202720,-0.929805,0.139417,-0.339769,0.024126,-0.685028,0.051470,0.724175,-0.048777,-0.937086,-0.060082,-0.277731,0.202720,0.000000,0.000000,0.000000,1.000000,0.000000,0.000000,0.000000
0.000000,0.000000,0.000000,1.000000,0.000000,0.000000,0.000000,0.197396,0.000000,0.293479,-0.138418,0.929804,-0.139436,-0.339762,0.024177,0.693950,-0.051311,0.715568,-0.049851,0.936701,0.060607,-0.277617,0.204494,-0.929804,0.139436,-0.339762,0.024177,-0.693950,0.051311,0.715568,-0.049851,-0.936701,-0.060607,-0.277617,0.204494,0.000000,0.000000,0.000000,1.000000,0.000000,0.000000,0.000000
0.000000,0.000000,0.000000,1.000000,0.000000,0.000000,0.000000,0.197396,0.000000,0.293479,-0.138418,0.929803,-0.139444,-0.339758,0.024199,0.702763,-0.051133,0.706850,-0.050928,0.936313,0.061132,-0.277502,0.206264,-0.929803,0.139444,-0.339758,0.024199,-0.702763,0.051133,0.706850,-0.050928,-0.936313,-0.061132,-0.277502,0.206264,0.000000,0.000000,0.000000,1.000000,0.000000,0.000000,0.000000
0.000000,0.000000,0.000000,1.000000,0.000000,0.000000,0.000000,0.197396,0.000000,0.293479,-0.138418,0.929803,-0.139441,-0.339760,0.024191,0.711467,-0.050935,0.698024,-0.052008,0.935921,0.061656,-0.277386,0.208033,-0.929803,0.139441,-0.339760,0.024191,-0.711467,0.050935,0.698024,-0.052008,-0.935921,-0.061656,-0.277386,0.208033,0.000000,0.000000,0.000000,1.000000,0.000000,0.000000,0.000000
0.000000,0.000000,0.000000,1.000000,0.000000,0.000000,0.000000,0.197396,0.000000,0.293479,-0.138418,0.929804,-0.139427,-0.339765,0.024154,0.720059,-0.050719,0.689090,-0.053092,0.935526,0.062181,-0.277269,0.209803,-0.929804,0.139427,-0.339765,0.024154,-0.720059,0.050719,0.689090,-0.053092,-0.935526,-0.062181,-0.277269,0.209803,0.000000,0.000000,0.000000,1.000000,0.000000,0.000000,0.000000
0.000000,0.000000,0.000000,1.000000,0.000000,0.000000,0.000000,0.197396,0.000000,0.293479,-0.138418,0.929806,-0.139403,-0.339775,0.024087,0.728539,-0.050484,0.680050,-0.054179,0.935126,0.062707,-0.277150,0.211577,-0.929806,0.139403,-0.339775,0.024087,-0.728539,0.050484,0.680050,-0.054179,-0.935126,-0.062707,-0.277150,0.211577,0.000000,0.000000,0.000000,1.000000,0.000000,0.000000,0.000000
0.000000,0.000000,0.000000,1.000000,0.000000,0.000000,0.000000,0.197396,0.000000,0.293479,-0.138418,0.929809,-0.139368,-0.339790,0.023991,0.736905,-0.050232,0.670906,-0.055270,0.934722,0.063234,-0.277031,0.213355,-0.929809,0.139368,-0.339790,0.023991,-0.736905,0.050232,0.670906,-0.055270,-0.934722,-0.063234,-0.277031,0.213355,0.000000,0.000000,0.000000,1.000000,0.000000,0.000000,0.000000
0.000000,0.000000,0.000000,1.000000,0.000000,0.000000,0.000000,0.197396,0.000000,0.293479,-0.138418,0.929812,-0.139321,-0.339808,0.023864,0.745155,-0.049962,0.661658,-0.056366,0.934312,0.063763,-0.276909,0.215142,-0.929812,0.139321,-0.339808,0.023864,-0.745155,0.049962,0.661658,-0.056366,-0.934312,-0.063763,-0.276909,0.215142,0.000000,0.000000,0.000000,1.000000,0.000000,0.000000,0.000000
0.000000,0.000000,0.000000,1.000000,0.000000,0.000000,0.000000,0.197396,0.000000,0.293479,-0.138418,0.929816,-0.139264,-0.339832,0.023707,0.753289,-0.049675,0.652309,-0.057466,0.933897,0.064296,-0.276786,0.216938,-0.929816,0.139264,-0.339832,0.023707,-0.753289,0.049675,0.652309,-0.057466,-0.933897,-0.064296,-0.276786,0.216938,0.000000,0.000000,0.000000,1.000000,0.000000,0.000000,0.000000
0.000000,0.000000,0.000000,1.000000,0.000000,0.000000,0.000000,0.197396,0.000000,0.293479,-0.138418,0.929821,-0.139195,-0.339860,0.023519,0.761304,-0.049371,0.642860,-0.058571,0.933474,0.064832,-0.276661,0.218747,-0.929821,0.139195,-0.339860,0.023519,-0.761304,0.049371,0.642860,-0.058571,-0.933474,-0.064832,-0.276661,0.218747,0.000000,0.000000,0.000000,1.000000,0.000000,0.000000,0.000000
0.000000,0.000000,0.000000,1.000000,0.000000,0.000000,0.000000,0.197396,0.000000,0.293479,-0.138418,0.929826,-0.139115,-0.339893,0.023300,0.769200,-0.049051,0.633313,-0.059682,0.933045,0.065372,-0.276534,0.220570,-0.929826,0.139115,-0.339893,0.023300,-0.769200,0.049051,0.633313,-0.059682,-0.933045,-0.065372,-0.276534,0.220570,0.000000,0.000000,0.000000,1.000000,0.000000,0.000000,0.000000
0.000000,0.000000,0.000000,1.000000,0.000000,0.000000,0.000000,0.197396,0.000000,0.293479,-0.138418,0.929832,-0.139023,-0.339931,0.023048,0.776975,-0.048715,0.623668,-0.060798,0.932608,0.065918,-0.276404,0.222411,-0.929832,0.139023,-0.339931,0.023048,-0.776975,0.048715,0.623668,-0.060798,-0.932608,-0.065918,-0.276404,0.222411,0.000000,0.000000,0.000000,1.000000,0.000000,0.000000,0.000000
0.000000,0.000000,0.000000,1.000000,0.000000,0.000000,0.000000,0.197396,0.000000,0.293479,-0.138418,0.929839,-0.138919,-0.339973,0.022763,0.784628,-0.048363,0.613928,-0.061922,0.932161,0.066469,-0.276272,0.224271,-0.929839,0.138919,-0.339973,0.022763,-0.784628,0.048363,0.613928,-0.061922,-0.932161,-0.066469,-0.276272,0.224271,0.000000,0.000000,0.000000,1.000000,0.000000,0.000000,0.000000
0.000000,0.000000,0.000000,1.000000,0.000000,0.000000,0.000000,0.197396,0.000000,0.293479,-0.138418,0.929847,-0.138802,-0.340021,0.022445,0.792157,-0.047996,0.604094,-0.063052,0.931706,0.067027,-0.276137,0.226154,-0.929847,0.138802,-0.340021,0.022445,-0.792157,0.047996,0.604094,-0.063052,-0.931706,-0.067027,-0.276137,0.226154,0.000000,0.000000,0.000000,1.000000,0.000000,0.000000,0.000000
0.000000,0.000000,0.000000,1.000000,0.000000,0.000000,0.000000,0.197396,0.000000,0.293479,-0.138418,0.929855,-0.138673,-0.340073,0.022091,0.799562,-0.047613,0.594168,-0.064191,0.931240,0.067593,-0.275999,0.228063,-0.929855,0.138673,-0.340073,0.022091,-0.799562,0.047613,0.594168,-0.064191,-0.931240,-0.067593,-0.275999,0.228063,0.000000,0.000000,0.000000,1.000000,0.000000,0.000000,0.000000
0.000000,0.000000,0.000000,1.000000,0.000000,0.000000,0.000000,0.197396,0.000000,0.293479,-0.138418,0.929864,-0.138530,-0.340132,0.021700,0.806841,-0.047216,0.584151,-0.065338,0.930763,0.068167,-0.275857,0.230000,-0.929864,0.138530,-0.340132,0.021700,-0.806841,0.047216,0.584151,-0.065338,-0.930763,-0.068167,-0.275857,0.230000,0.000000,0.000000,0.000000,1.000000,0.000000,0.000000,0.000000
0.000000,0.000000,0.000000,1.000000,0.000000,0.000000,0.000000,0.197396,0.000000,0.293479,-0.138418,0.929874,-0.138373,-0.340195,0.021272,0.813992,-0.046804,0.574045,-0.066494,0.930274,0.068750,-0.275712,0.231968,-0.929874,0.138373,-0.340195,0.021272,-0.813992,0.046804,0.574045,-0.066494,-0.930274,-0.068750,-0.275712,0.231968,0.000000,0.000000,0.000000,1.000000,0.000000,0.000000,0.000000
0.000000,0.000000,0.000000,1.000000,0.000000,0.000000,0.000000,0.197396,0.000000,0.293479,-0.138418,0.929884,-0.138202,-0.340265,0.020805,0.821014,-0.046378,0.563852,-0.067661,0.929772,0.069344,-0.275563,0.233971,-0.929884,0.138202,-0.340265,0.020805,-0.821014,0.046378,0.563852,-0.067661,-0.929772,-0.069344,-0.275563,0.233971,0.000000,0.000000,0.000000,1.000000,0.000000,0.000000,0.000000
0.000000,0.000000,0.000000,1.000000,0.000000,0.000000,0.000000,0.197396,0.000000,0.293479,-0.138418,0.929895,-0.138016,-0.340340,0.020296,0.827907,-0.045937,0.553573,-0.068839,0.929255,0.069949,-0.275410,0.236012,-0.929895,0.138016,-0.340340,0.020296,-0.827907,0.045937,0.553573,-0.068839,-0.929255,-0.069949,-0.275410,0.236012,0.000000,0.000000,0.000000,1.000000,0.000000,0.000000,0.000000
0.000000,0.000000,0.000000,1.000000,0.000000,0.000000,0.000000,0.197396,0.000000,0.293479,-0.138418,0.929907,-0.137814,-0.340422,0.019745,0.834669,-0.045483,0.543210,-0.070029,0.928722,0.070566,-0.275252,0.238095,-0.929907,0.137814,-0.340422,0.019745,-0.834669,0.045483,0.543210,-0.070029,-0.928722,-0.070566,-0.275252,0.238095,0.000000,0.000000,0.000000,1.000000,0.000000,0.000000,0.000000
0.000000,0.000000,0.000000,1.000000,0.000000,0.000000,0.000000,0.197396,0.000000,0.293479,-0.138418,0.929919,-0.137596,-0.340510,0.019148,0.841299,-0.045016,0.532765,-0.071233,0.928173,0.071197,-0.275090,0.240224,-0.929919,0.137596,-0.340510,0.019148,-0.841299,0.045016,0.532765,-0.071233,-0.928173,-0.071197,-0.275090,0.240224,0.000000,0.000000,0.000000,1.000000,0.000000,0.000000,0.000000
0.000000,0.000000,0.000000,1.000000,0.000000,0.000000,0.000000,0.197396,0.000000,0.293479,-0.138418,0.929932,-0.137360,-0.340605,0.018504,0.847795,-0.044535,0.522240,-0.072452,0.927605,0.071843,-0.274921,0.242403,-0.929932,0.137360,-0.340605,0.018504,-0.847795,0.044535,0.522240,-0.072452,-0.927605,-0.071843,-0.274921,0.242403,0.000000,0.000000,0.000000,1.000000,0.000000,0.000000,0.000000
0.000000,0.000000,0.000000,1.000000,0.000000,0.000000,0.000000,0.197396,0.000000,0.293479,-0.138418,0.929945,-0.137106,-0.340707,0.017810,0.854156,-0.044041,0.511636,-0.073686,0.927017,0.072505,-0.274747,0.244637,-0.929945,0.137106,-0.340707,0.017810,-0.854156,0.044041,0.511636,-0.073686,-0.927017,-0.072505,-0.274747,0.244637,0.000000,0.000000,0.000000,1.000000,0.000000,0.000000,0.000000
0.000000,0.000000,0.000000,1.000000,0.000000,0.000000,0.000000,0.197396,0.000000,0.293479,-0.138418,0.929959,-0.136832,-0.340817,0.017064,0.860381,-0.043534,0.500955,-0.074939,0.926407,0.073185,-0.274566,0.246932,-0.929959,0.136832,-0.340817,0.017064,-0.860381,0.043534,0.500955,-0.074939,-0.926407,-0.073185,-0.274566,0.246932,0.000000,0.000000,0.000000,1.000000,0.000000,0.000000,0.000000
0.000000,0.000000,0.000000,1.000000,0.000000,0.000000,0.000000,0.197396,0.000000,0.293479,-0.138418,0.929973,-0.136538,-0.340935,0.016261,0.866470,-0.043014,0.490199,-0.076211,0.925774,0.073884,-0.274379,0.249291,-0.929973,0.136538,-0.340935,0.016261,-0.866470,0.043014,0.490199,-0.076211,-0.925774,-0.073884,-0.274379,0.249291,0.000000,0.000000,0.000000,1.000000,0.000000,0.000000,0.000000
0.000000,0.000000,0.000000,1.000000,0.000000,0.000000,0.000000,0.197396,0.000000,0.293479,-0.138418,0.929987,-0.136221,-0.341062,0.015398,0.872419,-0.042482,0.479370,-0.077504,0.925114,0.074605,-0.274183,0.251722,-0.929987,0.136221,-0.341062,0.015398,-0.872419,0.042482,0.479370,-0.077504,-0.925114,-0.074605,-0.274183,0.251722,0.000000,0.000000,0.000000,1.000000,0.000000,0.000000,0.000000
0.000000,0.000000,0.000000,1.000000,0.000000,0.000000,0.000000,0.197396,0.000000,0.293479,-0.138418,0.930001,-0.135881,-0.341197,0.014471,0.878230,-0.041938,0.468471,-0.078821,0.924426,0.075348,-0.273979,0.254230,-0.930001,0.135881,-0.341197,0.014471,-0.878230,0.041938,0.468471,-0.078821,-0.924426,-0.075348,-0.273979,0.254230,0.000000,0.000000,0.000000,1.000000,0.000000,0.000000,0.000000
0.000000,0.000000,0.000000,1.000000,0.000000,0.000000,0.000000,0.197396,0.000000,0.293479,-0.138418,0.930016,-0.135516,-0.341342,0.013476,0.883899,-0.041383,0.457501,-0.080163,0.923706,0.076117,-0.273766,0.256823,-0.930016,0.135516,-0.341342,0.013476,-0.883899,0.041383,0.457501,-0.080163,-0.923706,-0.076117,-0.273766,0.256823,0.000000,0.000000,0.000000,1.000000,0.000000,0.000000,0.000000
0.000000,0.000000,0.000000,1.000000,0.000000,0.000000,0.000000,0.197396,0.000000,0.293479,-0.138418,0.930030,-0.135124,-0.341497,0.012408,0.889426,-0.040815,0.446465,-0.081535,0.922953,0.076913,-0.273543,0.259509,-0.930030,0.135124,-0.341497,0.012408,-0.889426,0.040815,0.446465,-0.081535,-0.922953,-0.076913,-0.273543,0.259509,0.000000,0.000000,0.000000,1.000000,0.000000,0.000000,0.000000
0.000000,0.000000,0.000000,1.000000,0.000000,0.000000,0.000000,0.197396,0.000000,0.293479,-0.138418,0.930044,-0.134703,-0.341663,0.011261,0.894810,-0.040236,0.435363,-0.082938,0.922162,0.077739,-0.273308,0.262297,-0.930044,0.134703,-0.341663,0.011261,-0.894810,0.040236,0.435363,-0.082938,-0.922162,-0.077739,-0.273308,0.262297,0.000000,0.000000,0.000000,1.000000,0.000000,0.000000,0.000000
0.000000,0.000000,0.000000,1.000000,0.000000,0.000000,0.000000,0.197396,0.000000,0.293479,-0.138418,0.930057,-0.134250,-0.341841,0.010029,0.900049,-0.039646,0.424199,-0.084375,0.921329,0.078598,-0.273061,0.265194,-0.930057,0.134250,-0.341841,0.010029,-0.900049,0.039646,0.424199,-0.084375,-0.921329,-0.078598,-0.273061,0.265194,0.000000,0.000000,0.000000,1.000000,0.000000,0.000000,0.000000
0.000000,0.000000,0.000000,1.000000,0.000000,0.000000,0.000000,0.197396,0.000000,0.293479,-0.138418,0.930069,-0.133763,-0.342031,0.008706,0.905142,-0.039045,0.412973,-0.085852,0.920451,0.079492,-0.272801,0.268214,-0.930069,0.133763,-0.342031,0.008706,-0.905142,0.039045,0.412973,-0.085852,-0.920451,-0.079492,-0.272801,0.268214,0.000000,0.000000,0.000000,1.000000,0.000000,0.000000,0.000000
0.000000,0.000000,0.000000,1.000000,0.000000,0.000000,0.000000,0.197396,0.000000,0.293479,-0.138418,0.930080,-0.133239,-0.342235,0.007282,0.910088,-0.038433,0.401688,-0.087371,0.919522,0.080427,-0.272526,0.271366,-0.930080,0.133239,-0.342235,0.007282,-0.910088,0.038433,0.401688,-0.087371,-0.919522,-0.080427,-0.272526,0.271366,0.000000,0.000000,0.000000,1.000000,0.000000,0.000000,0.000000
0.000000,0.000000,0.000000,1.000000,0.000000,0.000000,0.000000,0.197396,0.000000,0.293479,-0.138418,0.930089,-0.132675,-0.342454,0.005749,0.914885,-0.037810,0.390347,-0.088937,0.918538,0.081404,-0.272234,0.274665,-0.930089,0.132675,-0.342454,0.005749,-0.914885,0.037810,0.390347,-0.088937,-0.918538,-0.081404,-0.272234,0.274665,0.000000,0.000000,0.000000,1.000000,0.000000,0.000000,0.000000
0.000000,0.000000,0.000000,1.000000,0.000000,0.000000,0.000000,0.197396,0.000000,0.293479,-0.138418,0.930096,-0.132066,-0.342688,0.004098,0.919531,-0.037178,0.378951,-0.090556,0.917490,0.082430,-0.271923,0.278124,-0.930096,0.132066,-0.342688,0.004098,-0.919531,0.037178,0.378951,-0.090556,-0.917490,-0.082430,-0.271923,0.278124,0.000000,0.000000,0.000000,1.000000,0.000000,0.000000,0.000000
0.000000,0.000000,0.000000,1.000000,0.000000,0.000000,0.000000,0.197396,0.000000,0.293479,-0.138418,0.930100,-0.131409,-0.342939,0.002316,0.924026,-0.036535,0.367504,-0.092234,0.916373,0.083508,-0.271592,0.281762,-0.930100,0.131409,-0.342939,0.002316,-0.924026,0.036535,0.367504,-0.092234,-0.916373,-0.083508,-0.271592,0.281762,0.000000,0.000000,0.000000,1.000000,0.000000,0.000000,0.000000
0.000000,0.000000,0.000000,1.000000,0.000000,0.000000,0.000000,0.197396,0.000000,0.293479,-0.138418,0.930101,-0.130699,-0.343210,0.000391,0.928366,-0.035882,0.356007,-0.093978,0.915177,0.084645,-0.271238,0.285597,-0.930101,0.130699,-0.343210,0.000391,-0.928366,0.035882,0.356007,-0.093978,-0.915177,-0.084645,-0.271238,0.285597,0.000000,0.000000,0.000000,1.000000,0.000000,0.000000,0.000000
0.000000,0.000000,0.000000,1.000000,0.000000,0.000000,0.000000,0.197396,0.000000,0.293479,-0.138418,0.930096,-0.129929,-0.343501,-0.001692,0.932551,-0.035220,0.344463,-0.095796,0.913893,0.085846,-0.270857,0.289651,-0.930096,0.129929,-0.343501,-0.001692,-0.932551,0.035220,0.344463,-0.095796,-0.913893,-0.085846,-0.270857,0.289651,0.000000,0.000000,0.000000,1.000000,0.000000,0.000000,0.000000
0.000000,0.000000,0.000000,1.000000,0.000000,0.000000,0.000000,0.197396,0.000000,0.293479,-0.138418,0.930086,-0.129094,-0.343814,-0.003951,0.936579,-0.034549,0.332875,-0.097696,0.912509,0.087119,-0.270447,0.293948,-0.930086,0.129094,-0.343814,-0.003951,-0.936579,0.034549,0.332875,-0.097696,-0.912509,-0.087119,-0.270447,0.293948,0.000000,0.000000,0.000000,1.000000,0.000000,0.000000,0.000000
0.000000,0.000000,0.000000,1.000000,0.000000,0.000000,0.000000,0.197396,0.000000,0.293479,-0.138418,0.930068,-0.128186,-0.344152,-0.006406,0.940446,-0.033869,0.321245,-0.099691,0.911011,0.088473,-0.270003,0.298516,-0.930068,0.128186,-0.344152,-0.006406,-0.940446,0.033869,0.321245,-0.099691,-0.911011,-0.088473,-0.270003,0.298516,0.000000,0.000000,0.000000,1.000000,0.000000,0.000000,0.000000
0.000000,0.000000,0.000000,1.000000,0.000000,0.000000,0.000000,0.197396,0.000000,0.293479,-0.138418,0.930040,-0.127195,-0.344517,-0.009080,0.944151,-0.033180,0.309578,-0.101791,0.909384,0.089918,-0.269521,0.303389,-0.930040,0.127195,-0.344517,-0.009080,-0.944151,0.033180,0.309578,-0.101791,-0.909384,-0.089918,-0.269521,0.303389,0.000000,0.000000,0.000000,1.000000,0.000000,0.000000,0.000000
0.000000,0.000000,0.000000,1.000000,0.000000,0.000000,0.000000,0.197396,0.000000,0.293479,-0.138418,0.930000,-0.126112,-0.344912,-0.011999,0.947691,-0.032483,0.297875,-0.104011,0.907608,0.091464,-0.268995,0.308605,-0.930000,0.126112,-0.344912,-0.011999,-0.947691,0.032483,0.297875,-0.104011,-0.907608,-0.091464,-0.268995,0.308605,0.000000,0.000000,0.000000,1.000000,0.000000,0.000000,0.000000
0.000000,0.000000,0.000000,1.000000,0.000000,0.000000,0.000000,0.197396,0.000000,0.293479,-0.138418,0.929960,-0.125101,-0.345280,-0.014725,0.950803,-0.031852,0.287325,-0.106057,0.905952,0.092895,-0.268504,0.313436,-0.929960,0.125101,-0.345280,-0.014725,-0.950803,0.031852,0.287325,-0.106057,-0.905952,-0.092895,-0.268504,0.313436,0.000000,0.000000,0.000000,1.000000,0.000000,0.000000,0.000000
0.000000,0.000000,0.000000,1.000000,0.000000,0.000000,0.000000,0.197396,0.000000,0.293479,-0.138418,0.929921,-0.124166,-0.345618,-0.017241,0.953504,-0.031287,0.277933,-0.107920,0.904424,0.094207,-0.268051,0.317860,-0.929921,0.124166,-0.345618,-0.017241,-0.953504,0.031287,0.277933,-0.107920,-0.904424,-0.094207,-0.268051,0.317860,0.000000,0.000000,0.000000,1.000000,0.000000,0.000000,0.000000
0.000000,0.000000,0.000000,1.000000,0.000000,0.000000,0.000000,0.197396,0.000000,0.293479,-0.138418,0.929882,-0.123316,-0.345925,-0.019529,0.955809,-0.030791,0.269704,-0.109594,0.903035,0.095390,-0.267639,0.321852,-0.929882,0.123316,-0.345925,-0.019529,-0.955809,0.030791,0.269704,-0.109594,-0.903035,-0.095390,-0.267639,0.321852,0.000000,0.000000,0.000000,1.000000,0.000000,0.000000,0.000000
0.000000,0.000000,0.000000,1.000000,0.000000,0.000000,0.000000,0.197396,0.000000,0.293479,-0.138418,0.929845,-0.122558,-0.346198,-0.021571,0.957735,-0.030362,0.262640,-0.111068,0.901795,0.096437,-0.267272,0.325387,-0.929845,0.122558,-0.346198,-0.021571,-0.957735,0.030362,0.262640,-0.111068,-0.901795,-0.096437,-0.267272,0.325387,0.000000,0.000000,0.000000,1.000000,0.000000,0.000000,0.000000
