0,0,0,0,0,0,0,0.47678731299858235,0,0.5932733129985823,0.13962634015954636,0.3173046564050921,0.,-0.9483236552061993,0.,0,0,0,0,0,0,0,0,0,0,0,0,0,0,0,0,0,0,0,0,0,0,0,0,0,0,0
0,0,0,0,0,0,0,0.47678731299858235,0,0.5932733129985823,0.13934551202056963,0.3174378112602673,0.,-0.9482790918196451,0.,0,0,0,0,0,0,0,0,0,0,0,0,0,0,0,0,0,0,0,0,0,0,0,0,0,0,0
0,0,0,0,0,0,0,0.47678731299858235,0,0.5932733129985823,0.13850415725358303,0.31783670272727044,0.,-0.9481454690075024,0.,0,0,0,0,0,0,0,0,0,0,0,0,0,0,0,0,0,0,0,0,0,0,0,0,0,0,0
0,0,0,0,0,0,0,0.47678731299858235,0,0.5932733129985823,0.1371056602643249,0.31849961426225587,0.,-0.947922990392571,0.,0,0,0,0,0,0,0,0,0,0,0,0,0,0,0,0,0,0,0,0,0,0,0,0,0,0,0
0,0,0,0,0,0,0,0.47678731299858235,0,0.5932733129985823,0.13515564660033033,0.3194236941187035,0.,-0.9476120005759535,0.,0,0,0,0,0,0,0,0,0,0,0,0,0,0,0,0,0,0,0,0,0,0,0,0,0,0,0
0,0,0,0,0,0,0,0.47678731299858235,0,0.5932733129985823,0.13266196032179045,0.3206049690433248,0.,-0.9472129928504617,0.,0,0,0,0,0,0,0,0,0,0,0,0,0,0,0,0,0,0,0,0,0,0,0,0,0,0,0
0,0,0,0,0,0,0,0.47678731299858235,0,0.5932733129985823,0.12963463244829646,0.3220383633619819,0.,-0.9467266197393713,0.,0,0,0,0,0,0,0,0,0,0,0,0,0,0,0,0,0,0,0,0,0,0,0,0,0,0,0
0,0,0,0,0,0,0,0.47678731299858235,0,0.5932733129985823,0.12608584060839342,0.32371772336616994,0.,-0.9461537061062668,0.,0,0,0,0,0,0,0,0,0,0,0,0,0,0,0,0,0,0,0,0,0,0,0,0,0,0,0
0,0,0,0,0,0,0,0.47678731299858235,0,0.5932733129985823,0.1220298600542562,0.3256358468835916,0.,-0.9454952645171768,0.,0,0,0,0,0,0,0,0,0,0,0,0,0,0,0,0,0,0,0,0,0,0,0,0,0,0,0
0,0,0,0,0,0,0,0.47678731299858235,0,0.5932733129985823,0.11748300623853428,0.32778451788840895,0.,-0.9447525124775606,0.,0,0,0,0,0,0,0,0,0,0,0,0,0,0,0,0,0,0,0,0,0,0,0,0,0,0,0
0,0,0,0,0,0,0,0.47678731299858235,0,0.5932733129985823,0.11246356918435377,0.3301545459778795,0.,-0.9439268911150589,0.,0,0,0,0,0,0,0,0,0,0,0,0,0,0,0,0,0,0,0,0,0,0,0,0,0,0,0
0,0,0,0,0,0,0,0.47678731299858235,0,0.5932733129985823,0.10699173991247803,0.33273581051236323,0.,-0.9430200848352492,0.,0,0,0,0,0,0,0,0,0,0,0,0,0,0,0,0,0,0,0,0,0,0,0,0,0,0,0
0,0,0,0,0,0,0,0.47678731299858235,0,0.5932733129985823,0.10108952922157818,0.33551730918530237,0.,-0.9420340414427996,0.,0,0,0,0,0,0,0,0,0,0,0,0,0,0,0,0,0,0,0,0,0,0,0,0,0,0,0
0,0,0,0,0,0,0,0.47678731299858235,0,0.5932733129985823,0.09478067914832555,0.3384872107590447,0.,-0.9409709921950634,0.,0,0,0,0,0,0,0,0,0,0,0,0,0,0,0,0,0,0,0,0,0,0,0,0,0,0,0
0,0,0,0,0,0,0,0.47678731299858235,0,0.5932733129985823,0.08809056746346355,0.34163291167169535,0.,-0.939833471239836,0.,0,0,0,0,0,0,0,0,0,0,0,0,0,0,0,0,0,0,0,0,0,0,0,0,0,0,0
0,0,0,0,0,0,0,0.47678731299858235,0,0.5932733129985823,0.08104610558803,0.34494109619003943,0.,-0.9386243338840167,0.,0,0,0,0,0,0,0,0,0,0,0,0,0,0,0,0,0,0,0,0,0,0,0,0,0,0,0
0,0,0,0,0,0,0,0.47678731299858235,0,0.5932733129985823,0.07367563034036902,0.34839779975457974,0.,-0.9373467731454393,0.,0,0,0,0,0,0,0,0,0,0,0,0,0,0,0,0,0,0,0,0,0,0,0,0,0,0,0
0,0,0,0,0,0,0,0.47678731299858235,0,0.5932733129985823,0.06600878994938646,0.35198847513549125,0.,-0.9360043340560938,0.,0,0,0,0,0,0,0,0,0,0,0,0,0,0,0,0,0,0,0,0,0,0,0,0,0,0,0
0,0,0,0,0,0,0,0.47678731299858235,0,0.5932733129985823,0.05807642479256948,0.3556980609935205,0.,-0.9346009252111029,0.,0,0,0,0,0,0,0,0,0,0,0,0,0,0,0,0,0,0,0,0,0,0,0,0,0,0,0
0,0,0,0,0,0,0,0.47678731299858235,0,0.5932733129985823,0.04991044333850821,0.3595110524182352,0.,-0.9331408270937098,0.,0,0,0,0,0,0,0,0,0,0,0,0,0,0,0,0,0,0,0,0,0,0,0,0,0,0,0
0,0,0,0,0,0,0,0.47678731299858235,0,0.5932733129985823,0.04154369379295019,0.3634115729982497,0.,-0.9316286967515212,0.,0,0,0,0,0,0,0,0,0,0,0,0,0,0,0,0,0,0,0,0,0,0,0,0,0,0,0
0,0,0,0,0,0,0,0.47678731299858235,0,0.5932733129985823,0.03300983196469878,0.3673834479647661,0.,-0.930069568452554,0.,0,0,0,0,0,0,0,0,0,0,0,0,0,0,0,0,0,0,0,0,0,0,0,0,0,0,0
0,0,0,0,0,0,0,0.47678731299858235,0,0.5932733129985823,0.024343185882874742,0.3714102779415538,0.,-0.9284688500102617,0.,0,0,0,0,0,0,0,0,0,0,0,0,0,0,0,0,0,0,0,0,0,0,0,0,0,0,0
0,0,0,0,0,0,0,0.47678731299858235,0,0.5932733129985823,0.015578617710126592,0.37547551283183284,0.,-0.9268323145335795,0.,0,0,0,0,0,0,0,0,0,0,0,0,0,0,0,0,0,0,0,0,0,0,0,0,0,0,0
0,0,0,0,0,0,0,0.47678731299858235,0,0.5932733129985823,0.006751383507253098,0.379562525375794,0.,-0.9251660874299003,0.,0,0,0,0,0,0,0,0,0,0,0,0,0,0,0,0,0,0,0,0,0,0,0,0,0,0,0
0,0,0,0,0,0,0,0.47678731299858235,0,0.5932733129985823,-0.0021030085866557933,0.38365468392191787,0.,-0.9234766285644554,0.,0,0,0,0,0,0,0,0,0,0,0,0,0,0,0,0,0,0,0,0,0,0,0,0,0,0,0
0,0,0,0,0,0,0,0.47678731299858235,0,0.5932733129985823,-0.010948941188079672,0.3877354239709169,0.,-0.9217707095574763,0.,0,0,0,0,0,0,0,0,0,0,0,0,0,0,0,0,0,0,0,0,0,0,0,0,0,0,0
0,0,0,0,0,0,0,0.47678731299858235,0,0.5932733129985823,-0.01975083094237169,0.39178831807293,0.,-0.9200553862793178,0.,0,0,0,0,0,0,0,0,0,0,0,0,0,0,0,0,0,0,0,0,0,0,0,0,0,0,0
0,0,0,0,0,0,0,0.47678731299858235,0,0.5932733129985823,-0.02847327166017887,0.395797143686306,0.,-0.9183379666820716,0.,0,0,0,0,0,0,0,0,0,0,0,0,0,0,0,0,0,0,0,0,0,0,0,0,0,0,0
0,0,0,0,0,0,0,0.47678731299858235,0,0.5932733129985823,-0.03708117674120333,0.3997459486394654,0.,-0.9166259741826728,0.,0,0,0,0,0,0,0,0,0,0,0,0,0,0,0,0,0,0,0,0,0,0,0,0,0,0,0
0,0,0,0,0,0,0,0.47678731299858235,0,0.5932733129985823,-0.045539920312395225,0.4036191138753781,0.,-0.9149271068858188,0.,0,0,0,0,0,0,0,0,0,0,0,0,0,0,0,0,0,0,0,0,0,0,0,0,0,0,0
0,0,0,0,0,0,0,0.47678731299858235,0,0.5932733129985823,-0.05381547651283934,0.4074014132003549,0.,-0.9132491930039434,0.,0,0,0,0,0,0,0,0,0,0,0,0,0,0,0,0,0,0,0,0,0,0,0,0,0,0,0
0,0,0,0,0,0,0,0.47678731299858235,0,0.5932733129985823,-0.061874556365053214,0.4110780698043049,0.,-0.9116001428948808,0.,0,0,0,0,0,0,0,0,0,0,0,0,0,0,0,0,0,0,0,0,0,0,0,0,0,0,0
0,0,0,0,0,0,0,0.47678731299858235,0,0.5932733129985823,-0.06968474168212203,0.4146348093673214,0.,-0.9099878981947644,0.,0,0,0,0,0,0,0,0,0,0,0,0,0,0,0,0,0,0,0,0,0,0,0,0,0,0,0
0,0,0,0,0,0,0,0.47678731299858235,0,0.5932733129985823,-0.07721461547202048,0.41805790961643063,0.,-0.9084203785732354,0.,0,0,0,0,0,0,0,0,0,0,0,0,0,0,0,0,0,0,0,0,0,0,0,0,0,0,0
0,0,0,0,0,0,0,0.47678731299858235,0,0.5932733129985823,-0.0844338883145614,0.42133424624539983,0.,-0.9069054266795523,0.,0,0,0,0,0,0,0,0,0,0,0,0,0,0,0,0,0,0,0,0,0,0,0,0,0,0,0
0,0,0,0,0,0,0,0.47678731299858235,0,0.5932733129985823,-0.09131352020261115,0.42445133515856937,0.,-0.9054507518811323,0.,0,0,0,0,0,0,0,0,0,0,0,0,0,0,0,0,0,0,0,0,0,0,0,0,0,0,0
0,0,0,0,0,0,0,0.47678731299858235,0,0.5932733129985823,-0.09782583735745785,0.42739737104560593,0.,-0.9040638734200724,0.,0,0,0,0,0,0,0,0,0,0,0,0,0,0,0,0,0,0,0,0,0,0,0,0,0,0,0
0,0,0,0,0,0,0,0.47678731299858235,0,0.5932733129985823,-0.1039446435484342,0.43016126233682067,0.,-0.9027520636280999,0.,0,0,0,0,0,0,0,0,0,0,0,0,0,0,0,0,0,0,0,0,0,0,0,0,0,0,0
0,0,0,0,0,0,0,0.47678731299858235,0,0.5932733129985823,-0.10964532546900495,0.4327326626272543,0.,-0.9015222918461456,0.,0,0,0,0,0,0,0,0,0,0,0,0,0,0,0,0,0,0,0,0,0,0,0,0,0,0,0
0,0,0,0,0,0,0,0.47678731299858235,0,0.5932733129985823,-0.11490495174543618,0.43510199869123933,0.,-0.9003811696914196,0.,0,0,0,0,0,0,0,0,0,0,0,0,0,0,0,0,0,0,0,0,0,0,0,0,0,0,0
0,0,0,0,0,0,0,0.47678731299858235,0,0.5932733129985823,-0.11970236517977742,0.43726049523685007,0.,-0.8993348983027538,0.,0,0,0,0,0,0,0,0,0,0,0,0,0,0,0,0,0,0,0,0,0,0,0,0,0,0,0
0,0,0,0,0,0,0,0.47678731299858235,0,0.5932733129985823,-0.12401826785610356,0.4392001965709761,0.,-0.8983892181744035,0.,0,0,0,0,0,0,0,0,0,0,0,0,0,0,0,0,0,0,0,0,0,0,0,0,0,0,0
0,0,0,0,0,0,0,0.47678731299858235,0,0.5932733129985823,-0.12783529876767027,0.4409139853602755,0.,-0.897549362159942,0.,0,0,0,0,0,0,0,0,0,0,0,0,0,0,0,0,0,0,0,0,0,0,0,0,0,0,0
0,0,0,0,0,0,0,0.47678731299858235,0,0.5932733129985823,-0.1311381036527231,0.44239559868078787,0.,-0.8968200121918931,0.,0,0,0,0,0,0,0,0,0,0,0,0,0,0,0,0,0,0,0,0,0,0,0,0,0,0,0
0,0,0,0,0,0,0,0.47678731299858235,0,0.5932733129985823,-0.13391339675804081,0.4436396415494576,0.,-0.896205260219928,0.,0,0,0,0,0,0,0,0,0,0,0,0,0,0,0,0,0,0,0,0,0,0,0,0,0,0,0
0,0,0,0,0,0,0,0.47678731299858235,0,0.5932733129985823,-0.13615001428176496,0.44464159812443455,0.,-0.8957085738215018,0.,0,0,0,0,0,0,0,0,0,0,0,0,0,0,0,0,0,0,0,0,0,0,0,0,0,0,0
0,0,0,0,0,0,0,0.47678731299858235,0,0.5932733129985823,-0.13783895928053838,0.4453978407481219,0.,-0.8953327668844197,0.,0,0,0,0,0,0,0,0,0,0,0,0,0,0,0,0,0,0,0,0,0,0,0,0,0,0,0
0,0,0,0,0,0,0,0.47678731299858235,0,0.5932733129985823,-0.13897343786031077,0.44590563698809144,0.,-0.8950799757017495,0.,0,0,0,0,0,0,0,0,0,0,0,0,0,0,0,0,0,0,0,0,0,0,0,0,0,0,0
0,0,0,0,0,0,0,0.47678731299858235,0,0.5932733129985823,-0.13954888650523115,0.44616315480688185,0.,-0.8949516407565106,0.,0,0,0,0,0,0,0,0,0,0,0,0,0,0,0,0,0,0,0,0,0,0,0,0,0,0,0
0,0,0,0,0,0,0,0.47678731299858235,0,0.5932733129985823,-0.1395629904346951,0.44616946596319534,0.,-0.8949484944074252,0.,0,0,0,0,0,0,0,0,0,0,0,0,0,0,0,0,0,0,0,0,0,0,0,0,0,0,0
0,0,0,0,0,0,0,0.47678731299858235,0,0.5932733129985823,-0.1390156929147045,0.44592454771510004,0.,-0.8950705546185079,0.,0,0,0,0,0,0,0,0,0,0,0,0,0,0,0,0,0,0,0,0,0,0,0,0,0,0,0
0,0,0,0,0,0,0,0.47678731299858235,0,0.5932733129985823,-0.13790919548608366,0.4454292828615883,0.,-0.8953171248051783,0.,0,0,0,0,0,0,0,0,0,0,0,0,0,0,0,0,0,0,0,0,0,0,0,0,0,0,0
0,0,0,0,0,0,0,0.47678731299858235,0,0.5932733129985823,-0.13624794910863441,0.4446854581233859,0.,-0.8956867997986765,0.,0,0,0,0,0,0,0,0,0,0,0,0,0,0,0,0,0,0,0,0,0,0,0,0,0,0,0
0,0,0,0,0,0,0,0.47678731299858235,0,0.5932733129985823,-0.13403863625685297,0.44369576082842505,0.,-0.8961774778596509,0.,0,0,0,0,0,0,0,0,0,0,0,0,0,0,0,0,0,0,0,0,0,0,0,0,0,0,0
0,0,0,0,0,0,0,0.47678731299858235,0,0.5932733129985823,-0.1312901440392301,0.4424637738330451,0.,-0.8967863786016266,0.,0,0,0,0,0,0,0,0,0,0,0,0,0,0,0,0,0,0,0,0,0,0,0,0,0,0,0
0,0,0,0,0,0,0,0.47678731299858235,0,0.5932733129985823,-0.1280135284492637,0.44099396857793643,0.,-0.8975100666164597,0.,0,0,0,0,0,0,0,0,0,0,0,0,0,0,0,0,0,0,0,0,0,0,0,0,0,0,0
0,0,0,0,0,0,0,0.47678731299858235,0,0.5932733129985823,-0.1242219698919865,0.43929169614914654,0.,-0.8983444805276013,0.,0,0,0,0,0,0,0,0,0,0,0,0,0,0,0,0,0,0,0,0,0,0,0,0,0,0,0
0,0,0,0,0,0,0,0.47678731299858235,0,0.5932733129985823,-0.11993072016490672,0.437363176190118,0.,-0.8992849671338289,0.,0,0,0,0,0,0,0,0,0,0,0,0,0,0,0,0,0,0,0,0,0,0,0,0,0,0,0
0,0,0,0,0,0,0,0.47678731299858235,0,0.5932733129985823,-0.11515704110663388,0.43521548349160016,0.,-0.9003263202468162,0.,0,0,0,0,0,0,0,0,0,0,0,0,0,0,0,0,0,0,0,0,0,0,0,0,0,0,0
0,0,0,0,0,0,0,0.47678731299858235,0,0.5932733129985823,-0.1099201351599804,0.4328565320730631,0.,-0.9014628237712753,0.,0,0,0,0,0,0,0,0,0,0,0,0,0,0,0,0,0,0,0,0,0,0,0,0,0,0,0
0,0,0,0,0,0,0,0.47678731299858235,0,0.5932733129985823,-0.10424106812885285,0.4302950565625212,0.,-0.9026882985271587,0.,0,0,0,0,0,0,0,0,0,0,0,0,0,0,0,0,0,0,0,0,0,0,0,0,0,0,0
0,0,0,0,0,0,0,0.47678731299858235,0,0.5932733129985823,-0.09814268443964883,0.4275405906817969,0.,-0.9039961522702739,0.,0,0,0,0,0,0,0,0,0,0,0,0,0,0,0,0,0,0,0,0,0,0,0,0,0,0,0
0,0,0,0,0,0,0,0.47678731299858235,0,0.5932733129985823,-0.0916495152480264,0.424603442651423,0.,-0.905379432331307,0.,0,0,0,0,0,0,0,0,0,0,0,0,0,0,0,0,0,0,0,0,0,0,0,0,0,0,0
0,0,0,0,0,0,0,0.47678731299858235,0,0.5932733129985823,-0.08478767976069193,0.42149466734355157,0.,-0.906830880264313,0.,0,0,0,0,0,0,0,0,0,0,0,0,0,0,0,0,0,0,0,0,0,0,0,0,0,0,0
0,0,0,0,0,0,0,0.47678731299858235,0,0.5932733129985823,-0.07758478016914705,0.4182260350322335,0.,-0.9083429878747439,0.,0,0,0,0,0,0,0,0,0,0,0,0,0,0,0,0,0,0,0,0,0,0,0,0,0,0,0
0,0,0,0,0,0,0,0.47678731299858235,0,0.5932733129985823,-0.07006979061802963,0.41480999661782475,0.,-0.9099080539845332,0.,0,0,0,0,0,0,0,0,0,0,0,0,0,0,0,0,0,0,0,0,0,0,0,0,0,0,0
0,0,0,0,0,0,0,0.47678731299858235,0,0.5932733129985823,-0.062272940654682564,0.4112596452355036,0.,-0.9115182412879995,0.,0,0,0,0,0,0,0,0,0,0,0,0,0,0,0,0,0,0,0,0,0,0,0,0,0,0,0
0,0,0,0,0,0,0,0.47678731299858235,0,0.5932733129985823,-0.05422559362878012,0.4075886741962141,0.,-0.9131656326576096,0.,0,0,0,0,0,0,0,0,0,0,0,0,0,0,0,0,0,0,0,0,0,0,0,0,0,0,0
0,0,0,0,0,0,0,0.47678731299858235,0,0.5932733129985823,-0.04596012053115972,0.40381133125090857,0.,-0.9148422862730871,0.,0,0,0,0,0,0,0,0,0,0,0,0,0,0,0,0,0,0,0,0,0,0,0,0,0,0,0
0,0,0,0,0,0,0,0.47678731299858235,0,0.5932733129985823,-0.03750976977934926,0.399942369214755,0.,-0.9165402889709151,0.,0,0,0,0,0,0,0,0,0,0,0,0,0,0,0,0,0,0,0,0,0,0,0,0,0,0,0
0,0,0,0,0,0,0,0.47678731299858235,0,0.5932733129985823,-0.02890853347358765,0.39599699303596647,0.,-0.9182518072437825,0.,0,0,0,0,0,0,0,0,0,0,0,0,0,0,0,0,0,0,0,0,0,0,0,0,0,0,0
0,0,0,0,0,0,0,0.47678731299858235,0,0.5932733129985823,-0.020191010661330812,0.39199080344295084,0.,-0.9199691353606109,0.,0,0,0,0,0,0,0,0,0,0,0,0,0,0,0,0,0,0,0,0,0,0,0,0,0,0,0
0,0,0,0,0,0,0,0.47678731299858235,0,0.5932733129985823,-0.011392268160272995,0.38793973735247383,0.,-0.9216847401269556,0.,0,0,0,0,0,0,0,0,0,0,0,0,0,0,0,0,0,0,0,0,0,0,0,0,0,0,0
0,0,0,0,0,0,0,0.47678731299858235,0,0.5932733129985823,-0.0025476994997310994,0.3838600052693414,0.,-0.9233913018621203,0.,0,0,0,0,0,0,0,0,0,0,0,0,0,0,0,0,0,0,0,0,0,0,0,0,0,0,0
0,0,0,0,0,0,0,0.47678731299858235,0,0.5932733129985823,0.006307117452191403,0.3797680259536811,0.,-0.9250817512324218,0.,0,0,0,0,0,0,0,0,0,0,0,0,0,0,0,0,0,0,0,0,0,0,0,0,0,0,0
0,0,0,0,0,0,0,0.47678731299858235,0,0.5932733129985823,0.015136563602954555,0.3756803586742698,0.,-0.9267493016487102,0.,0,0,0,0,0,0,0,0,0,0,0,0,0,0,0,0,0,0,0,0,0,0,0,0,0,0,0
0,0,0,0,0,0,0,0.47678731299858235,0,0.5932733129985823,0.023905121915760028,0.37161363340461084,0.,-0.92838747700937,0.,0,0,0,0,0,0,0,0,0,0,0,0,0,0,0,0,0,0,0,0,0,0,0,0,0,0,0
0,0,0,0,0,0,0,0.47678731299858235,0,0.5932733129985823,0.03257752027920431,0.3675844793518905,0.,-0.9299901346463841,0.,0,0,0,0,0,0,0,0,0,0,0,0,0,0,0,0,0,0,0,0,0,0,0,0,0,0,0
0,0,0,0,0,0,0,0.47678731299858235,0,0.5932733129985823,0.04111887339170195,0.36360945223692714,0.,-0.9315514834103168,0.,0,0,0,0,0,0,0,0,0,0,0,0,0,0,0,0,0,0,0,0,0,0,0,0,0,0,0
0,0,0,0,0,0,0,0.47678731299858235,0,0.5932733129985823,0.04949482308994109,0.35970496076534086,0.,-0.9330660969088977,0.,0,0,0,0,0,0,0,0,0,0,0,0,0,0,0,0,0,0,0,0,0,0,0,0,0,0,0
0,0,0,0,0,0,0,0.47678731299858235,0,0.5932733129985823,0.05767167655688953,0.35588719274614394,0.,-0.9345289219918606,0.,0,0,0,0,0,0,0,0,0,0,0,0,0,0,0,0,0,0,0,0,0,0,0,0,0,0,0
0,0,0,0,0,0,0,0.47678731299858235,0,0.5932733129985823,0.06561654185340206,0.35217204132369234,0.,-0.9359352826504104,0.,0,0,0,0,0,0,0,0,0,0,0,0,0,0,0,0,0,0,0,0,0,0,0,0,0,0,0
0,0,0,0,0,0,0,0.47678731299858235,0,0.5932733129985823,0.07329746022824182,0.3485750317925139,0.,-0.9372808795717791,0.,0,0,0,0,0,0,0,0,0,0,0,0,0,0,0,0,0,0,0,0,0,0,0,0,0,0,0
0,0,0,0,0,0,0,0.47678731299858235,0,0.5932733129985823,0.08068353467429132,0.3451112494621604,0.,-0.9385617856564726,0.,0,0,0,0,0,0,0,0,0,0,0,0,0,0,0,0,0,0,0,0,0,0,0,0,0,0,0
0,0,0,0,0,0,0,0.47678731299858235,0,0.5932733129985823,0.08774505421382739,0.3417952690312786,0.,-0.9397744378667872,0.,0,0,0,0,0,0,0,0,0,0,0,0,0,0,0,0,0,0,0,0,0,0,0,0,0,0,0
0,0,0,0,0,0,0,0.47678731299858235,0,0.5932733129985823,0.0944536134129131,0.33864108591705944,0.,-0.9409156258288597,0.,0,0,0,0,0,0,0,0,0,0,0,0,0,0,0,0,0,0,0,0,0,0,0,0,0,0,0
0,0,0,0,0,0,0,0.47678731299858235,0,0.5932733129985823,0.10078222664415247,0.335662049968645,0.,-0.9419824776559524,0.,0,0,0,0,0,0,0,0,0,0,0,0,0,0,0,0,0,0,0,0,0,0,0,0,0,0,0
0,0,0,0,0,0,0,0.47678731299858235,0,0.5932733129985823,0.10670543663817932,0.332870801971635,0.,-0.9429724434970306,0.,0,0,0,0,0,0,0,0,0,0,0,0,0,0,0,0,0,0,0,0,0,0,0,0,0,0,0
0,0,0,0,0,0,0,0.47678731299858235,0,0.5932733129985823,0.11219941688722312,0.330279213326197,0.,-0.9438832773413397,0.,0,0,0,0,0,0,0,0,0,0,0,0,0,0,0,0,0,0,0,0,0,0,0,0,0,0,0
0,0,0,0,0,0,0,0.47678731299858235,0,0.5932733129985823,0.11724206748882786,0.32789832925415563,0.,-0.9447130176261642,0.,0,0,0,0,0,0,0,0,0,0,0,0,0,0,0,0,0,0,0,0,0,0,0,0,0,0,0
0,0,0,0,0,0,0,0.47678731299858235,0,0.5932733129985823,0.12181310404418523,0.32573831586150437,0.,-0.9454599672009972,0.,0,0,0,0,0,0,0,0,0,0,0,0,0,0,0,0,0,0,0,0,0,0,0,0,0,0,0
0,0,0,0,0,0,0,0.47678731299858235,0,0.5932733129985823,0.125894139253484,0.32380841135268323,0.,-0.9461226731969018,0.,0,0,0,0,0,0,0,0,0,0,0,0,0,0,0,0,0,0,0,0,0,0,0,0,0,0,0
0,0,0,0,0,0,0,0.47678731299858235,0,0.5932733129985823,0.12946875688005116,0.3221168816623043,0.,-0.9466999073350293,0.,0,0,0,0,0,0,0,0,0,0,0,0,0,0,0,0,0,0,0,0,0,0,0,0,0,0,0
0,0,0,0,0,0,0,0.47678731299858235,0,0.5932733129985823,0.13252257778576018,0.32067098073925476,0.,-0.9471906471834086,0.,0,0,0,0,0,0,0,0,0,0,0,0,0,0,0,0,0,0,0,0,0,0,0,0,0,0,0
0,0,0,0,0,0,0,0.47678731299858235,0,0.5932733129985823,0.13504331777207465,0.3194769156877068,0.,-0.947594058836731,0.,0,0,0,0,0,0,0,0,0,0,0,0,0,0,0,0,0,0,0,0,0,0,0,0,0,0,0
0,0,0,0,0,0,0,0.47678731299858235,0,0.5932733129985823,0.1370208369940571,0.31853981693979744,0.,-0.9479094814506078,0.,0,0,0,0,0,0,0,0,0,0,0,0,0,0,0,0,0,0,0,0,0,0,0,0,0,0,0
0,0,0,0,0,0,0,0.47678731299858235,0,0.5932733129985823,0.13844718074857254,0.31786371360582455,0.,-0.9481364140105127,0.,0,0,0,0,0,0,0,0,0,0,0,0,0,0,0,0,0,0,0,0,0,0,0,0,0,0,0
0,0,0,0,0,0,0,0.47678731299858235,0,0.5932733129985823,0.1393166114726129,0.3174515141198094,0.,-0.9482745046572962,0.,0,0,0,0,0,0,0,0,0,0,0,0,0,0,0,0,0,0,0,0,0,0,0,0,0,0,0
0,0,0,0,0,0,0,0.47678731299858235,0,0.5932733129985823,0.13962563182302765,0.3173049922712105,0.,-0.948323542826902,0.,0,0,0,0,0,0,0,0,0,0,0,0,0,0,0,0,0,0,0,0,0,0,0,0,0,0,0