0.000000,0.000000,0.000000,1.000000,0.000000,0.000000,0.000000,0.197396,0.000000,-0.380915,-0.054681,-0.098555,0.885052,0.012614,0.454641,-0.803740,0.047477,-0.589541,0.064727,0.931050,0.067843,-0.275942,0.228906,0.098555,-0.885052,0.012614,0.454641,0.803740,-0.047477,-0.589541,0.064727,-0.931050,-0.067843,-0.275942,0.228906,0.000000,0.000000,0.000000,1.000000,0.000000,0.000000,0.000000
0.000000,0.000000,0.000000,1.000000,0.000000,0.000000,0.000000,0.197396,0.000000,-0.380915,-0.054681,-0.098249,0.883358,0.012067,0.457927,-0.803740,0.047477,-0.589541,0.064727,0.931050,0.067843,-0.275942,0.228906,0.098249,-0.883358,0.012067,0.457927,0.803740,-0.047477,-0.589541,0.064727,-0.931050,-0.067843,-0.275942,0.228906,0.000000,0.000000,0.000000,1.000000,0.000000,0.000000,0.000000
0.000000,0.000000,0.000000,1.000000,0.000000,0.000000,0.000000,0.197396,0.000000,-0.380915,-0.054681,-0.097880,0.881311,0.011410,0.461863,-0.803740,0.047477,-0.589541,0.064727,0.931050,0.067843,-0.275942,0.228906,0.097880,-0.881311,0.011410,0.461863,0.803740,-0.047477,-0.589541,0.064727,-0.931050,-0.067843,-0.275942,0.228906,0.000000,0.000000,0.000000,1.000000,0.000000,0.000000,0.000000
0.000000,0.000000,0.000000,1.000000,0.000000,0.000000,0.000000,0.197396,0.000000,-0.380915,-0.054681,-0.097448,0.878905,0.010644,0.466445,-0.803740,0.047477,-0.589541,0.064727,0.931050,0.067843,-0.275942,0.228906,0.097448,-0.878905,0.010644,0.466445,0.803740,-0.047477,-0.589541,0.064727,-0.931050,-0.067843,-0.275942,0.228906,0.000000,0.000000,0.000000,1.000000,0.000000,0.000000,0.000000
0.000000,0.000000,0.000000,1.000000,0.000000,0.000000,0.000000,0.197396,0.000000,-0.380915,-0.054681,-0.096952,0.876136,0.009768,0.471670,-0.803740,0.047477,-0.589541,0.064727,0.931050,0.067843,-0.275942,0.228906,0.096952,-0.876136,0.009768,0.471670,0.803740,-0.047477,-0.589541,0.064727,-0.931050,-0.067843,-0.275942,0.228906,0.000000,0.000000,0.000000,1.000000,0.000000,0.000000,0.000000
0.000000,0.000000,0.000000,1.000000,0.000000,0.000000,0.000000,0.197396,0.000000,-0.380915,-0.054681,-0.096391,0.872998,0.008782,0.477537,-0.803740,0.047477,-0.589541,0.064727,0.931050,0.067843,-0.275942,0.228906,0.096391,-0.872998,0.008782,0.477537,0.803740,-0.047477,-0.589541,0.064727,-0.931050,-0.067843,-0.275942,0.228906,0.000000,0.000000,0.000000,1.000000,0.000000,0.000000,0.000000
0.000000,0.000000,0.000000,1.000000,0.000000,0.000000,0.000000,0.197396,0.000000,-0.380915,-0.054681,-0.095766,0.869488,0.007686,0.484042,-0.803740,0.047477,-0.589541,0.064727,0.931050,0.067843,-0.275942,0.228906,0.095766,-0.869488,0.007686,0.484042,0.803740,-0.047477,-0.589541,0.064727,-0.931050,-0.067843,-0.275942,0.228906,0.000000,0.000000,0.000000,1.000000,0.000000,0.000000,0.000000
0.000000,0.000000,0.000000,1.000000,0.000000,0.000000,0.000000,0.197396,0.000000,-0.380915,-0.054681,-0.095135,0.865929,0.006590,0.490519,-0.803740,0.047477,-0.589541,0.064727,0.931050,0.067843,-0.275942,0.228906,0.095135,-0.865929,0.006590,0.490519,0.803740,-0.047477,-0.589541,0.064727,-0.931050,-0.067843,-0.275942,0.228906,0.000000,0.000000,0.000000,1.000000,0.000000,0.000000,0.000000
0.000000,0.000000,0.000000,1.000000,0.000000,0.000000,0.000000,0.197396,0.000000,-0.380915,-0.054681,-0.094499,0.862321,0.005493,0.496969,-0.803740,0.047477,-0.589541,0.064727,0.931050,0.067843,-0.275942,0.228906,0.094499,-0.862321,0.005493,0.496969,0.803740,-0.047477,-0.589541,0.064727,-0.931050,-0.067843,-0.275942,0.228906,0.000000,0.000000,0.000000,1.000000,0.000000,0.000000,0.000000
0.000000,0.000000,0.000000,1.000000,0.000000,0.000000,0.000000,0.197396,0.000000,-0.380915,-0.054681,-0.093857,0.858665,0.004397,0.503391,-0.803740,0.047477,-0.589541,0.064727,0.931050,0.067843,-0.275942,0.228906,0.093857,-0.858665,0.004397,0.503391,0.803740,-0.047477,-0.589541,0.064727,-0.931050,-0.067843,-0.275942,0.228906,0.000000,0.000000,0.000000,1.000000,0.000000,0.000000,0.000000
0.000000,0.000000,0.000000,1.000000,0.000000,0.000000,0.000000,0.197396,0.000000,-0.380915,-0.054681,-0.093210,0.854960,0.003300,0.509784,-0.803740,0.047477,-0.589541,0.064727,0.931050,0.067843,-0.275942,0.228906,0.093210,-0.854960,0.003300,0.509784,0.803740,-0.047477,-0.589541,0.064727,-0.931050,-0.067843,-0.275942,0.228906,0.000000,0.000000,0.000000,1.000000,0.000000,0.000000,0.000000
0.000000,0.000000,0.000000,1.000000,0.000000,0.000000,0.000000,0.197396,0.000000,-0.380915,-0.054681,-0.092558,0.851208,0.002202,0.516149,-0.803740,0.047477,-0.589541,0.064727,0.931050,0.067843,-0.275942,0.228906,0.092558,-0.851208,0.002202,0.516149,0.803740,-0.047477,-0.589541,0.064727,-0.931050,-0.067843,-0.275942,0.228906,0.000000,0.000000,0.000000,1.000000,0.000000,0.000000,0.000000
0.000000,0.000000,0.000000,1.000000,0.000000,0.000000,0.000000,0.197396,0.000000,-0.380915,-0.054681,-0.091901,0.847407,0.001105,0.522485,-0.803740,0.047477,-0.589541,0.064727,0.931050,0.067843,-0.275942,0.228906,0.091901,-0.847407,0.001105,0.522485,0.803740,-0.047477,-0.589541,0.064727,-0.931050,-0.067843,-0.275942,0.228906,0.000000,0.000000,0.000000,1.000000,0.000000,0.000000,0.000000
0.000000,0.000000,0.000000,1.000000,0.000000,0.000000,0.000000,0.197396,0.000000,-0.380915,-0.054681,-0.091239,0.843559,0.000008,0.528791,-0.803740,0.047477,-0.589541,0.064727,0.931050,0.067843,-0.275942,0.228906,0.091239,-0.843559,0.000008,0.528791,0.803740,-0.047477,-0.589541,0.064727,-0.931050,-0.067843,-0.275942,0.228906,0.000000,0.000000,0.000000,1.000000,0.000000,0.000000,0.000000
0.000000,0.000000,0.000000,1.000000,0.000000,0.000000,0.000000,0.197396,0.000000,-0.380915,-0.054681,-0.090571,0.839663,-0.001090,0.535068,-0.803740,0.047477,-0.589541,0.064727,0.931050,0.067843,-0.275942,0.228906,0.090571,-0.839663,-0.001090,0.535068,0.803740,-0.047477,-0.589541,0.064727,-0.931050,-0.067843,-0.275942,0.228906,0.000000,0.000000,0.000000,1.000000,0.000000,0.000000,0.000000
0.000000,0.000000,0.000000,1.000000,0.000000,0.000000,0.000000,0.197396,0.000000,-0.380915,-0.054681,-0.089898,0.835720,-0.002187,0.541315,-0.803740,0.047477,-0.589541,0.064727,0.931050,0.067843,-0.275942,0.228906,0.089898,-0.835720,-0.002187,0.541315,0.803740,-0.047477,-0.589541,0.064727,-0.931050,-0.067843,-0.275942,0.228906,0.000000,0.000000,0.000000,1.000000,0.000000,0.000000,0.000000
0.000000,0.000000,0.000000,1.000000,0.000000,0.000000,0.000000,0.197396,0.000000,-0.380915,-0.054681,-0.089221,0.831730,-0.003284,0.547531,-0.803740,0.047477,-0.589541,0.064727,0.931050,0.067843,-0.275942,0.228906,0.089221,-0.831730,-0.003284,0.547531,0.803740,-0.047477,-0.589541,0.064727,-0.931050,-0.067843,-0.275942,0.228906,0.000000,0.000000,0.000000,1.000000,0.000000,0.000000,0.000000
0.000000,0.000000,0.000000,1.000000,0.000000,0.000000,0.000000,0.197396,0.000000,-0.380915,-0.054681,-0.088538,0.827693,-0.004381,0.553716,-0.803740,0.047477,-0.589541,0.064727,0.931050,0.067843,-0.275942,0.228906,0.088538,-0.827693,-0.004381,0.553716,0.803740,-0.047477,-0.589541,0.064727,-0.931050,-0.067843,-0.275942,0.228906,0.000000,0.000000,0.000000,1.000000,0.000000,0.000000,0.000000
0.000000,0.000000,0.000000,1.000000,0.000000,0.000000,0.000000,0.197396,0.000000,-0.380915,-0.054681,-0.087850,0.823610,-0.005478,0.559870,-0.803740,0.047477,-0.589541,0.064727,0.931050,0.067843,-0.275942,0.228906,0.087850,-0.823610,-0.005478,0.559870,0.803740,-0.047477,-0.589541,0.064727,-0.931050,-0.067843,-0.275942,0.228906,0.000000,0.000000,0.000000,1.000000,0.000000,0.000000,0.000000
0.000000,0.000000,0.000000,1.000000,0.000000,0.000000,0.000000,0.197396,0.000000,-0.380915,-0.054681,-0.087157,0.819480,-0.006575,0.565993,-0.803740,0.047477,-0.589541,0.064727,0.931050,0.067843,-0.275942,0.228906,0.087157,-0.819480,-0.006575,0.565993,0.803740,-0.047477,-0.589541,0.064727,-0.931050,-0.067843,-0.275942,0.228906,0.000000,0.000000,0.000000,1.000000,0.000000,0.000000,0.000000
0.000000,0.000000,0.000000,1.000000,0.000000,0.000000,0.000000,0.197396,0.000000,-0.380915,-0.054681,-0.086460,0.815305,-0.007671,0.572084,-0.803740,0.047477,-0.589541,0.064727,0.931050,0.067843,-0.275942,0.228906,0.086460,-0.815305,-0.007671,0.572084,0.803740,-0.047477,-0.589541,0.064727,-0.931050,-0.067843,-0.275942,0.228906,0.000000,0.000000,0.000000,1.000000,0.000000,0.000000,0.000000
0.000000,0.000000,0.000000,1.000000,0.000000,0.000000,0.000000,0.197396,0.000000,-0.380915,-0.054681,-0.085757,0.811083,-0.008766,0.578143,-0.803740,0.047477,-0.589541,0.064727,0.931050,0.067843,-0.275942,0.228906,0.085757,-0.811083,-0.008766,0.578143,0.803740,-0.047477,-0.589541,0.064727,-0.931050,-0.067843,-0.275942,0.228906,0.000000,0.000000,0.000000,1.000000,0.000000,0.000000,0.000000
0.000000,0.000000,0.000000,1.000000,0.000000,0.000000,0.000000,0.197396,0.000000,-0.380915,-0.054681,-0.085050,0.806816,-0.009862,0.584169,-0.803740,0.047477,-0.589541,0.064727,0.931050,0.067843,-0.275942,0.228906,0.085050,-0.806816,-0.009862,0.584169,0.803740,-0.047477,-0.589541,0.064727,-0.931050,-0.067843,-0.275942,0.228906,0.000000,0.000000,0.000000,1.000000,0.000000,0.000000,0.000000
0.000000,0.000000,0.000000,1.000000,0.000000,0.000000,0.000000,0.197396,0.000000,-0.380915,-0.054681,-0.084338,0.802503,-0.010956,0.590162,-0.803740,0.047477,-0.589541,0.064727,0.931050,0.067843,-0.275942,0.228906,0.084338,-0.802503,-0.010956,0.590162,0.803740,-0.047477,-0.589541,0.064727,-0.931050,-0.067843,-0.275942,0.228906,0.000000,0.000000,0.000000,1.000000,0.000000,0.000000,0.000000
0.000000,0.000000,0.000000,1.000000,0.000000,0.000000,0.000000,0.197396,0.000000,-0.380915,-0.054681,-0.083621,0.798146,-0.012050,0.596122,-0.803740,0.047477,-0.589541,0.064727,0.931050,0.067843,-0.275942,0.228906,0.083621,-0.798146,-0.012050,0.596122,0.803740,-0.047477,-0.589541,0.064727,-0.931050,-0.067843,-0.275942,0.228906,0.000000,0.000000,0.000000,1.000000,0.000000,0.000000,0.000000
0.000000,0.000000,0.000000,1.000000,0.000000,0.000000,0.000000,0.197396,0.000000,-0.380915,-0.054681,-0.082900,0.793743,-0.013144,0.602049,-0.803740,0.047477,-0.589541,0.064727,0.931050,0.067843,-0.275942,0.228906,0.082900,-0.793743,-0.013144,0.602049,0.803740,-0.047477,-0.589541,0.064727,-0.931050,-0.067843,-0.275942,0.228906,0.000000,0.000000,0.000000,1.000000,0.000000,0.000000,0.000000
0.000000,0.000000,0.000000,1.000000,0.000000,0.000000,0.000000,0.197396,0.000000,-0.380915,-0.054681,-0.082174,0.789296,-0.014236,0.607942,-0.803740,0.047477,-0.589541,0.064727,0.931050,0.067843,-0.275942,0.228906,0.082174,-0.789296,-0.014236,0.607942,0.803740,-0.047477,-0.589541,0.064727,-0.931050,-0.067843,-0.275942,0.228906,0.000000,0.000000,0.000000,1.000000,0.000000,0.000000,0.000000
0.000000,0.000000,0.000000,1.000000,0.000000,0.000000,0.000000,0.197396,0.000000,-0.380915,-0.054681,-0.081443,0.784804,-0.015328,0.613800,-0.803740,0.047477,-0.589541,0.064727,0.931050,0.067843,-0.275942,0.228906,0.081443,-0.784804,-0.015328,0.613800,0.803740,-0.047477,-0.589541,0.064727,-0.931050,-0.067843,-0.275942,0.228906,0.000000,0.000000,0.000000,1.000000,0.000000,0.000000,0.000000
0.000000,0.000000,0.000000,1.000000,0.000000,0.000000,0.000000,0.197396,0.000000,-0.380915,-0.054681,-0.080707,0.780268,-0.016419,0.619624,-0.803740,0.047477,-0.589541,0.064727,0.931050,0.067843,-0.275942,0.228906,0.080707,-0.780268,-0.016419,0.619624,0.803740,-0.047477,-0.589541,0.064727,-0.931050,-0.067843,-0.275942,0.228906,0.000000,0.000000,0.000000,1.000000,0.000000,0.000000,0.000000
0.000000,0.000000,0.000000,1.000000,0.000000,0.000000,0.000000,0.197396,0.000000,-0.380915,-0.054681,-0.079968,0.775688,-0.017509,0.625413,-0.803740,0.047477,-0.589541,0.064727,0.931050,0.067843,-0.275942,0.228906,0.079968,-0.775688,-0.017509,0.625413,0.803740,-0.047477,-0.589541,0.064727,-0.931050,-0.067843,-0.275942,0.228906,0.000000,0.000000,0.000000,1.000000,0.000000,0.000000,0.000000
0.000000,0.000000,0.000000,1.000000,0.000000,0.000000,0.000000,0.197396,0.000000,-0.380915,-0.054681,-0.079223,0.771065,-0.018598,0.631167,-0.803740,0.047477,-0.589541,0.064727,0.931050,0.067843,-0.275942,0.228906,0.079223,-0.771065,-0.018598,0.631167,0.803740,-0.047477,-0.589541,0.064727,-0.931050,-0.067843,-0.275942,0.228906,0.000000,0.000000,0.000000,1.000000,0.000000,0.000000,0.000000
0.000000,0.000000,0.000000,1.000000,0.000000,0.000000,0.000000,0.197396,0.000000,-0.380915,-0.054681,-0.078474,0.766398,-0.019686,0.636886,-0.803740,0.047477,-0.589541,0.064727,0.931050,0.067843,-0.275942,0.228906,0.078474,-0.766398,-0.019686,0.636886,0.803740,-0.047477,-0.589541,0.064727,-0.931050,-0.067843,-0.275942,0.228906,0.000000,0.000000,0.000000,1.000000,0.000000,0.000000,0.000000
0.000000,0.000000,0.000000,1.000000,0.000000,0.000000,0.000000,0.197396,0.000000,-0.380915,-0.054681,-0.077721,0.761689,-0.020773,0.642569,-0.803740,0.047477,-0.589541,0.064727,0.931050,0.067843,-0.275942,0.228906,0.077721,-0.761689,-0.020773,0.642569,0.803740,-0.047477,-0.589541,0.064727,-0.931050,-0.067843,-0.275942,0.228906,0.000000,0.000000,0.000000,1.000000,0.000000,0.000000,0.000000
0.000000,0.000000,0.000000,1.000000,0.000000,0.000000,0.000000,0.197396,0.000000,-0.380915,-0.054681,-0.076963,0.756936,-0.021858,0.648215,-0.803740,0.047477,-0.589541,0.064727,0.931050,0.067843,-0.275942,0.228906,0.076963,-0.756936,-0.021858,0.648215,0.803740,-0.047477,-0.589541,0.064727,-0.931050,-0.067843,-0.275942,0.228906,0.000000,0.000000,0.000000,1.000000,0.000000,0.000000,0.000000
0.000000,0.000000,0.000000,1.000000,0.000000,0.000000,0.000000,0.197396,0.000000,-0.380915,-0.054681,-0.076201,0.752141,-0.022943,0.653825,-0.803740,0.047477,-0.589541,0.064727,0.931050,0.067843,-0.275942,0.228906,0.076201,-0.752141,-0.022943,0.653825,0.803740,-0.047477,-0.589541,0.064727,-0.931050,-0.067843,-0.275942,0.228906,0.000000,0.000000,0.000000,1.000000,0.000000,0.000000,0.000000
0.000000,0.000000,0.000000,1.000000,0.000000,0.000000,0.000000,0.197396,0.000000,-0.380915,-0.054681,-0.075435,0.747303,-0.024026,0.659398,-0.803740,0.047477,-0.589541,0.064727,0.931050,0.067843,-0.275942,0.228906,0.075435,-0.747303,-0.024026,0.659398,0.803740,-0.047477,-0.589541,0.064727,-0.931050,-0.067843,-0.275942,0.228906,0.000000,0.000000,0.000000,1.000000,0.000000,0.000000,0.000000
0.000000,0.000000,0.000000,1.000000,0.000000,0.000000,0.000000,0.197396,0.000000,-0.380915,-0.054681,-0.074665,0.742424,-0.025108,0.664935,-0.803740,0.047477,-0.589541,0.064727,0.931050,0.067843,-0.275942,0.228906,0.074665,-0.742424,-0.025108,0.664935,0.803740,-0.047477,-0.589541,0.064727,-0.931050,-0.067843,-0.275942,0.228906,0.000000,0.000000,0.000000,1.000000,0.000000,0.000000,0.000000
0.000000,0.000000,0.000000,1.000000,0.000000,0.000000,0.000000,0.197396,0.000000,-0.380915,-0.054681,-0.073890,0.737502,-0.026188,0.670433,-0.803740,0.047477,-0.589541,0.064727,0.931050,0.067843,-0.275942,0.228906,0.073890,-0.737502,-0.026188,0.670433,0.803740,-0.047477,-0.589541,0.064727,-0.931050,-0.067843,-0.275942,0.228906,0.000000,0.000000,0.000000,1.000000,0.000000,0.000000,0.000000
0.000000,0.000000,0.000000,1.000000,0.000000,0.000000,0.000000,0.197396,0.000000,-0.380915,-0.054681,-0.073111,0.732539,-0.027267,0.675894,-0.803740,0.047477,-0.589541,0.064727,0.931050,0.067843,-0.275942,0.228906,0.073111,-0.732539,-0.027267,0.675894,0.803740,-0.047477,-0.589541,0.064727,-0.931050,-0.067843,-0.275942,0.228906,0.000000,0.000000,0.000000,1.000000,0.000000,0.000000,0.000000
0.000000,0.000000,0.000000,1.000000,0.000000,0.000000,0.000000,0.197396,0.000000,-0.380915,-0.054681,-0.072328,0.727535,-0.028345,0.681317,-0.803740,0.047477,-0.589541,0.064727,0.931050,0.067843,-0.275942,0.228906,0.072328,-0.727535,-0.028345,0.681317,0.803740,-0.047477,-0.589541,0.064727,-0.931050,-0.067843,-0.275942,0.228906,0.000000,0.000000,0.000000,1.000000,0.000000,0.000000,0.000000
0.000000,0.000000,0.000000,1.000000,0.000000,0.000000,0.000000,0.197396,0.000000,-0.380915,-0.054681,-0.071541,0.722490,-0.029421,0.686702,-0.803740,0.047477,-0.589541,0.064727,0.931050,0.067843,-0.275942,0.228906,0.071541,-0.722490,-0.029421,0.686702,0.803740,-0.047477,-0.589541,0.064727,-0.931050,-0.067843,-0.275942,0.228906,0.000000,0.000000,0.000000,1.000000,0.000000,0.000000,0.000000
0.000000,0.000000,0.000000,1.000000,0.000000,0.000000,0.000000,0.197396,0.000000,-0.380915,-0.054681,-0.070750,0.717405,-0.030495,0.692048,-0.803740,0.047477,-0.589541,0.064727,0.931050,0.067843,-0.275942,0.228906,0.070750,-0.717405,-0.030495,0.692048,0.803740,-0.047477,-0.589541,0.064727,-0.931050,-0.067843,-0.275942,0.228906,0.000000,0.000000,0.000000,1.000000,0.000000,0.000000,0.000000
0.000000,0.000000,0.000000,1.000000,0.000000,0.000000,0.000000,0.197396,0.000000,-0.380915,-0.054681,-0.069955,0.712279,-0.031567,0.697355,-0.803740,0.047477,-0.589541,0.064727,0.931050,0.067843,-0.275942,0.228906,0.069955,-0.712279,-0.031567,0.697355,0.803740,-0.047477,-0.589541,0.064727,-0.931050,-0.067843,-0.275942,0.228906,0.000000,0.000000,0.000000,1.000000,0.000000,0.000000,0.000000
0.000000,0.000000,0.000000,1.000000,0.000000,0.000000,0.000000,0.197396,0.000000,-0.380915,-0.054681,-0.069156,0.707113,-0.032638,0.702623,-0.803740,0.047477,-0.589541,0.064727,0.931050,0.067843,-0.275942,0.228906,0.069156,-0.707113,-0.032638,0.702623,0.803740,-0.047477,-0.589541,0.064727,-0.931050,-0.067843,-0.275942,0.228906,0.000000,0.000000,0.000000,1.000000,0.000000,0.000000,0.000000
0.000000,0.000000,0.000000,1.000000,0.000000,0.000000,0.000000,0.197396,0.000000,-0.380915,-0.054681,-0.068353,0.701907,-0.033707,0.707852,-0.803740,0.047477,-0.589541,0.064727,0.931050,0.067843,-0.275942,0.228906,0.068353,-0.701907,-0.033707,0.707852,0.803740,-0.047477,-0.589541,0.064727,-0.931050,-0.067843,-0.275942,0.228906,0.000000,0.000000,0.000000,1.000000,0.000000,0.000000,0.000000
0.000000,0.000000,0.000000,1.000000,0.000000,0.000000,0.000000,0.197396,0.000000,-0.380915,-0.054681,-0.067546,0.696662,-0.034774,0.713040,-0.803740,0.047477,-0.589541,0.064727,0.931050,0.067843,-0.275942,0.228906,0.067546,-0.696662,-0.034774,0.713040,0.803740,-0.047477,-0.589541,0.064727,-0.931050,-0.067843,-0.275942,0.228906,0.000000,0.000000,0.000000,1.000000,0.000000,0.000000,0.000000
0.000000,0.000000,0.000000,1.000000,0.000000,0.000000,0.000000,0.197396,0.000000,-0.380915,-0.054681,-0.066736,0.691377,-0.035839,0.718189,-0.803740,0.047477,-0.589541,0.064727,0.931050,0.067843,-0.275942,0.228906,0.066736,-0.691377,-0.035839,0.718189,0.803740,-0.047477,-0.589541,0.064727,-0.931050,-0.067843,-0.275942,0.228906,0.000000,0.000000,0.000000,1.000000,0.000000,0.000000,0.000000
0.000000,0.000000,0.000000,1.000000,0.000000,0.000000,0.000000,0.197396,0.000000,-0.380915,-0.054681,-0.065922,0.686054,-0.036902,0.723297,-0.803740,0.047477,-0.589541,0.064727,0.931050,0.067843,-0.275942,0.228906,0.065922,-0.686054,-0.036902,0.723297,0.803740,-0.047477,-0.589541,0.064727,-0.931050,-0.067843,-0.275942,0.228906,0.000000,0.000000,0.000000,1.000000,0.000000,0.000000,0.000000
0.000000,0.000000,0.000000,1.000000,0.000000,0.000000,0.000000,0.197396,0.000000,-0.380915,-0.054681,-0.065104,0.680692,-0.037962,0.728364,-0.803740,0.047477,-0.589541,0.064727,0.931050,0.067843,-0.275942,0.228906,0.065104,-0.680692,-0.037962,0.728364,0.803740,-0.047477,-0.589541,0.064727,-0.931050,-0.067843,-0.275942,0.228906,0.000000,0.000000,0.000000,1.000000,0.000000,0.000000,0.000000
0.000000,0.000000,0.000000,1.000000,0.000000,0.000000,0.000000,0.197396,0.000000,-0.380915,-0.054681,-0.064282,0.675292,-0.039021,0.733391,-0.803740,0.047477,-0.589541,0.064727,0.931050,0.067843,-0.275942,0.228906,0.064282,-0.675292,-0.039021,0.733391,0.803740,-0.047477,-0.589541,0.064727,-0.931050,-0.067843,-0.275942,0.228906,0.000000,0.000000,0.000000,1.000000,0.000000,0.000000,0.000000
0.000000,0.000000,0.000000,1.000000,0.000000,0.000000,0.000000,0.197396,0.000000,-0.380915,-0.054681,-0.063457,0.669854,-0.040078,0.738376,-0.803740,0.047477,-0.589541,0.064727,0.931050,0.067843,-0.275942,0.228906,0.063457,-0.669854,-0.040078,0.738376,0.803740,-0.047477,-0.589541,0.064727,-0.931050,-0.067843,-0.275942,0.228906,0.000000,0.000000,0.000000,1.000000,0.000000,0.000000,0.000000
0.000000,0.000000,0.000000,1.000000,0.000000,0.000000,0.000000,0.197396,0.000000,-0.380915,-0.054681,-0.062628,0.664378,-0.041132,0.743320,-0.803740,0.047477,-0.589541,0.064727,0.931050,0.067843,-0.275942,0.228906,0.062628,-0.664378,-0.041132,0.743320,0.803740,-0.047477,-0.589541,0.064727,-0.931050,-0.067843,-0.275942,0.228906,0.000000,0.000000,0.000000,1.000000,0.000000,0.000000,0.000000
0.000000,0.000000,0.000000,1.000000,0.000000,0.000000,0.000000,0.197396,0.000000,-0.380915,-0.054681,-0.061796,0.658864,-0.042184,0.748222,-0.803740,0.047477,-0.589541,0.064727,0.931050,0.067843,-0.275942,0.228906,0.061796,-0.658864,-0.042184,0.748222,0.803740,-0.047477,-0.589541,0.064727,-0.931050,-0.067843,-0.275942,0.228906,0.000000,0.000000,0.000000,1.000000,0.000000,0.000000,0.000000
0.000000,0.000000,0.000000,1.000000,0.000000,0.000000,0.000000,0.197396,0.000000,-0.380915,-0.054681,-0.060960,0.653314,-0.043234,0.753081,-0.803740,0.047477,-0.589541,0.064727,0.931050,0.067843,-0.275942,0.228906,0.060960,-0.653314,-0.043234,0.753081,0.803740,-0.047477,-0.589541,0.064727,-0.931050,-0.067843,-0.275942,0.228906,0.000000,0.000000,0.000000,1.000000,0.000000,0.000000,0.000000
0.000000,0.000000,0.000000,1.000000,0.000000,0.000000,0.000000,0.197396,0.000000,-0.380915,-0.054681,-0.060120,0.647727,-0.044281,0.757899,-0.803740,0.047477,-0.589541,0.064727,0.931050,0.067843,-0.275942,0.228906,0.060120,-0.647727,-0.044281,0.757899,0.803740,-0.047477,-0.589541,0.064727,-0.931050,-0.067843,-0.275942,0.228906,0.000000,0.000000,0.000000,1.000000,0.000000,0.000000,0.000000
0.000000,0.000000,0.000000,1.000000,0.000000,0.000000,0.000000,0.197396,0.000000,-0.380915,-0.054681,-0.059278,0.642104,-0.045326,0.762673,-0.803740,0.047477,-0.589541,0.064727,0.931050,0.067843,-0.275942,0.228906,0.059278,-0.642104,-0.045326,0.762673,0.803740,-0.047477,-0.589541,0.064727,-0.931050,-0.067843,-0.275942,0.228906,0.000000,0.000000,0.000000,1.000000,0.000000,0.000000,0.000000
0.000000,0.000000,0.000000,1.000000,0.000000,0.000000,0.000000,0.197396,0.000000,-0.380915,-0.054681,-0.058432,0.636444,-0.046368,0.767405,-0.803740,0.047477,-0.589541,0.064727,0.931050,0.067843,-0.275942,0.228906,0.058432,-0.636444,-0.046368,0.767405,0.803740,-0.047477,-0.589541,0.064727,-0.931050,-0.067843,-0.275942,0.228906,0.000000,0.000000,0.000000,1.000000,0.000000,0.000000,0.000000
0.000000,0.000000,0.000000,1.000000,0.000000,0.000000,0.000000,0.197396,0.000000,-0.380915,-0.054681,-0.057583,0.630748,-0.047407,0.772094,-0.803740,0.047477,-0.589541,0.064727,0.931050,0.067843,-0.275942,0.228906,0.057583,-0.630748,-0.047407,0.772094,0.803740,-0.047477,-0.589541,0.064727,-0.931050,-0.067843,-0.275942,0.228906,0.000000,0.000000,0.000000,1.000000,0.000000,0.000000,0.000000
0.000000,0.000000,0.000000,1.000000,0.000000,0.000000,0.000000,0.197396,0.000000,-0.380915,-0.054681,-0.056730,0.625018,-0.048444,0.776739,-0.803740,0.047477,-0.589541,0.064727,0.931050,0.067843,-0.275942,0.228906,0.056730,-0.625018,-0.048444,0.776739,0.803740,-0.047477,-0.589541,0.064727,-0.931050,-0.067843,-0.275942,0.228906,0.000000,0.000000,0.000000,1.000000,0.000000,0.000000,0.000000
0.000000,0.000000,0.000000,1.000000,0.000000,0.000000,0.000000,0.197396,0.000000,-0.380915,-0.054681,-0.055874,0.619252,-0.049478,0.781341,-0.803740,0.047477,-0.589541,0.064727,0.931050,0.067843,-0.275942,0.228906,0.055874,-0.619252,-0.049478,0.781341,0.803740,-0.047477,-0.589541,0.064727,-0.931050,-0.067843,-0.275942,0.228906,0.000000,0.000000,0.000000,1.000000,0.000000,0.000000,0.000000
0.000000,0.000000,0.000000,1.000000,0.000000,0.000000,0.000000,0.197396,0.000000,-0.380915,-0.054681,-0.055016,0.613451,-0.050510,0.785898,-0.803740,0.047477,-0.589541,0.064727,0.931050,0.067843,-0.275942,0.228906,0.055016,-0.613451,-0.050510,0.785898,0.803740,-0.047477,-0.589541,0.064727,-0.931050,-0.067843,-0.275942,0.228906,0.000000,0.000000,0.000000,1.000000,0.000000,0.000000,0.000000
0.000000,0.000000,0.000000,1.000000,0.000000,0.000000,0.000000,0.197396,0.000000,-0.380915,-0.054681,-0.054154,0.607615,-0.051538,0.790412,-0.803740,0.047477,-0.589541,0.064727,0.931050,0.067843,-0.275942,0.228906,0.054154,-0.607615,-0.051538,0.790412,0.803740,-0.047477,-0.589541,0.064727,-0.931050,-0.067843,-0.275942,0.228906,0.000000,0.000000,0.000000,1.000000,0.000000,0.000000,0.000000
0.000000,0.000000,0.000000,1.000000,0.000000,0.000000,0.000000,0.197396,0.000000,-0.380915,-0.054681,-0.053289,0.601746,-0.052564,0.794881,-0.803740,0.047477,-0.589541,0.064727,0.931050,0.067843,-0.275942,0.228906,0.053289,-0.601746,-0.052564,0.794881,0.803740,-0.047477,-0.589541,0.064727,-0.931050,-0.067843,-0.275942,0.228906,0.000000,0.000000,0.000000,1.000000,0.000000,0.000000,0.000000
0.000000,0.000000,0.000000,1.000000,0.000000,0.000000,0.000000,0.197396,0.000000,-0.380915,-0.054681,-0.052421,0.595842,-0.053586,0.799305,-0.803740,0.047477,-0.589541,0.064727,0.931050,0.067843,-0.275942,0.228906,0.052421,-0.595842,-0.053586,0.799305,0.803740,-0.047477,-0.589541,0.064727,-0.931050,-0.067843,-0.275942,0.228906,0.000000,0.000000,0.000000,1.000000,0.000000,0.000000,0.000000
0.000000,0.000000,0.000000,1.000000,0.000000,0.000000,0.000000,0.197396,0.000000,-0.380915,-0.054681,-0.051550,0.589905,-0.054606,0.803684,-0.803740,0.047477,-0.589541,0.064727,0.931050,0.067843,-0.275942,0.228906,0.051550,-0.589905,-0.054606,0.803684,0.803740,-0.047477,-0.589541,0.064727,-0.931050,-0.067843,-0.275942,0.228906,0.000000,0.000000,0.000000,1.000000,0.000000,0.000000,0.000000
0.000000,0.000000,0.000000,1.000000,0.000000,0.000000,0.000000,0.197396,0.000000,-0.380915,-0.054681,-0.050676,0.583935,-0.055623,0.808018,-0.803740,0.047477,-0.589541,0.064727,0.931050,0.067843,-0.275942,0.228906,0.050676,-0.583935,-0.055623,0.808018,0.803740,-0.047477,-0.589541,0.064727,-0.931050,-0.067843,-0.275942,0.228906,0.000000,0.000000,0.000000,1.000000,0.000000,0.000000,0.000000
0.000000,0.000000,0.000000,1.000000,0.000000,0.000000,0.000000,0.197396,0.000000,-0.380915,-0.054681,-0.049799,0.577932,-0.056636,0.812307,-0.803740,0.047477,-0.589541,0.064727,0.931050,0.067843,-0.275942,0.228906,0.049799,-0.577932,-0.056636,0.812307,0.803740,-0.047477,-0.589541,0.064727,-0.931050,-0.067843,-0.275942,0.228906,0.000000,0.000000,0.000000,1.000000,0.000000,0.000000,0.000000
0.000000,0.000000,0.000000,1.000000,0.000000,0.000000,0.000000,0.197396,0.000000,-0.380915,-0.054681,-0.048920,0.571897,-0.057646,0.816550,-0.803740,0.047477,-0.589541,0.064727,0.931050,0.067843,-0.275942,0.228906,0.048920,-0.571897,-0.057646,0.816550,0.803740,-0.047477,-0.589541,0.064727,-0.931050,-0.067843,-0.275942,0.228906,0.000000,0.000000,0.000000,1.000000,0.000000,0.000000,0.000000
0.000000,0.000000,0.000000,1.000000,0.000000,0.000000,0.000000,0.197396,0.000000,-0.380915,-0.054681,-0.048038,0.565829,-0.058653,0.820747,-0.803740,0.047477,-0.589541,0.064727,0.931050,0.067843,-0.275942,0.228906,0.048038,-0.565829,-0.058653,0.820747,0.803740,-0.047477,-0.589541,0.064727,-0.931050,-0.067843,-0.275942,0.228906,0.000000,0.000000,0.000000,1.000000,0.000000,0.000000,0.000000
0.000000,0.000000,0.000000,1.000000,0.000000,0.000000,0.000000,0.197396,0.000000,-0.380915,-0.054681,-0.047153,0.559730,-0.059657,0.824898,-0.803740,0.047477,-0.589541,0.064727,0.931050,0.067843,-0.275942,0.228906,0.047153,-0.559730,-0.059657,0.824898,0.803740,-0.047477,-0.589541,0.064727,-0.931050,-0.067843,-0.275942,0.228906,0.000000,0.000000,0.000000,1.000000,0.000000,0.000000,0.000000
0.000000,0.000000,0.000000,1.000000,0.000000,0.000000,0.000000,0.197396,0.000000,-0.380915,-0.054681,-0.046265,0.553599,-0.060657,0.829002,-0.803740,0.047477,-0.589541,0.064727,0.931050,0.067843,-0.275942,0.228906,0.046265,-0.553599,-0.060657,0.829002,0.803740,-0.047477,-0.589541,0.064727,-0.931050,-0.067843,-0.275942,0.228906,0.000000,0.000000,0.000000,1.000000,0.000000,0.000000,0.000000
0.000000,0.000000,0.000000,1.000000,0.000000,0.000000,0.000000,0.197396,0.000000,-0.380915,-0.054681,-0.045375,0.547436,-0.061654,0.833060,-0.803740,0.047477,-0.589541,0.064727,0.931050,0.067843,-0.275942,0.228906,0.045375,-0.547436,-0.061654,0.833060,0.803740,-0.047477,-0.589541,0.064727,-0.931050,-0.067843,-0.275942,0.228906,0.000000,0.000000,0.000000,1.000000,0.000000,0.000000,0.000000
0.000000,0.000000,0.000000,1.000000,0.000000,0.000000,0.000000,0.197396,0.000000,-0.380915,-0.054681,-0.044482,0.541244,-0.062648,0.837071,-0.803740,0.047477,-0.589541,0.064727,0.931050,0.067843,-0.275942,0.228906,0.044482,-0.541244,-0.062648,0.837071,0.803740,-0.047477,-0.589541,0.064727,-0.931050,-0.067843,-0.275942,0.228906,0.000000,0.000000,0.000000,1.000000,0.000000,0.000000,0.000000
0.000000,0.000000,0.000000,1.000000,0.000000,0.000000,0.000000,0.197396,0.000000,-0.380915,-0.054681,-0.043587,0.535020,-0.063638,0.841035,-0.803740,0.047477,-0.589541,0.064727,0.931050,0.067843,-0.275942,0.228906,0.043587,-0.535020,-0.063638,0.841035,0.803740,-0.047477,-0.589541,0.064727,-0.931050,-0.067843,-0.275942,0.228906,0.000000,0.000000,0.000000,1.000000,0.000000,0.000000,0.000000
0.000000,0.000000,0.000000,1.000000,0.000000,0.000000,0.000000,0.197396,0.000000,-0.380915,-0.054681,-0.042689,0.528767,-0.064624,0.844951,-0.803740,0.047477,-0.589541,0.064727,0.931050,0.067843,-0.275942,0.228906,0.042689,-0.528767,-0.064624,0.844951,0.803740,-0.047477,-0.589541,0.064727,-0.931050,-0.067843,-0.275942,0.228906,0.000000,0.000000,0.000000,1.000000,0.000000,0.000000,0.000000
0.000000,0.000000,0.000000,1.000000,0.000000,0.000000,0.000000,0.197396,0.000000,-0.380915,-0.054681,-0.041789,0.522484,-0.065607,0.848821,-0.803740,0.047477,-0.589541,0.064727,0.931050,0.067843,-0.275942,0.228906,0.041789,-0.522484,-0.065607,0.848821,0.803740,-0.047477,-0.589541,0.064727,-0.931050,-0.067843,-0.275942,0.228906,0.000000,0.000000,0.000000,1.000000,0.000000,0.000000,0.000000
0.000000,0.000000,0.000000,1.000000,0.000000,0.000000,0.000000,0.197396,0.000000,-0.380915,-0.054681,-0.040887,0.516171,-0.066586,0.852642,-0.803740,0.047477,-0.589541,0.064727,0.931050,0.067843,-0.275942,0.228906,0.040887,-0.516171,-0.066586,0.852642,0.803740,-0.047477,-0.589541,0.064727,-0.931050,-0.067843,-0.275942,0.228906,0.000000,0.000000,0.000000,1.000000,0.000000,0.000000,0.000000
0.000000,0.000000,0.000000,1.000000,0.000000,0.000000,0.000000,0.197396,0.000000,-0.380915,-0.054681,-0.039982,0.509829,-0.067561,0.856415,-0.803740,0.047477,-0.589541,0.064727,0.931050,0.067843,-0.275942,0.228906,0.039982,-0.509829,-0.067561,0.856415,0.803740,-0.047477,-0.589541,0.064727,-0.931050,-0.067843,-0.275942,0.228906,0.000000,0.000000,0.000000,1.000000,0.000000,0.000000,0.000000
0.000000,0.000000,0.000000,1.000000,0.000000,0.000000,0.000000,0.197396,0.000000,-0.380915,-0.054681,-0.039075,0.503459,-0.068533,0.860140,-0.803740,0.047477,-0.589541,0.064727,0.931050,0.067843,-0.275942,0.228906,0.039075,-0.503459,-0.068533,0.860140,0.803740,-0.047477,-0.589541,0.064727,-0.931050,-0.067843,-0.275942,0.228906,0.000000,0.000000,0.000000,1.000000,0.000000,0.000000,0.000000
0.000000,0.000000,0.000000,1.000000,0.000000,0.000000,0.000000,0.197396,0.000000,-0.380915,-0.054681,-0.038166,0.497061,-0.069501,0.863817,-0.803740,0.047477,-0.589541,0.064727,0.931050,0.067843,-0.275942,0.228906,0.038166,-0.497061,-0.069501,0.863817,0.803740,-0.047477,-0.589541,0.064727,-0.931050,-0.067843,-0.275942,0.228906,0.000000,0.000000,0.000000,1.000000,0.000000,0.000000,0.000000
0.000000,0.000000,0.000000,1.000000,0.000000,0.000000,0.000000,0.197396,0.000000,-0.380915,-0.054681,-0.037255,0.490634,-0.070464,0.867445,-0.803740,0.047477,-0.589541,0.064727,0.931050,0.067843,-0.275942,0.228906,0.037255,-0.490634,-0.070464,0.867445,0.803740,-0.047477,-0.589541,0.064727,-0.931050,-0.067843,-0.275942,0.228906,0.000000,0.000000,0.000000,1.000000,0.000000,0.000000,0.000000
0.000000,0.000000,0.000000,1.000000,0.000000,0.000000,0.000000,0.197396,0.000000,-0.380915,-0.054681,-0.036341,0.484180,-0.071424,0.871025,-0.803740,0.047477,-0.589541,0.064727,0.931050,0.067843,-0.275942,0.228906,0.036341,-0.484180,-0.071424,0.871025,0.803740,-0.047477,-0.589541,0.064727,-0.931050,-0.067843,-0.275942,0.228906,0.000000,0.000000,0.000000,1.000000,0.000000,0.000000,0.000000
0.000000,0.000000,0.000000,1.000000,0.000000,0.000000,0.000000,0.197396,0.000000,-0.380915,-0.054681,-0.035426,0.477698,-0.072380,0.874555,-0.803740,0.047477,-0.589541,0.064727,0.931050,0.067843,-0.275942,0.228906,0.035426,-0.477698,-0.072380,0.874555,0.803740,-0.047477,-0.589541,0.064727,-0.931050,-0.067843,-0.275942,0.228906,0.000000,0.000000,0.000000,1.000000,0.000000,0.000000,0.000000
0.000000,0.000000,0.000000,1.000000,0.000000,0.000000,0.000000,0.197396,0.000000,-0.380915,-0.054681,-0.034508,0.471190,-0.073332,0.878036,-0.803740,0.047477,-0.589541,0.064727,0.931050,0.067843,-0.275942,0.228906,0.034508,-0.471190,-0.073332,0.878036,0.803740,-0.047477,-0.589541,0.064727,-0.931050,-0.067843,-0.275942,0.228906,0.000000,0.000000,0.000000,1.000000,0.000000,0.000000,0.000000
0.000000,0.000000,0.000000,1.000000,0.000000,0.000000,0.000000,0.197396,0.000000,-0.380915,-0.054681,-0.033589,0.464655,-0.074279,0.881468,-0.803740,0.047477,-0.589541,0.064727,0.931050,0.067843,-0.275942,0.228906,0.033589,-0.464655,-0.074279,0.881468,0.803740,-0.047477,-0.589541,0.064727,-0.931050,-0.067843,-0.275942,0.228906,0.000000,0.000000,0.000000,1.000000,0.000000,0.000000,0.000000
0.000000,0.000000,0.000000,1.000000,0.000000,0.000000,0.000000,0.197396,0.000000,-0.380915,-0.054681,-0.032668,0.458095,-0.075223,0.884850,-0.803740,0.047477,-0.589541,0.064727,0.931050,0.067843,-0.275942,0.228906,0.032668,-0.458095,-0.075223,0.884850,0.803740,-0.047477,-0.589541,0.064727,-0.931050,-0.067843,-0.275942,0.228906,0.000000,0.000000,0.000000,1.000000,0.000000,0.000000,0.000000
0.000000,0.000000,0.000000,1.000000,0.000000,0.000000,0.000000,0.197396,0.000000,-0.380915,-0.054681,-0.031744,0.451508,-0.076162,0.888183,-0.803740,0.047477,-0.589541,0.064727,0.931050,0.067843,-0.275942,0.228906,0.031744,-0.451508,-0.076162,0.888183,0.803740,-0.047477,-0.589541,0.064727,-0.931050,-0.067843,-0.275942,0.228906,0.000000,0.000000,0.000000,1.000000,0.000000,0.000000,0.000000
0.000000,0.000000,0.000000,1.000000,0.000000,0.000000,0.000000,0.197396,0.000000,-0.380915,-0.054681,-0.030820,0.444896,-0.077097,0.891465,-0.803740,0.047477,-0.589541,0.064727,0.931050,0.067843,-0.275942,0.228906,0.030820,-0.444896,-0.077097,0.891465,0.803740,-0.047477,-0.589541,0.064727,-0.931050,-0.067843,-0.275942,0.228906,0.000000,0.000000,0.000000,1.000000,0.000000,0.000000,0.000000
0.000000,0.000000,0.000000,1.000000,0.000000,0.000000,0.000000,0.197396,0.000000,-0.380915,-0.054681,-0.029893,0.438259,-0.078027,0.894697,-0.803740,0.047477,-0.589541,0.064727,0.931050,0.067843,-0.275942,0.228906,0.029893,-0.438259,-0.078027,0.894697,0.803740,-0.047477,-0.589541,0.064727,-0.931050,-0.067843,-0.275942,0.228906,0.000000,0.000000,0.000000,1.000000,0.000000,0.000000,0.000000
0.000000,0.000000,0.000000,1.000000,0.000000,0.000000,0.000000,0.197396,0.000000,-0.380915,-0.054681,-0.028965,0.431597,-0.078953,0.897879,-0.803740,0.047477,-0.589541,0.064727,0.931050,0.067843,-0.275942,0.228906,0.028965,-0.431597,-0.078953,0.897879,0.803740,-0.047477,-0.589541,0.064727,-0.931050,-0.067843,-0.275942,0.228906,0.000000,0.000000,0.000000,1.000000,0.000000,0.000000,0.000000
0.000000,0.000000,0.000000,1.000000,0.000000,0.000000,0.000000,0.197396,0.000000,-0.380915,-0.054681,-0.028035,0.424911,-0.079875,0.901011,-0.803740,0.047477,-0.589541,0.064727,0.931050,0.067843,-0.275942,0.228906,0.028035,-0.424911,-0.079875,0.901011,0.803740,-0.047477,-0.589541,0.064727,-0.931050,-0.067843,-0.275942,0.228906,0.000000,0.000000,0.000000,1.000000,0.000000,0.000000,0.000000
0.000000,0.000000,0.000000,1.000000,0.000000,0.000000,0.000000,0.197396,0.000000,-0.380915,-0.054681,-0.027103,0.418201,-0.080792,0.904092,-0.803740,0.047477,-0.589541,0.064727,0.931050,0.067843,-0.275942,0.228906,0.027103,-0.418201,-0.080792,0.904092,0.803740,-0.047477,-0.589541,0.064727,-0.931050,-0.067843,-0.275942,0.228906,0.000000,0.000000,0.000000,1.000000,0.000000,0.000000,0.000000
0.000000,0.000000,0.000000,1.000000,0.000000,0.000000,0.000000,0.197396,0.000000,-0.380915,-0.054681,-0.026170,0.411468,-0.081705,0.907122,-0.803740,0.047477,-0.589541,0.064727,0.931050,0.067843,-0.275942,0.228906,0.026170,-0.411468,-0.081705,0.907122,0.803740,-0.047477,-0.589541,0.064727,-0.931050,-0.067843,-0.275942,0.228906,0.000000,0.000000,0.000000,1.000000,0.000000,0.000000,0.000000
0.000000,0.000000,0.000000,1.000000,0.000000,0.000000,0.000000,0.197396,0.000000,-0.380915,-0.054681,-0.025236,0.404711,-0.082613,0.910101,-0.803740,0.047477,-0.589541,0.064727,0.931050,0.067843,-0.275942,0.228906,0.025236,-0.404711,-0.082613,0.910101,0.803740,-0.047477,-0.589541,0.064727,-0.931050,-0.067843,-0.275942,0.228906,0.000000,0.000000,0.000000,1.000000,0.000000,0.000000,0.000000
0.000000,0.000000,0.000000,1.000000,0.000000,0.000000,0.000000,0.197396,0.000000,-0.380915,-0.054681,-0.024300,0.397932,-0.083516,0.913028,-0.803740,0.047477,-0.589541,0.064727,0.931050,0.067843,-0.275942,0.228906,0.024300,-0.397932,-0.083516,0.913028,0.803740,-0.047477,-0.589541,0.064727,-0.931050,-0.067843,-0.275942,0.228906,0.000000,0.000000,0.000000,1.000000,0.000000,0.000000,0.000000
0.000000,0.000000,0.000000,1.000000,0.000000,0.000000,0.000000,0.197396,0.000000,-0.380915,-0.054681,-0.023362,0.391130,-0.084415,0.915905,-0.803740,0.047477,-0.589541,0.064727,0.931050,0.067843,-0.275942,0.228906,0.023362,-0.391130,-0.084415,0.915905,0.803740,-0.047477,-0.589541,0.064727,-0.931050,-0.067843,-0.275942,0.228906,0.000000,0.000000,0.000000,1.000000,0.000000,0.000000,0.000000
0.000000,0.000000,0.000000,1.000000,0.000000,0.000000,0.000000,0.197396,0.000000,-0.380915,-0.054681,-0.022518,0.384998,-0.085222,0.918471,-0.803740,0.047477,-0.589541,0.064727,0.931050,0.067843,-0.275942,0.228906,0.022518,-0.384998,-0.085222,0.918471,0.803740,-0.047477,-0.589541,0.064727,-0.931050,-0.067843,-0.275942,0.228906,0.000000,0.000000,0.000000,1.000000,0.000000,0.000000,0.000000
0.000000,0.000000,0.000000,1.000000,0.000000,0.000000,0.000000,0.197396,0.000000,-0.380915,-0.054681,-0.021767,0.379539,-0.085937,0.920731,-0.803740,0.047477,-0.589541,0.064727,0.931050,0.067843,-0.275942,0.228906,0.021767,-0.379539,-0.085937,0.920731,0.803740,-0.047477,-0.589541,0.064727,-0.931050,-0.067843,-0.275942,0.228906,0.000000,0.000000,0.000000,1.000000,0.000000,0.000000,0.000000
0.000000,0.000000,0.000000,1.000000,0.000000,0.000000,0.000000,0.197396,0.000000,-0.380915,-0.054681,-0.021110,0.374754,-0.086561,0.922690,-0.803740,0.047477,-0.589541,0.064727,0.931050,0.067843,-0.275942,0.228906,0.021110,-0.374754,-0.086561,0.922690,0.803740,-0.047477,-0.589541,0.064727,-0.931050,-0.067843,-0.275942,0.228906,0.000000,0.000000,0.000000,1.000000,0.000000,0.000000,0.000000
0.000000,0.000000,0.000000,1.000000,0.000000,0.000000,0.000000,0.197396,0.000000,-0.380915,-0.054681,-0.020545,0.370646,-0.087095,0.924354,-0.803740,0.047477,-0.589541,0.064727,0.931050,0.067843,-0.275942,0.228906,0.020545,-0.370646,-0.087095,0.924354,0.803740,-0.047477,-0.589541,0.064727,-0.931050,-0.067843,-0.275942,0.228906,0.000000,0.000000,0.000000,1.000000,0.000000,0.000000,0.000000
