0,0,0,0,0,0,0,0.47678731299858235,0,0.5932733129985823,0.13962634015954636,0.8949343616020251,0.,-0.44619781310980877,0.,0,0,0,0,0,0,0,0,0,0,0,0,0,0,0,0,0,0,0,0,0,0,0,0,0,0,0
0,0,0,0,0,0,0,0.47678731299858235,0,0.5932733129985823,0.13683381335635544,0.8955564987157448,0.,-0.4449478144771543,0.,0,0,0,0,0,0,0,0,0,0,0,0,0,0,0,0,0,0,0,0,0,0,0,0,0,0,0
0,0,0,0,0,0,0,0.47678731299858235,0,0.5932733129985823,0.1340412865531645,0.8961768898962449,0.,-0.4436969483959675,0.,0,0,0,0,0,0,0,0,0,0,0,0,0,0,0,0,0,0,0,0,0,0,0,0,0,0,0
0,0,0,0,0,0,0,0.47678731299858235,0,0.5932733129985823,0.13124875974997358,0.8967955339340407,0.,-0.44244521730487596,0.,0,0,0,0,0,0,0,0,0,0,0,0,0,0,0,0,0,0,0,0,0,0,0,0,0,0,0
0,0,0,0,0,0,0,0.47678731299858235,0,0.5932733129985823,0.12845623294678266,0.8974124296230542,0.,-0.4411926236441933,0.,0,0,0,0,0,0,0,0,0,0,0,0,0,0,0,0,0,0,0,0,0,0,0,0,0,0,0
0,0,0,0,0,0,0,0.47678731299858235,0,0.5932733129985823,0.12566370614359174,0.8980275757606156,0.,-0.4399391698559151,0.,0,0,0,0,0,0,0,0,0,0,0,0,0,0,0,0,0,0,0,0,0,0,0,0,0,0,0
0,0,0,0,0,0,0,0.47678731299858235,0,0.5932733129985823,0.1228711793404008,0.8986409711474661,0.,-0.4386848583837137,0.,0,0,0,0,0,0,0,0,0,0,0,0,0,0,0,0,0,0,0,0,0,0,0,0,0,0,0
0,0,0,0,0,0,0,0.47678731299858235,0,0.5932733129985823,0.12007865253720987,0.8992526145877601,0.,-0.4374296916729333,0.,0,0,0,0,0,0,0,0,0,0,0,0,0,0,0,0,0,0,0,0,0,0,0,0,0,0,0
0,0,0,0,0,0,0,0.47678731299858235,0,0.5932733129985823,0.11728612573401895,0.8998625048890672,0.,-0.43617367217058584,0.,0,0,0,0,0,0,0,0,0,0,0,0,0,0,0,0,0,0,0,0,0,0,0,0,0,0,0
0,0,0,0,0,0,0,0.47678731299858235,0,0.5932733129985823,0.11449359893082801,0.900470640862375,0.,-0.4349168023253454,0.,0,0,0,0,0,0,0,0,0,0,0,0,0,0,0,0,0,0,0,0,0,0,0,0,0,0,0
0,0,0,0,0,0,0,0.47678731299858235,0,0.5932733129985823,0.1117010721276371,0.9010770213220916,0.,-0.4336590845875443,0.,0,0,0,0,0,0,0,0,0,0,0,0,0,0,0,0,0,0,0,0,0,0,0,0,0,0,0
0,0,0,0,0,0,0,0.47678731299858235,0,0.5932733129985823,0.10890854532444617,0.9016816450860471,0.,-0.43240052140916746,0.,0,0,0,0,0,0,0,0,0,0,0,0,0,0,0,0,0,0,0,0,0,0,0,0,0,0,0
0,0,0,0,0,0,0,0.47678731299858235,0,0.5932733129985823,0.10611601852125524,0.9022845109754964,0.,-0.43114111524384824,0.,0,0,0,0,0,0,0,0,0,0,0,0,0,0,0,0,0,0,0,0,0,0,0,0,0,0,0
0,0,0,0,0,0,0,0.47678731299858235,0,0.5932733129985823,0.1033234917180643,0.9028856178151219,0.,-0.42988086854686336,0.,0,0,0,0,0,0,0,0,0,0,0,0,0,0,0,0,0,0,0,0,0,0,0,0,0,0,0
0,0,0,0,0,0,0,0.47678731299858235,0,0.5932733129985823,0.10053096491487337,0.9034849644330348,0.,-0.4286197837751283,0.,0,0,0,0,0,0,0,0,0,0,0,0,0,0,0,0,0,0,0,0,0,0,0,0,0,0,0
0,0,0,0,0,0,0,0.47678731299858235,0,0.5932733129985823,0.09773843811168245,0.9040825496607784,0.,-0.4273578633871924,0.,0,0,0,0,0,0,0,0,0,0,0,0,0,0,0,0,0,0,0,0,0,0,0,0,0,0,0
0,0,0,0,0,0,0,0.47678731299858235,0,0.5932733129985823,0.09494591130849153,0.9046783723333296,0.,-0.4260951098432339,0.,0,0,0,0,0,0,0,0,0,0,0,0,0,0,0,0,0,0,0,0,0,0,0,0,0,0,0
0,0,0,0,0,0,0,0.47678731299858235,0,0.5932733129985823,0.0921533845053006,0.9052724312891015,0.,-0.42483152560505555,0.,0,0,0,0,0,0,0,0,0,0,0,0,0,0,0,0,0,0,0,0,0,0,0,0,0,0,0
0,0,0,0,0,0,0,0.47678731299858235,0,0.5932733129985823,0.08936085770210968,0.905864725369946,0.,-0.4235671131360794,0.,0,0,0,0,0,0,0,0,0,0,0,0,0,0,0,0,0,0,0,0,0,0,0,0,0,0,0
0,0,0,0,0,0,0,0.47678731299858235,0,0.5932733129985823,0.08656833089891874,0.9064552534211554,0.,-0.4223018749013423,0.,0,0,0,0,0,0,0,0,0,0,0,0,0,0,0,0,0,0,0,0,0,0,0,0,0,0,0
0,0,0,0,0,0,0,0.47678731299858235,0,0.5932733129985823,0.08377580409572781,0.907044014291465,0.,-0.421035813367491,0.,0,0,0,0,0,0,0,0,0,0,0,0,0,0,0,0,0,0,0,0,0,0,0,0,0,0,0
0,0,0,0,0,0,0,0.47678731299858235,0,0.5932733129985823,0.08098327729253689,0.9076310068330553,0.,-0.4197689310027771,0.,0,0,0,0,0,0,0,0,0,0,0,0,0,0,0,0,0,0,0,0,0,0,0,0,0,0,0
0,0,0,0,0,0,0,0.47678731299858235,0,0.5932733129985823,0.07819075048934597,0.9082162299015545,0.,-0.41850123027705277,0.,0,0,0,0,0,0,0,0,0,0,0,0,0,0,0,0,0,0,0,0,0,0,0,0,0,0,0
0,0,0,0,0,0,0,0.47678731299858235,0,0.5932733129985823,0.07539822368615504,0.9087996823560401,0.,-0.41723271366176523,0.,0,0,0,0,0,0,0,0,0,0,0,0,0,0,0,0,0,0,0,0,0,0,0,0,0,0,0
0,0,0,0,0,0,0,0.47678731299858235,0,0.5932733129985823,0.07260569688296412,0.9093813630590418,0.,-0.4159633836299528,0.,0,0,0,0,0,0,0,0,0,0,0,0,0,0,0,0,0,0,0,0,0,0,0,0,0,0,0
0,0,0,0,0,0,0,0.47678731299858235,0,0.5932733129985823,0.06981317007977318,0.9099612708765432,0.,-0.414693242656239,0.,0,0,0,0,0,0,0,0,0,0,0,0,0,0,0,0,0,0,0,0,0,0,0,0,0,0,0
0,0,0,0,0,0,0,0.47678731299858235,0,0.5932733129985823,0.06702064327658225,0.9105394046779844,0.,-0.41342229321682894,0.,0,0,0,0,0,0,0,0,0,0,0,0,0,0,0,0,0,0,0,0,0,0,0,0,0,0,0
0,0,0,0,0,0,0,0.47678731299858235,0,0.5932733129985823,0.06422811647339133,0.911115763336264,0.,-0.41215053778950345,0.,0,0,0,0,0,0,0,0,0,0,0,0,0,0,0,0,0,0,0,0,0,0,0,0,0,0,0
0,0,0,0,0,0,0,0.47678731299858235,0,0.5932733129985823,0.0614355896702004,0.9116903457277413,0.,-0.4108779788536148,0.,0,0,0,0,0,0,0,0,0,0,0,0,0,0,0,0,0,0,0,0,0,0,0,0,0,0,0
0,0,0,0,0,0,0,0.47678731299858235,0,0.5932733129985823,0.058643062867009474,0.9122631507322384,0.,-0.4096046188900819,0.,0,0,0,0,0,0,0,0,0,0,0,0,0,0,0,0,0,0,0,0,0,0,0,0,0,0,0
0,0,0,0,0,0,0,0.47678731299858235,0,0.5932733129985823,0.05585053606381855,0.9128341772330428,0.,-0.4083304603813849,0.,0,0,0,0,0,0,0,0,0,0,0,0,0,0,0,0,0,0,0,0,0,0,0,0,0,0,0
0,0,0,0,0,0,0,0.47678731299858235,0,0.5932733129985823,0.05305800926062762,0.913403424116909,0.,-0.40705550581156125,0.,0,0,0,0,0,0,0,0,0,0,0,0,0,0,0,0,0,0,0,0,0,0,0,0,0,0,0
0,0,0,0,0,0,0,0.47678731299858235,0,0.5932733129985823,0.050265482457436686,0.9139708902740612,0.,-0.40577975766619995,0.,0,0,0,0,0,0,0,0,0,0,0,0,0,0,0,0,0,0,0,0,0,0,0,0,0,0,0
0,0,0,0,0,0,0,0.47678731299858235,0,0.5932733129985823,0.047472955654245766,0.9145365745981949,0.,-0.4045032184324375,0.,0,0,0,0,0,0,0,0,0,0,0,0,0,0,0,0,0,0,0,0,0,0,0,0,0,0,0
0,0,0,0,0,0,0,0.47678731299858235,0,0.5932733129985823,0.04468042885105484,0.9151004759864798,0.,-0.40322589059895214,0.,0,0,0,0,0,0,0,0,0,0,0,0,0,0,0,0,0,0,0,0,0,0,0,0,0,0,0
0,0,0,0,0,0,0,0.47678731299858235,0,0.5932733129985823,0.041887902047863905,0.9156625933395611,0.,-0.4019477766559601,0.,0,0,0,0,0,0,0,0,0,0,0,0,0,0,0,0,0,0,0,0,0,0,0,0,0,0,0
0,0,0,0,0,0,0,0.47678731299858235,0,0.5932733129985823,0.039095375244672985,0.9162229255615623,0.,-0.40066887909520993,0.,0,0,0,0,0,0,0,0,0,0,0,0,0,0,0,0,0,0,0,0,0,0,0,0,0,0,0
0,0,0,0,0,0,0,0.47678731299858235,0,0.5932733129985823,0.03630284844148206,0.916781471560087,0.,-0.39938920040997766,0.,0,0,0,0,0,0,0,0,0,0,0,0,0,0,0,0,0,0,0,0,0,0,0,0,0,0,0
0,0,0,0,0,0,0,0.47678731299858235,0,0.5932733129985823,0.033510321638291124,0.9173382302462214,0.,-0.39810874309506256,0.,0,0,0,0,0,0,0,0,0,0,0,0,0,0,0,0,0,0,0,0,0,0,0,0,0,0,0
0,0,0,0,0,0,0,0.47678731299858235,0,0.5932733129985823,0.0307177948351002,0.9178932005345357,0.,-0.3968275096467816,0.,0,0,0,0,0,0,0,0,0,0,0,0,0,0,0,0,0,0,0,0,0,0,0,0,0,0,0
0,0,0,0,0,0,0,0.47678731299858235,0,0.5932733129985823,0.027925268031909273,0.9184463813430872,0.,-0.39554550256296495,0.,0,0,0,0,0,0,0,0,0,0,0,0,0,0,0,0,0,0,0,0,0,0,0,0,0,0,0
0,0,0,0,0,0,0,0.47678731299858235,0,0.5932733129985823,0.025132741228718343,0.9189977715934213,0.,-0.39426272434295095,0.,0,0,0,0,0,0,0,0,0,0,0,0,0,0,0,0,0,0,0,0,0,0,0,0,0,0,0
0,0,0,0,0,0,0,0.47678731299858235,0,0.5932733129985823,0.02234021442552742,0.9195473702105748,0.,-0.3929791774875816,0.,0,0,0,0,0,0,0,0,0,0,0,0,0,0,0,0,0,0,0,0,0,0,0,0,0,0,0
0,0,0,0,0,0,0,0.47678731299858235,0,0.5932733129985823,0.019547687622336492,0.9200951761230768,0.,-0.39169486449919694,0.,0,0,0,0,0,0,0,0,0,0,0,0,0,0,0,0,0,0,0,0,0,0,0,0,0,0,0
0,0,0,0,0,0,0,0.47678731299858235,0,0.5932733129985823,0.016755160819145562,0.9206411882629518,0.,-0.3904097878816309,0.,0,0,0,0,0,0,0,0,0,0,0,0,0,0,0,0,0,0,0,0,0,0,0,0,0,0,0
0,0,0,0,0,0,0,0.47678731299858235,0,0.5932733129985823,0.013962634015954637,0.9211854055657213,0.,-0.38912395014020623,0.,0,0,0,0,0,0,0,0,0,0,0,0,0,0,0,0,0,0,0,0,0,0,0,0,0,0,0
0,0,0,0,0,0,0,0.47678731299858235,0,0.5932733129985823,0.01117010721276371,0.9217278269704055,0.,-0.3878373537817293,0.,0,0,0,0,0,0,0,0,0,0,0,0,0,0,0,0,0,0,0,0,0,0,0,0,0,0,0
0,0,0,0,0,0,0,0.47678731299858235,0,0.5932733129985823,0.008377580409572781,0.9222684514195263,0.,-0.38655000131448564,0.,0,0,0,0,0,0,0,0,0,0,0,0,0,0,0,0,0,0,0,0,0,0,0,0,0,0,0
0,0,0,0,0,0,0,0.47678731299858235,0,0.5932733129985823,0.005585053606381855,0.9228072778591088,0.,-0.3852618952482346,0.,0,0,0,0,0,0,0,0,0,0,0,0,0,0,0,0,0,0,0,0,0,0,0,0,0,0,0
0,0,0,0,0,0,0,0.47678731299858235,0,0.5932733129985823,0.0027925268031909274,0.9233443052386829,0.,-0.383973038094205,0.,0,0,0,0,0,0,0,0,0,0,0,0,0,0,0,0,0,0,0,0,0,0,0,0,0,0,0
0,0,0,0,0,0,0,0.47678731299858235,0,0.5932733129985823,0.,0.9238795325112867,0.,-0.3826834323650898,0.,0,0,0,0,0,0,0,0,0,0,0,0,0,0,0,0,0,0,0,0,0,0,0,0,0,0,0
0,0,0,0,0,0,0,0.47678731299858235,0,0.5932733129985823,-0.0027925268031909274,0.9244129586334671,0.,-0.38139308057504123,0.,0,0,0,0,0,0,0,0,0,0,0,0,0,0,0,0,0,0,0,0,0,0,0,0,0,0,0
0,0,0,0,0,0,0,0.47678731299858235,0,0.5932733129985823,-0.005585053606381855,0.9249445825652823,0.,-0.3801019852396663,0.,0,0,0,0,0,0,0,0,0,0,0,0,0,0,0,0,0,0,0,0,0,0,0,0,0,0,0
0,0,0,0,0,0,0,0.47678731299858235,0,0.5932733129985823,-0.008377580409572781,0.9254744032703047,0.,-0.3788101488760214,0.,0,0,0,0,0,0,0,0,0,0,0,0,0,0,0,0,0,0,0,0,0,0,0,0,0,0,0
0,0,0,0,0,0,0,0.47678731299858235,0,0.5932733129985823,-0.01117010721276371,0.9260024197156214,0.,-0.37751757400260755,0.,0,0,0,0,0,0,0,0,0,0,0,0,0,0,0,0,0,0,0,0,0,0,0,0,0,0,0
0,0,0,0,0,0,0,0.47678731299858235,0,0.5932733129985823,-0.013962634015954637,0.9265286308718373,0.,-0.3762242631393656,0.,0,0,0,0,0,0,0,0,0,0,0,0,0,0,0,0,0,0,0,0,0,0,0,0,0,0,0
0,0,0,0,0,0,0,0.47678731299858235,0,0.5932733129985823,-0.016755160819145562,0.9270530357130771,0.,-0.37493021880767136,0.,0,0,0,0,0,0,0,0,0,0,0,0,0,0,0,0,0,0,0,0,0,0,0,0,0,0,0
0,0,0,0,0,0,0,0.47678731299858235,0,0.5932733129985823,-0.019547687622336492,0.9275756332169864,0.,-0.37363544353033035,0.,0,0,0,0,0,0,0,0,0,0,0,0,0,0,0,0,0,0,0,0,0,0,0,0,0,0,0
0,0,0,0,0,0,0,0.47678731299858235,0,0.5932733129985823,-0.02234021442552742,0.9280964223647349,0.,-0.3723399398315733,0.,0,0,0,0,0,0,0,0,0,0,0,0,0,0,0,0,0,0,0,0,0,0,0,0,0,0,0
0,0,0,0,0,0,0,0.47678731299858235,0,0.5932733129985823,-0.025132741228718343,0.9286154021410173,0.,-0.371043710237051,0.,0,0,0,0,0,0,0,0,0,0,0,0,0,0,0,0,0,0,0,0,0,0,0,0,0,0,0
0,0,0,0,0,0,0,0.47678731299858235,0,0.5932733129985823,-0.027925268031909273,0.9291325715340562,0.,-0.3697467572738293,0.,0,0,0,0,0,0,0,0,0,0,0,0,0,0,0,0,0,0,0,0,0,0,0,0,0,0,0
0,0,0,0,0,0,0,0.47678731299858235,0,0.5932733129985823,-0.0307177948351002,0.9296479295356032,0.,-0.3684490834703844,0.,0,0,0,0,0,0,0,0,0,0,0,0,0,0,0,0,0,0,0,0,0,0,0,0,0,0,0
0,0,0,0,0,0,0,0.47678731299858235,0,0.5932733129985823,-0.033510321638291124,0.9301614751409415,0.,-0.3671506913565977,0.,0,0,0,0,0,0,0,0,0,0,0,0,0,0,0,0,0,0,0,0,0,0,0,0,0,0,0
0,0,0,0,0,0,0,0.47678731299858235,0,0.5932733129985823,-0.03630284844148206,0.9306732073488878,0.,-0.36585158346375124,0.,0,0,0,0,0,0,0,0,0,0,0,0,0,0,0,0,0,0,0,0,0,0,0,0,0,0,0
0,0,0,0,0,0,0,0.47678731299858235,0,0.5932733129985823,-0.039095375244672985,0.9311831251617939,0.,-0.36455176232452213,0.,0,0,0,0,0,0,0,0,0,0,0,0,0,0,0,0,0,0,0,0,0,0,0,0,0,0,0
0,0,0,0,0,0,0,0.47678731299858235,0,0.5932733129985823,-0.041887902047863905,0.9316912275855489,0.,-0.36325123047297836,0.,0,0,0,0,0,0,0,0,0,0,0,0,0,0,0,0,0,0,0,0,0,0,0,0,0,0,0
0,0,0,0,0,0,0,0.47678731299858235,0,0.5932733129985823,-0.04468042885105484,0.9321975136295813,0.,-0.3619499904445732,0.,0,0,0,0,0,0,0,0,0,0,0,0,0,0,0,0,0,0,0,0,0,0,0,0,0,0,0
0,0,0,0,0,0,0,0.47678731299858235,0,0.5932733129985823,-0.047472955654245766,0.9327019823068603,0.,-0.3606480447761407,0.,0,0,0,0,0,0,0,0,0,0,0,0,0,0,0,0,0,0,0,0,0,0,0,0,0,0,0
0,0,0,0,0,0,0,0.47678731299858235,0,0.5932733129985823,-0.050265482457436686,0.9332046326338986,0.,-0.35934539600589066,0.,0,0,0,0,0,0,0,0,0,0,0,0,0,0,0,0,0,0,0,0,0,0,0,0,0,0,0
0,0,0,0,0,0,0,0.47678731299858235,0,0.5932733129985823,-0.05305800926062762,0.9337054636307536,0.,-0.3580420466734034,0.,0,0,0,0,0,0,0,0,0,0,0,0,0,0,0,0,0,0,0,0,0,0,0,0,0,0,0
0,0,0,0,0,0,0,0.47678731299858235,0,0.5932733129985823,-0.05585053606381855,0.9342044743210295,0.,-0.3567379993196252,0.,0,0,0,0,0,0,0,0,0,0,0,0,0,0,0,0,0,0,0,0,0,0,0,0,0,0,0
0,0,0,0,0,0,0,0.47678731299858235,0,0.5932733129985823,-0.058643062867009474,0.9347016637318797,0.,-0.355433256486863,0.,0,0,0,0,0,0,0,0,0,0,0,0,0,0,0,0,0,0,0,0,0,0,0,0,0,0,0
0,0,0,0,0,0,0,0.47678731299858235,0,0.5932733129985823,-0.0614355896702004,0.9351970308940077,0.,-0.3541278207187799,0.,0,0,0,0,0,0,0,0,0,0,0,0,0,0,0,0,0,0,0,0,0,0,0,0,0,0,0
0,0,0,0,0,0,0,0.47678731299858235,0,0.5932733129985823,-0.06422811647339133,0.9356905748416702,0.,-0.35282169456038953,0.,0,0,0,0,0,0,0,0,0,0,0,0,0,0,0,0,0,0,0,0,0,0,0,0,0,0,0
0,0,0,0,0,0,0,0.47678731299858235,0,0.5932733129985823,-0.06702064327658225,0.9361822946126778,0.,-0.3515148805580518,0.,0,0,0,0,0,0,0,0,0,0,0,0,0,0,0,0,0,0,0,0,0,0,0,0,0,0,0
0,0,0,0,0,0,0,0.47678731299858235,0,0.5932733129985823,-0.06981317007977318,0.9366721892483976,0.,-0.35020738125946743,0.,0,0,0,0,0,0,0,0,0,0,0,0,0,0,0,0,0,0,0,0,0,0,0,0,0,0,0
0,0,0,0,0,0,0,0.47678731299858235,0,0.5932733129985823,-0.07260569688296412,0.9371602577937551,0.,-0.34889919921367324,0.,0,0,0,0,0,0,0,0,0,0,0,0,0,0,0,0,0,0,0,0,0,0,0,0,0,0,0
0,0,0,0,0,0,0,0.47678731299858235,0,0.5932733129985823,-0.07539822368615504,0.9376464992972356,0.,-0.34759033697103703,0.,0,0,0,0,0,0,0,0,0,0,0,0,0,0,0,0,0,0,0,0,0,0,0,0,0,0,0
0,0,0,0,0,0,0,0.47678731299858235,0,0.5932733129985823,-0.07819075048934597,0.9381309128108866,0.,-0.3462807970832527,0.,0,0,0,0,0,0,0,0,0,0,0,0,0,0,0,0,0,0,0,0,0,0,0,0,0,0,0
0,0,0,0,0,0,0,0.47678731299858235,0,0.5932733129985823,-0.08098327729253689,0.9386134973903187,0.,-0.34497058210333537,0.,0,0,0,0,0,0,0,0,0,0,0,0,0,0,0,0,0,0,0,0,0,0,0,0,0,0,0
0,0,0,0,0,0,0,0.47678731299858235,0,0.5932733129985823,-0.08377580409572781,0.9390942520947091,0.,-0.34365969458561607,0.,0,0,0,0,0,0,0,0,0,0,0,0,0,0,0,0,0,0,0,0,0,0,0,0,0,0,0
0,0,0,0,0,0,0,0.47678731299858235,0,0.5932733129985823,-0.08656833089891874,0.9395731759868017,0.,-0.34234813708573714,0.,0,0,0,0,0,0,0,0,0,0,0,0,0,0,0,0,0,0,0,0,0,0,0,0,0,0,0
0,0,0,0,0,0,0,0.47678731299858235,0,0.5932733129985823,-0.08936085770210968,0.9400502681329097,0.,-0.34103591216064705,0.,0,0,0,0,0,0,0,0,0,0,0,0,0,0,0,0,0,0,0,0,0,0,0,0,0,0,0
0,0,0,0,0,0,0,0.47678731299858235,0,0.5932733129985823,-0.0921533845053006,0.9405255276029177,0.,-0.33972302236859536,0.,0,0,0,0,0,0,0,0,0,0,0,0,0,0,0,0,0,0,0,0,0,0,0,0,0,0,0
0,0,0,0,0,0,0,0.47678731299858235,0,0.5932733129985823,-0.09494591130849153,0.9409989534702832,0.,-0.3384094702691281,0.,0,0,0,0,0,0,0,0,0,0,0,0,0,0,0,0,0,0,0,0,0,0,0,0,0,0,0
0,0,0,0,0,0,0,0.47678731299858235,0,0.5932733129985823,-0.09773843811168245,0.941470544812038,0.,-0.3370952584230821,0.,0,0,0,0,0,0,0,0,0,0,0,0,0,0,0,0,0,0,0,0,0,0,0,0,0,0,0
0,0,0,0,0,0,0,0.47678731299858235,0,0.5932733129985823,-0.10053096491487337,0.9419403007087906,0.,-0.33578038939258065,0.,0,0,0,0,0,0,0,0,0,0,0,0,0,0,0,0,0,0,0,0,0,0,0,0,0,0,0
0,0,0,0,0,0,0,0.47678731299858235,0,0.5932733129985823,-0.1033234917180643,0.9424082202447281,0.,-0.33446486574102824,0.,0,0,0,0,0,0,0,0,0,0,0,0,0,0,0,0,0,0,0,0,0,0,0,0,0,0,0
0,0,0,0,0,0,0,0.47678731299858235,0,0.5932733129985823,-0.10611601852125524,0.9428743025076173,0.,-0.3331486900331055,0.,0,0,0,0,0,0,0,0,0,0,0,0,0,0,0,0,0,0,0,0,0,0,0,0,0,0,0
0,0,0,0,0,0,0,0.47678731299858235,0,0.5932733129985823,-0.10890854532444617,0.9433385465888069,0.,-0.33183186483476446,0.,0,0,0,0,0,0,0,0,0,0,0,0,0,0,0,0,0,0,0,0,0,0,0,0,0,0,0
0,0,0,0,0,0,0,0.47678731299858235,0,0.5932733129985823,-0.1117010721276371,0.9438009515832294,0.,-0.330514392713223,0.,0,0,0,0,0,0,0,0,0,0,0,0,0,0,0,0,0,0,0,0,0,0,0,0,0,0,0
0,0,0,0,0,0,0,0.47678731299858235,0,0.5932733129985823,-0.11449359893082801,0.9442615165894026,0.,-0.3291962762369606,0.,0,0,0,0,0,0,0,0,0,0,0,0,0,0,0,0,0,0,0,0,0,0,0,0,0,0,0
0,0,0,0,0,0,0,0.47678731299858235,0,0.5932733129985823,-0.11728612573401895,0.9447202407094315,0.,-0.32787751797571274,0.,0,0,0,0,0,0,0,0,0,0,0,0,0,0,0,0,0,0,0,0,0,0,0,0,0,0,0
0,0,0,0,0,0,0,0.47678731299858235,0,0.5932733129985823,-0.12007865253720987,0.9451771230490098,0.,-0.3265581205004662,0.,0,0,0,0,0,0,0,0,0,0,0,0,0,0,0,0,0,0,0,0,0,0,0,0,0,0,0
0,0,0,0,0,0,0,0.47678731299858235,0,0.5932733129985823,-0.1228711793404008,0.9456321627174221,0.,-0.3252380863834537,0.,0,0,0,0,0,0,0,0,0,0,0,0,0,0,0,0,0,0,0,0,0,0,0,0,0,0,0
0,0,0,0,0,0,0,0.47678731299858235,0,0.5932733129985823,-0.12566370614359174,0.9460853588275453,0.,-0.3239174181981494,0.,0,0,0,0,0,0,0,0,0,0,0,0,0,0,0,0,0,0,0,0,0,0,0,0,0,0,0
0,0,0,0,0,0,0,0.47678731299858235,0,0.5932733129985823,-0.12845623294678266,0.9465367104958504,0.,-0.3225961185192635,0.,0,0,0,0,0,0,0,0,0,0,0,0,0,0,0,0,0,0,0,0,0,0,0,0,0,0,0
0,0,0,0,0,0,0,0.47678731299858235,0,0.5932733129985823,-0.13124875974997358,0.9469862168424041,0.,-0.3212741899227373,0.,0,0,0,0,0,0,0,0,0,0,0,0,0,0,0,0,0,0,0,0,0,0,0,0,0,0,0
0,0,0,0,0,0,0,0.47678731299858235,0,0.5932733129985823,-0.1340412865531645,0.947433876990871,0.,-0.3199516349857384,0.,0,0,0,0,0,0,0,0,0,0,0,0,0,0,0,0,0,0,0,0,0,0,0,0,0,0,0
0,0,0,0,0,0,0,0.47678731299858235,0,0.5932733129985823,-0.13683381335635544,0.9478796900685145,0.,-0.3186284562866551,0.,0,0,0,0,0,0,0,0,0,0,0,0,0,0,0,0,0,0,0,0,0,0,0,0,0,0,0