0.,0.,0.,1.,0.,0.,0.,0.197396,0.,0.276914,-0.07776350000000001,0.538647,0.220708,-0.799677,0.146915,0.451702,-0.083451,0.887233,-0.042481,0.458038,0.244042,-0.844404,0.132361,-0.938209,0.062427,-0.288828,0.179936,-0.894036,-0.002019,0.447819,0.004082,-0.867611,0.006724,-0.496866,-0.011892,0.,0.,0.,1.,0.,0.,0.
0.,0.,0.,1.,0.,0.,0.,0.197396,0.,0.276334,-0.07883650000000002,0.54013,0.219365,-0.798841,0.147947,0.452046,-0.082361,0.88718,-0.041959,0.458805,0.240916,-0.84509,0.130767,-0.938021,0.061452,-0.288476,0.181836,-0.895712,-0.002445,0.444429,0.004988,-0.86965,0.008151,-0.493184,-0.014536,0.,0.,0.,1.,0.,0.,0.
0.,0.,0.,1.,0.,0.,0.,0.197396,0.,0.274584,-0.08045950000000002,0.541868,0.218115,-0.797846,0.148764,0.452526,-0.081033,0.887082,-0.041328,0.459881,0.237091,-0.845825,0.128862,-0.937985,0.061296,-0.287855,0.183067,-0.897534,-0.002799,0.440725,0.00577,-0.871591,0.009343,-0.489645,-0.016816,0.,0.,0.,1.,0.,0.,0.
0.,0.,0.,1.,0.,0.,0.,0.197396,0.,0.274513,-0.08320650000000002,0.544375,0.216045,-0.796425,0.150091,0.453257,-0.079706,0.886852,-0.040724,0.461064,0.233286,-0.846491,0.127003,-0.938037,0.061638,-0.286672,0.184566,-0.899122,-0.003232,0.437469,0.006717,-0.873426,0.010791,-0.486222,-0.019584,0.,0.,0.,1.,0.,0.,0.
0.,0.,0.,1.,0.,0.,0.,0.197396,0.,0.275899,-0.08655150000000002,0.547375,0.213735,-0.794585,0.152038,0.454359,-0.078096,0.886458,-0.040009,0.462182,0.228727,-0.84744,0.124676,-0.938059,0.062196,-0.285306,0.186408,-0.900821,-0.003624,0.43396,0.0076,-0.875287,0.012102,-0.482708,-0.022166,0.,0.,0.,1.,0.,0.,0.
0.,0.,0.,1.,0.,0.,0.,0.197396,0.,0.277429,-0.08932750000000002,0.55036,0.211364,-0.79274,0.154136,0.455591,-0.076286,0.886014,-0.039201,0.463513,0.223584,-0.848445,0.122071,-0.937867,0.061513,-0.285154,0.187798,-0.90244,-0.004056,0.430562,0.008591,-0.877427,0.013526,-0.478574,-0.02508,0.,0.,0.,1.,0.,0.,0.
0.,0.,0.,1.,0.,0.,0.,0.197396,0.,0.278291,-0.09199050000000002,0.553345,0.209233,-0.79079,0.156431,0.45673,-0.074315,0.885636,-0.0383,0.465179,0.217931,-0.849406,0.119265,-0.937716,0.061436,-0.28497,0.188864,-0.904103,-0.004432,0.427035,0.009466,-0.87978,0.014749,-0.474017,-0.027661,0.,0.,0.,1.,0.,0.,0.
0.,0.,0.,1.,0.,0.,0.,0.197396,0.,0.27952,-0.09530350000000001,0.555797,0.207002,-0.789072,0.159322,0.457493,-0.07241,0.885443,-0.037393,0.466875,0.212407,-0.85029,0.116558,-0.937573,0.060563,-0.285014,0.18977,-0.905827,-0.00479,0.423351,0.010328,-0.882081,0.015923,-0.46951,-0.030206,0.,0.,0.,1.,0.,0.,0.
0.,0.,0.,1.,0.,0.,0.,0.197396,0.,0.28283,-0.09919850000000002,0.557948,0.205124,-0.787311,0.162941,0.457812,-0.070433,0.885481,-0.036399,0.469164,0.20653,-0.850869,0.113833,-0.937381,0.059951,-0.284959,0.191001,-0.907427,-0.005217,0.419862,0.011344,-0.884318,0.017322,-0.465033,-0.033198,0.,0.,0.,1.,0.,0.,0.
0.,0.,0.,1.,0.,0.,0.,0.197396,0.,0.285128,-0.10260250000000001,0.560011,0.203477,-0.785584,0.166222,0.45853,-0.068904,0.885259,-0.035675,0.470353,0.202116,-0.85156,0.111592,-0.937091,0.058807,-0.285282,0.192298,-0.909098,-0.005604,0.416206,0.012304,-0.886706,0.01857,-0.460178,-0.036045,0.,0.,0.,1.,0.,0.,0.
0.,0.,0.,1.,0.,0.,0.,0.197396,0.,0.287749,-0.10533750000000003,0.561812,0.2023,-0.783905,0.169488,0.459008,-0.066904,0.885208,-0.034684,0.472273,0.196258,-0.852257,0.108681,-0.936654,0.058651,-0.285839,0.193636,-0.910436,-0.006036,0.413238,0.013362,-0.888956,0.019938,-0.455487,-0.039188,0.,0.,0.,1.,0.,0.,0.
0.,0.,0.,1.,0.,0.,0.,0.197396,0.,0.290155,-0.10742550000000002,0.564324,0.200866,-0.781829,0.17246,0.459902,-0.065246,0.8849,-0.033904,0.474163,0.191401,-0.852605,0.106363,-0.936315,0.058373,-0.286088,0.194975,-0.911796,-0.006413,0.410195,0.014322,-0.891111,0.021129,-0.450941,-0.042044,0.,0.,0.,1.,0.,0.,0.
0.,0.,0.,1.,0.,0.,0.,0.197396,0.,0.294203,-0.10922450000000002,0.566943,0.199,-0.779693,0.175789,0.460773,-0.063905,0.88457,-0.033285,0.476176,0.187433,-0.852591,0.104588,-0.935939,0.057812,-0.286036,0.197011,-0.913105,-0.006798,0.407235,0.015311,-0.893652,0.022285,-0.445521,-0.045016,0.,0.,0.,1.,0.,0.,0.
0.,0.,0.,1.,0.,0.,0.,0.197396,0.,0.296557,-0.11075450000000002,0.56904,0.198203,-0.777699,0.178762,0.461431,-0.062473,0.884359,-0.032596,0.478111,0.183191,-0.852698,0.10262,-0.935588,0.056924,-0.286075,0.198873,-0.914494,-0.007127,0.404089,0.016193,-0.896101,0.023266,-0.440271,-0.047671,0.,0.,0.,1.,0.,0.,0.
0.,0.,0.,1.,0.,0.,0.,0.197396,0.,0.29623,-0.11213050000000002,0.570981,0.198116,-0.775783,0.180962,0.461961,-0.061248,0.884191,-0.031996,0.480017,0.179514,-0.852629,0.100982,-0.935251,0.056295,-0.286258,0.20036,-0.915883,-0.00742,0.400907,0.017011,-0.898431,0.024148,-0.435234,-0.050134,0.,0.,0.,1.,0.,0.,0.
0.,0.,0.,1.,0.,0.,0.,0.197396,0.,0.295204,-0.11396950000000002,0.573307,0.198025,-0.773654,0.182814,0.462475,-0.060319,0.884002,-0.03155,0.481974,0.17668,-0.852276,0.099849,-0.934985,0.057031,-0.286131,0.201564,-0.917274,-0.007713,0.397673,0.017861,-0.900591,0.025023,-0.430382,-0.052691,0.,0.,0.,1.,0.,0.,0.
0.,0.,0.,1.,0.,0.,0.,0.197396,0.,0.294893,-0.11594350000000002,0.57647,0.197238,-0.771023,0.184768,0.463678,-0.059587,0.883425,-0.031267,0.483547,0.174522,-0.851949,0.099004,-0.93454,0.056365,-0.286613,0.203152,-0.918517,-0.008098,0.394739,0.018911,-0.902527,0.026189,-0.425826,-0.055839,0.,0.,0.,1.,0.,0.,0.
0.,0.,0.,1.,0.,0.,0.,0.197396,0.,0.295145,-0.11660750000000002,0.579865,0.196189,-0.768202,0.186817,0.465486,-0.058857,0.882522,-0.031039,0.485601,0.172381,-0.851324,0.098302,-0.934083,0.05665,-0.286622,0.20515,-0.919657,-0.008448,0.392026,0.019878,-0.904575,0.027203,-0.421011,-0.058758,0.,0.,0.,1.,0.,0.,0.
0.,0.,0.,1.,0.,0.,0.,0.197396,0.,0.294902,-0.11753450000000001,0.583944,0.194751,-0.764977,0.188628,0.467824,-0.058549,0.881295,-0.03108,0.487424,0.171527,-0.85046,0.098298,-0.933567,0.057094,-0.287011,0.206839,-0.920519,-0.008787,0.389949,0.020794,-0.906437,0.028163,-0.416568,-0.061532,0.,0.,0.,1.,0.,0.,0.
0.,0.,0.,1.,0.,0.,0.,0.197396,0.,0.295652,-0.12025750000000002,0.588471,0.193217,-0.761438,0.190232,0.469729,-0.05847,0.880277,-0.031209,0.489768,0.171221,-0.849121,0.09878,-0.932875,0.057201,-0.287913,0.208651,-0.921318,-0.009061,0.388024,0.021554,-0.907969,0.028935,-0.412865,-0.063836,0.,0.,0.,1.,0.,0.,0.
0.,0.,0.,1.,0.,0.,0.,0.197396,0.,0.295382,-0.12349450000000002,0.593454,0.191992,-0.75752,0.191561,0.471731,-0.05866,0.879188,-0.031485,0.491833,0.171717,-0.847703,0.099667,-0.932329,0.057637,-0.28808,0.21071,-0.922377,-0.009168,0.385484,0.021965,-0.9101,0.029126,-0.40792,-0.065129,0.,0.,0.,1.,0.,0.,0.
0.,0.,0.,1.,0.,0.,0.,0.197396,0.,0.29526,-0.12581850000000003,0.598001,0.190558,-0.753898,0.193082,0.473327,-0.058767,0.87832,-0.031679,0.494042,0.171924,-0.846284,0.100401,-0.931772,0.058952,-0.287901,0.213031,-0.923374,-0.009282,0.383067,0.022395,-0.91216,0.029332,-0.403078,-0.066482,0.,0.,0.,1.,0.,0.,0.
0.,0.,0.,1.,0.,0.,0.,0.197396,0.,0.294746,-0.12743350000000003,0.60249,0.189209,-0.750239,0.194681,0.47497,-0.058656,0.877442,-0.03176,0.495692,0.171579,-0.845357,0.100639,-0.931001,0.059219,-0.289206,0.214532,-0.924293,-0.009419,0.380822,0.022879,-0.913996,0.029601,-0.398587,-0.067993,0.,0.,0.,1.,0.,0.,0.
0.,0.,0.,1.,0.,0.,0.,0.197396,0.,0.293596,-0.1282145,0.607175,0.187484,-0.746554,0.196007,0.47694,-0.05871,0.876367,-0.031957,0.497469,0.171723,-0.844215,0.101216,-0.930241,0.059546,-0.290237,0.216323,-0.925178,-0.009585,0.378639,0.023437,-0.915635,0.02999,-0.394499,-0.069717,0.,0.,0.,1.,0.,0.,0.
0.,0.,0.,1.,0.,0.,0.,0.197396,0.,0.293626,-0.1290755,0.612394,0.185044,-0.742434,0.197766,0.478974,-0.059051,0.875224,-0.032321,0.498926,0.172735,-0.843034,0.102245,-0.929469,0.059849,-0.291156,0.218293,-0.925894,-0.00972,0.376864,0.023891,-0.917382,0.030232,-0.390186,-0.071147,0.,0.,0.,1.,0.,0.,0.
0.,0.,0.,1.,0.,0.,0.,0.197396,0.,0.294248,-0.13072650000000002,0.617956,0.182485,-0.737879,0.199947,0.481279,-0.059113,0.873949,-0.032555,0.501274,0.17287,-0.841519,0.102983,-0.92857,0.059888,-0.291851,0.221139,-0.926475,-0.009815,0.375409,0.024236,-0.91896,0.030336,-0.386256,-0.072257,0.,0.,0.,1.,0.,0.,0.
0.,0.,0.,1.,0.,0.,0.,0.197396,0.,0.294209,-0.13219150000000002,0.623019,0.180294,-0.733617,0.201934,0.483335,-0.059312,0.872783,-0.03285,0.503708,0.173359,-0.839843,0.103985,-0.927506,0.060552,-0.29242,0.224603,-0.927002,-0.00991,0.37408,0.024571,-0.92052,0.030417,-0.382303,-0.073345,0.,0.,0.,1.,0.,0.,0.
0.,0.,0.,1.,0.,0.,0.,0.197396,0.,0.292511,-0.1335965,0.628004,0.178247,-0.729521,0.203122,0.485023,-0.059686,0.8718,-0.033213,0.506134,0.174302,-0.838017,0.105291,-0.926605,0.061082,-0.293283,0.227037,-0.927526,-0.009931,0.372771,0.024724,-0.922089,0.030282,-0.378401,-0.073886,0.,0.,0.,1.,0.,0.,0.
0.,0.,0.,1.,0.,0.,0.,0.197396,0.,0.290701,-0.13436050000000002,0.632995,0.176252,-0.725286,0.204418,0.486627,-0.059885,0.870875,-0.033472,0.508555,0.174736,-0.836332,0.106278,-0.925296,0.060666,-0.294907,0.230342,-0.927942,-0.009864,0.371754,0.024631,-0.923662,0.029873,-0.374636,-0.073693,0.,0.,0.,1.,0.,0.,0.
0.,0.,0.,1.,0.,0.,0.,0.197396,0.,0.288677,-0.13382950000000002,0.638182,0.173937,-0.720817,0.205857,0.488745,-0.05982,0.869677,-0.03363,0.51055,0.174532,-0.835102,0.106735,-0.92426,0.061005,-0.296021,0.232962,-0.928336,-0.009893,0.370772,0.024778,-0.925428,0.029688,-0.370219,-0.074244,0.,0.,0.,1.,0.,0.,0.
0.,0.,0.,1.,0.,0.,0.,0.197396,0.,0.286592,-0.1331315,0.643485,0.171253,-0.71626,0.207363,0.49135,-0.059771,0.868194,-0.033842,0.512626,0.174412,-0.83377,0.107275,-0.923043,0.06068,-0.297784,0.235589,-0.928412,-0.009897,0.370583,0.024799,-0.926714,0.029474,-0.366965,-0.074396,0.,0.,0.,1.,0.,0.,0.
0.,0.,0.,1.,0.,0.,0.,0.197396,0.,0.286317,-0.13361250000000002,0.649144,0.168359,-0.711239,0.209237,0.494252,-0.059982,0.866514,-0.034229,0.51465,0.175068,-0.832241,0.108308,-0.921705,0.060081,-0.299907,0.23827,-0.928343,-0.009818,0.370768,0.024592,-0.928028,0.028998,-0.363768,-0.073871,0.,0.,0.,1.,0.,0.,0.
0.,0.,0.,1.,0.,0.,0.,0.197396,0.,0.284609,-0.13485450000000002,0.654897,0.165733,-0.706136,0.210704,0.497202,-0.060316,0.864786,-0.03469,0.517305,0.176,-0.830212,0.109703,-0.92035,0.060346,-0.301488,0.241413,-0.928147,-0.009583,0.371296,0.023975,-0.929337,0.028068,-0.360783,-0.072113,0.,0.,0.,1.,0.,0.,0.
0.,0.,0.,1.,0.,0.,0.,0.197396,0.,0.282643,-0.13624750000000002,0.660801,0.163245,-0.700697,0.212448,0.500219,-0.060311,0.863033,-0.034959,0.520375,0.175922,-0.828189,0.110545,-0.918766,0.060709,-0.303955,0.244223,-0.927563,-0.009211,0.372789,0.022968,-0.930729,0.026692,-0.357819,-0.069201,0.,0.,0.,1.,0.,0.,0.
0.,0.,0.,1.,0.,0.,0.,0.197396,0.,0.280163,-0.1360095,0.665967,0.160816,-0.695947,0.213889,0.503193,-0.06003,0.861316,-0.035068,0.524286,0.17495,-0.825864,0.111052,-0.917212,0.061282,-0.306604,0.246599,-0.927102,-0.008771,0.373991,0.021813,-0.932141,0.025168,-0.354796,-0.065825,0.,0.,0.,1.,0.,0.,0.
0.,0.,0.,1.,0.,0.,0.,0.197396,0.,0.277681,-0.1359885,0.671398,0.15805,-0.690992,0.214997,0.506242,-0.06013,0.8595,-0.03541,0.527061,0.175212,-0.823899,0.112062,-0.915479,0.061746,-0.309863,0.248813,-0.92627,-0.008287,0.376099,0.020506,-0.933424,0.023502,-0.352198,-0.061995,0.,0.,0.,1.,0.,0.,0.
0.,0.,0.,1.,0.,0.,0.,0.197396,0.,0.276439,-0.13538250000000002,0.676596,0.155016,-0.686146,0.216516,0.509102,-0.059914,0.857814,-0.035548,0.530155,0.174513,-0.821995,0.112519,-0.913727,0.061753,-0.313626,0.250486,-0.92514,-0.007776,0.378911,0.019103,-0.934376,0.021795,-0.350502,-0.057867,0.,0.,0.,1.,0.,0.,0.
0.,0.,0.,1.,0.,0.,0.,0.197396,0.,0.274961,-0.13419450000000002,0.68156,0.151991,-0.681459,0.218048,0.511943,-0.059682,0.856138,-0.035682,0.53319,0.173771,-0.820121,0.112952,-0.91187,0.06226,-0.317551,0.252188,-0.923753,-0.007176,0.382323,0.017487,-0.935108,0.019895,-0.349374,-0.053067,0.,0.,0.,1.,0.,0.,0.
0.,0.,0.,1.,0.,0.,0.,0.197396,0.,0.273414,-0.13374450000000002,0.686565,0.149219,-0.676618,0.219412,0.514953,-0.059239,0.854367,-0.035697,0.536278,0.172449,-0.81838,0.112972,-0.909869,0.062983,-0.321552,0.254067,-0.922174,-0.006646,0.386115,0.016061,-0.935878,0.018211,-0.347985,-0.048837,0.,0.,0.,1.,0.,0.,0.
0.,0.,0.,1.,0.,0.,0.,0.197396,0.,0.269669,-0.1330705,0.691148,0.147286,-0.672193,0.219989,0.517836,-0.058839,0.852653,-0.035722,0.540143,0.171127,-0.816077,0.113215,-0.907697,0.06388,-0.325722,0.256251,-0.920449,-0.005905,0.390252,0.014128,-0.936641,0.015979,-0.346842,-0.04305,0.,0.,0.,1.,0.,0.,0.
0.,0.,0.,1.,0.,0.,0.,0.197396,0.,0.266364,-0.13229950000000001,0.695866,0.145456,-0.667526,0.220572,0.520727,-0.058291,0.850929,-0.035654,0.543602,0.169446,-0.814139,0.113068,-0.905355,0.064489,-0.330159,0.258631,-0.918447,-0.005223,0.394952,0.01236,-0.936929,0.013976,-0.346796,-0.03774,0.,0.,0.,1.,0.,0.,0.
0.,0.,0.,1.,0.,0.,0.,0.197396,0.,0.261849,-0.13075650000000003,0.700348,0.143557,-0.663021,0.22118,0.523779,-0.057539,0.849109,-0.035472,0.54742,0.167155,-0.812116,0.112594,-0.902695,0.065203,-0.335324,0.260994,-0.915941,-0.004386,0.400699,0.010281,-0.937264,0.011618,-0.346573,-0.031448,0.,0.,0.,1.,0.,0.,0.
0.,0.,0.,1.,0.,0.,0.,0.197396,0.,0.259121,-0.1291025,0.705425,0.141078,-0.657933,0.22171,0.52718,-0.057025,0.847028,-0.035476,0.550966,0.165615,-0.810038,0.112588,-0.899949,0.064888,-0.340961,0.263122,-0.913268,-0.003664,0.406733,0.008491,-0.937173,0.009616,-0.347348,-0.026021,0.,0.,0.,1.,0.,0.,0.
0.,0.,0.,1.,0.,0.,0.,0.197396,0.,0.2569,-0.12783950000000002,0.710914,0.138207,-0.652468,0.221864,0.530781,-0.056745,0.844769,-0.035638,0.554415,0.164772,-0.807784,0.113033,-0.897036,0.064415,-0.346863,0.265299,-0.910443,-0.002853,0.412929,0.006606,-0.937006,0.007462,-0.348158,-0.020253,0.,0.,0.,1.,0.,0.,0.
0.,0.,0.,1.,0.,0.,0.,0.197396,0.,0.254814,-0.12657050000000003,0.7167,0.135192,-0.646565,0.222249,0.534851,-0.056376,0.842187,-0.035782,0.557447,0.163796,-0.805863,0.113238,-0.893913,0.06411,-0.352851,0.267959,-0.90721,-0.002028,0.419976,0.004734,-0.93644,0.005323,-0.349894,-0.014498,0.,0.,0.,1.,0.,0.,0.
0.,0.,0.,1.,0.,0.,0.,0.197396,0.,0.252024,-0.12434150000000002,0.722023,0.132641,-0.640967,0.222564,0.539078,-0.055774,0.839486,-0.035796,0.561069,0.1621,-0.80371,0.11311,-0.890771,0.064529,-0.358753,0.270444,-0.903965,-0.000908,0.426896,0.002326,-0.935665,0.002501,-0.352012,-0.007044,0.,0.,0.,1.,0.,0.,0.
0.,0.,0.,1.,0.,0.,0.,0.197396,0.,0.250963,-0.12259150000000002,0.727764,0.129718,-0.634906,0.222801,0.54342,-0.055071,0.836705,-0.03574,0.565041,0.160081,-0.801357,0.112804,-0.887495,0.064813,-0.364931,0.272828,-0.900429,0.000285,0.434244,-0.000153,-0.934881,-0.000455,-0.354055,0.000668,0.,0.,0.,1.,0.,0.,0.
0.,0.,0.,1.,0.,0.,0.,0.197396,0.,0.249956,-0.12092250000000002,0.733679,0.126827,-0.628488,0.223208,0.548258,-0.05417,0.833593,-0.035602,0.56919,0.15754,-0.799001,0.112161,-0.883742,0.064538,-0.372034,0.275436,-0.896091,0.001428,0.442949,-0.002389,-0.933534,-0.003237,-0.35731,0.007675,0.,0.,0.,1.,0.,0.,0.
0.,0.,0.,1.,0.,0.,0.,0.197396,0.,0.247949,-0.11798050000000002,0.739406,0.123932,-0.622347,0.223112,0.553108,-0.053488,0.830419,-0.035595,0.57321,0.155635,-0.796533,0.111923,-0.880146,0.064539,-0.378891,0.277532,-0.891848,0.002801,0.451302,-0.004986,-0.931676,-0.006555,-0.361602,0.015842,0.,0.,0.,1.,0.,0.,0.
0.,0.,0.,1.,0.,0.,0.,0.197396,0.,0.24587,-0.11580150000000002,0.745302,0.121059,-0.615874,0.223182,0.558122,-0.052863,0.827101,-0.03564,0.576818,0.153969,-0.794272,0.111734,-0.876346,0.064437,-0.38619,0.279516,-0.887181,0.004287,0.460296,-0.007674,-0.928999,-0.01016,-0.367592,0.02432,0.,0.,0.,1.,0.,0.,0.
0.,0.,0.,1.,0.,0.,0.,0.197396,0.,0.243575,-0.11253850000000001,0.751023,0.117926,-0.609607,0.22308,0.563258,-0.052293,0.823652,-0.035722,0.580428,0.15247,-0.791939,0.111653,-0.872638,0.065038,-0.393367,0.281012,-0.882121,0.005961,0.469761,-0.010573,-0.925917,-0.014247,-0.374099,0.03349,0.,0.,0.,1.,0.,0.,0.
0.,0.,0.,1.,0.,0.,0.,0.197396,0.,0.241338,-0.10969950000000002,0.757023,0.114705,-0.603047,0.222499,0.568518,-0.051779,0.820068,-0.035848,0.584122,0.151138,-0.789462,0.111709,-0.868728,0.065291,-0.40092,0.282314,-0.876493,0.007653,0.47985,-0.013269,-0.921754,-0.018393,-0.382731,0.042076,0.,0.,0.,1.,0.,0.,0.
0.,0.,0.,1.,0.,0.,0.,0.197396,0.,0.239648,-0.10763350000000002,0.76299,0.111339,-0.59626,0.222054,0.57384,-0.050981,0.816411,-0.03579,0.587668,0.149035,-0.787322,0.111137,-0.86465,0.066457,-0.408521,0.283565,-0.870352,0.009598,0.490581,-0.016283,-0.916869,-0.023231,-0.392447,0.051672,0.,0.,0.,1.,0.,0.,0.
0.,0.,0.,1.,0.,0.,0.,0.197396,0.,0.237527,-0.10425450000000003,0.768408,0.108274,-0.589982,0.221525,0.578972,-0.05007,0.812847,-0.035624,0.591142,0.146596,-0.78531,0.110255,-0.860546,0.068033,-0.41606,0.2846,-0.863969,0.011601,0.501407,-0.019202,-0.911138,-0.028313,-0.403455,0.060971,0.,0.,0.,1.,0.,0.,0.
0.,0.,0.,1.,0.,0.,0.,0.197396,0.,0.235818,-0.10087550000000002,0.773767,0.105239,-0.583775,0.220721,0.584131,-0.049188,0.80919,-0.035464,0.594757,0.144216,-0.783155,0.10944,-0.855902,0.068868,-0.424767,0.285373,-0.856819,0.013746,0.513188,-0.022143,-0.904718,-0.033782,-0.415357,0.070385,0.,0.,0.,1.,0.,0.,0.
0.,0.,0.,1.,0.,0.,0.,0.197396,0.,0.235676,-0.09817150000000002,0.779443,0.101413,-0.577004,0.220177,0.589205,-0.048306,0.80554,-0.035291,0.598372,0.141832,-0.780962,0.108602,-0.851219,0.07018,-0.433229,0.286317,-0.848909,0.015786,0.525864,-0.024652,-0.897424,-0.039106,-0.428585,0.078458,0.,0.,0.,1.,0.,0.,0.
0.,0.,0.,1.,0.,0.,0.,0.197396,0.,0.231901,-0.09611350000000002,0.785092,0.098399,-0.570255,0.218925,0.594478,-0.04752,0.801696,-0.035187,0.601832,0.139761,-0.778752,0.107923,-0.846112,0.071722,-0.442168,0.287316,-0.840171,0.018057,0.539312,-0.027274,-0.888867,-0.045127,-0.443558,0.086906,0.,0.,0.,1.,0.,0.,0.
0.,0.,0.,1.,0.,0.,0.,0.197396,0.,0.228723,-0.09340650000000002,0.790472,0.095167,-0.563841,0.217599,0.599529,-0.046765,0.797973,-0.035081,0.604974,0.137798,-0.776747,0.107224,-0.840689,0.073178,-0.451167,0.28863,-0.831052,0.020406,0.552691,-0.029826,-0.87981,-0.051393,-0.458759,0.095175,0.,0.,0.,1.,0.,0.,0.
0.,0.,0.,1.,0.,0.,0.,0.197396,0.,0.227612,-0.09129050000000002,0.795879,0.090905,-0.557195,0.216782,0.604722,-0.046053,0.794092,-0.035015,0.608641,0.135904,-0.774264,0.106722,-0.835125,0.074893,-0.460247,0.289881,-0.820832,0.02268,0.567294,-0.031996,-0.87006,-0.057524,-0.474752,0.102299,0.,0.,0.,1.,0.,0.,0.
0.,0.,0.,1.,0.,0.,0.,0.197396,0.,0.228191,-0.08829650000000001,0.801154,0.086071,-0.550615,0.216227,0.609881,-0.045194,0.790209,-0.034826,0.612128,0.133607,-0.772031,0.10582,-0.829227,0.076159,-0.469686,0.291222,-0.809518,0.024832,0.582864,-0.033749,-0.859809,-0.063351,-0.491091,0.108185,0.,0.,0.,1.,0.,0.,0.
0.,0.,0.,1.,0.,0.,0.,0.197396,0.,0.229755,-0.08771250000000001,0.806424,0.081634,-0.543859,0.215669,0.614672,-0.044286,0.786579,-0.034551,0.615821,0.131089,-0.769655,0.10476,-0.823023,0.076972,-0.479651,0.292375,-0.797453,0.0271,0.598833,-0.035395,-0.849087,-0.069489,-0.507435,0.113831,0.,0.,0.,1.,0.,0.,0.
0.,0.,0.,1.,0.,0.,0.,0.197396,0.,0.231058,-0.08700150000000002,0.811145,0.077753,-0.537522,0.215543,0.619051,-0.043251,0.783247,-0.034129,0.619199,0.128197,-0.767618,0.103267,-0.816363,0.077623,-0.490087,0.293344,-0.784598,0.029163,0.615037,-0.036596,-0.838452,-0.075016,-0.523249,0.118206,0.,0.,0.,1.,0.,0.,0.
0.,0.,0.,1.,0.,0.,0.,0.197396,0.,0.231765,-0.08496250000000002,0.815398,0.073953,-0.531677,0.215387,0.623291,-0.042215,0.779977,-0.033681,0.622852,0.125241,-0.765348,0.101779,-0.809472,0.078389,-0.50049,0.294523,-0.770725,0.031222,0.631836,-0.037559,-0.827419,-0.080504,-0.53901,0.121946,0.,0.,0.,1.,0.,0.,0.
0.,0.,0.,1.,0.,0.,0.,0.197396,0.,0.234354,-0.08351150000000002,0.8194,0.069641,-0.525923,0.215864,0.627707,-0.041172,0.776519,-0.033226,0.626677,0.122261,-0.762891,0.100271,-0.802419,0.078961,-0.510962,0.29566,-0.755876,0.033322,0.649168,-0.038321,-0.816471,-0.085958,-0.55408,0.125273,0.,0.,0.,1.,0.,0.,0.
0.,0.,0.,1.,0.,0.,0.,0.197396,0.,0.235494,-0.08273550000000002,0.823112,0.066009,-0.520555,0.216165,0.631771,-0.040176,0.773289,-0.032763,0.630814,0.119331,-0.760122,0.098859,-0.795831,0.079424,-0.520714,0.29632,-0.740192,0.035265,0.666707,-0.038729,-0.804899,-0.091069,-0.569623,0.127518,0.,0.,0.,1.,0.,0.,0.
0.,0.,0.,1.,0.,0.,0.,0.197396,0.,0.236744,-0.08124450000000003,0.826334,0.062602,-0.515595,0.216825,0.635756,-0.039133,0.770085,-0.032244,0.634557,0.116301,-0.757683,0.09723,-0.788702,0.078534,-0.531655,0.296259,-0.72358,0.037056,0.684485,-0.038836,-0.793803,-0.095604,-0.584187,0.129033,0.,0.,0.,1.,0.,0.,0.
0.,0.,0.,1.,0.,0.,0.,0.197396,0.,0.23826,-0.07878050000000002,0.829264,0.058967,-0.510986,0.217674,0.6399,-0.038159,0.766694,-0.03178,0.638093,0.113516,-0.755319,0.095719,-0.781493,0.078162,-0.542263,0.296245,-0.7065,0.038898,0.701916,-0.038813,-0.783243,-0.1001,-0.597431,0.130405,0.,0.,0.,1.,0.,0.,0.
0.,0.,0.,1.,0.,0.,0.,0.197396,0.,0.238635,-0.07720350000000002,0.832125,0.056019,-0.506456,0.218311,0.644323,-0.037268,0.763017,-0.031405,0.64155,0.111013,-0.752943,0.094435,-0.774515,0.078113,-0.55242,0.295774,-0.688888,0.04065,0.719075,-0.038619,-0.772994,-0.104274,-0.609946,0.131401,0.,0.,0.,1.,0.,0.,0.
0.,0.,0.,1.,0.,0.,0.,0.197396,0.,0.237542,-0.07465350000000003,0.834537,0.054022,-0.502567,0.218708,0.648542,-0.036231,0.759484,-0.030877,0.644718,0.108096,-0.75089,0.092672,-0.767261,0.076716,-0.563414,0.294273,-0.67066,0.042296,0.736051,-0.038247,-0.762583,-0.108171,-0.622293,0.131908,0.,0.,0.,1.,0.,0.,0.
0.,0.,0.,1.,0.,0.,0.,0.197396,0.,0.235761,-0.07214850000000002,0.836907,0.052318,-0.498695,0.219001,0.652934,-0.035253,0.755749,-0.030397,0.647773,0.105374,-0.748874,0.091036,-0.759975,0.076627,-0.573878,0.293057,-0.652022,0.043966,0.752531,-0.037861,-0.752852,-0.111983,-0.633401,0.132607,0.,0.,0.,1.,0.,0.,0.
0.,0.,0.,1.,0.,0.,0.,0.197396,0.,0.234421,-0.06919350000000002,0.839295,0.050115,-0.494724,0.219396,0.657684,-0.034448,0.751649,-0.03009,0.650398,0.103257,-0.747066,0.089812,-0.753048,0.076765,-0.583661,0.291854,-0.632953,0.045568,0.768646,-0.037277,-0.743175,-0.115587,-0.644153,0.132846,0.,0.,0.,1.,0.,0.,0.
0.,0.,0.,1.,0.,0.,0.,0.197396,0.,0.2309,-0.06606950000000002,0.841606,0.04862,-0.491129,0.219036,0.662495,-0.033841,0.747459,-0.029954,0.65311,0.101716,-0.745019,0.089108,-0.746472,0.0771,-0.592697,0.290498,-0.613619,0.047216,0.784103,-0.036742,-0.733924,-0.119253,-0.654093,0.13341,0.,0.,0.,1.,0.,0.,0.
0.,0.,0.,1.,0.,0.,0.,0.197396,0.,0.227778,-0.06320150000000002,0.843624,0.047259,-0.48796,0.218673,0.667174,-0.033246,0.743338,-0.02981,0.655671,0.100212,-0.74308,0.088387,-0.73998,0.077482,-0.601628,0.288718,-0.594171,0.048793,0.798907,-0.036106,-0.724978,-0.122714,-0.663383,0.13377,0.,0.,0.,1.,0.,0.,0.
0.,0.,0.,1.,0.,0.,0.,0.197396,0.,0.223439,-0.05945250000000002,0.84554,0.04629,-0.485126,0.217789,0.671534,-0.032799,0.739442,-0.029765,0.657686,0.099171,-0.741505,0.087937,-0.732987,0.077585,-0.610996,0.286841,-0.574447,0.050112,0.813235,-0.035225,-0.716323,-0.125518,-0.672404,0.133411,0.,0.,0.,1.,0.,0.,0.
0.,0.,0.,1.,0.,0.,0.,0.197396,0.,0.221404,-0.05723350000000002,0.847649,0.044572,-0.481891,0.217152,0.675754,-0.032447,0.73563,-0.029792,0.659664,0.098401,-0.739876,0.087718,-0.725914,0.078553,-0.619984,0.285466,-0.554835,0.051495,0.826798,-0.034396,-0.708608,-0.128345,-0.680047,0.133453,0.,0.,0.,1.,0.,0.,0.
0.,0.,0.,1.,0.,0.,0.,0.197396,0.,0.218174,-0.054618500000000014,0.849466,0.04375,-0.479233,0.216115,0.679696,-0.032034,0.732045,-0.029731,0.66139,0.097439,-0.73852,0.087249,-0.718931,0.079991,-0.628592,0.283957,-0.53559,0.052827,0.839474,-0.033595,-0.701128,-0.131111,-0.687319,0.133559,0.,0.,0.,1.,0.,0.,0.
0.,0.,0.,1.,0.,0.,0.,0.197396,0.,0.216939,-0.052855500000000014,0.851264,0.042599,-0.476607,0.215071,0.68329,-0.031684,0.728734,-0.029696,0.663033,0.096632,-0.737191,0.086894,-0.712081,0.081176,-0.63683,0.28256,-0.516552,0.053902,0.85146,-0.032596,-0.693886,-0.133277,-0.694426,0.133,0.,0.,0.,1.,0.,0.,0.
0.,0.,0.,1.,0.,0.,0.,0.197396,0.,0.217375,-0.05146250000000002,0.853218,0.041265,-0.473577,0.214277,0.686774,-0.031228,0.725487,-0.029552,0.664602,0.095507,-0.736006,0.086228,-0.704918,0.082196,-0.645215,0.28116,-0.498067,0.055017,0.862585,-0.031667,-0.686779,-0.135608,-0.701173,0.132665,0.,0.,0.,1.,0.,0.,0.
0.,0.,0.,1.,0.,0.,0.,0.197396,0.,0.217557,-0.05025650000000002,0.855264,0.039979,-0.47033,0.213538,0.690531,-0.030931,0.721922,-0.029575,0.66602,0.094907,-0.734824,0.086005,-0.697665,0.084104,-0.653075,0.280409,-0.479763,0.05618,0.873049,-0.030785,-0.68018,-0.138018,-0.707149,0.132612,0.,0.,0.,1.,0.,0.,0.
0.,0.,0.,1.,0.,0.,0.,0.197396,0.,0.219309,-0.049439500000000025,0.857317,0.038146,-0.46703,0.212845,0.694023,-0.030693,0.718566,-0.029628,0.667242,0.094473,-0.733789,0.085887,-0.69081,0.085033,-0.660795,0.278969,-0.462554,0.057101,0.882488,-0.029879,-0.673563,-0.139996,-0.713208,0.132133,0.,0.,0.,1.,0.,0.,0.
0.,0.,0.,1.,0.,0.,0.,0.197396,0.,0.220032,-0.047862500000000016,0.859195,0.036683,-0.464038,0.211987,0.697462,-0.030379,0.715222,-0.029607,0.668745,0.093778,-0.732547,0.085592,-0.683492,0.086026,-0.668799,0.277739,-0.446159,0.057757,0.891125,-0.02888,-0.667203,-0.141394,-0.719061,0.131135,0.,0.,0.,1.,0.,0.,0.
0.,0.,0.,1.,0.,0.,0.,0.197396,0.,0.223114,-0.04639550000000002,0.861319,0.03433,-0.460666,0.211067,0.701147,-0.030078,0.7116,-0.02962,0.670306,0.093148,-0.731224,0.085374,-0.676518,0.087073,-0.676271,0.276554,-0.43113,0.058366,0.89871,-0.02798,-0.661206,-0.142763,-0.724517,0.130258,0.,0.,0.,1.,0.,0.,0.
0.,0.,0.,1.,0.,0.,0.,0.197396,0.,0.223296,-0.04460350000000002,0.86336,0.033083,-0.457375,0.210067,0.705002,-0.029825,0.707761,-0.029697,0.671926,0.092686,-0.729796,0.085326,-0.669568,0.087901,-0.68343,0.275813,-0.41693,0.058942,0.905575,-0.027119,-0.655322,-0.144115,-0.729723,0.129392,0.,0.,0.,1.,0.,0.,0.
0.,0.,0.,1.,0.,0.,0.,0.197396,0.,0.224208,-0.044184500000000015,0.865597,0.031814,-0.453676,0.209065,0.708726,-0.02952,0.704031,-0.029709,0.673707,0.09203,-0.728258,0.08513,-0.663079,0.088583,-0.6901,0.274718,-0.403848,0.059471,0.911641,-0.026338,-0.649095,-0.145519,-0.735118,0.128479,0.,0.,0.,1.,0.,0.,0.
0.,0.,0.,1.,0.,0.,0.,0.197396,0.,0.22545,-0.04341850000000001,0.868036,0.030541,-0.449575,0.207896,0.712547,-0.029175,0.700173,-0.029688,0.675193,0.091298,-0.727008,0.084789,-0.65611,0.088482,-0.697295,0.273397,-0.3917,0.059669,0.917082,-0.025492,-0.642959,-0.146206,-0.740597,0.126953,0.,0.,0.,1.,0.,0.,0.
0.,0.,0.,1.,0.,0.,0.,0.197396,0.,0.227264,-0.042864500000000014,0.87062,0.02879,-0.445274,0.206558,0.716614,-0.028963,0.696018,-0.029819,0.677015,0.090968,-0.725334,0.084908,-0.649737,0.088712,-0.703707,0.27224,-0.3809,0.060107,0.921759,-0.024847,-0.63593,-0.147706,-0.746487,0.125855,0.,0.,0.,1.,0.,0.,0.
0.,0.,0.,1.,0.,0.,0.,0.197396,0.,0.227282,-0.04178950000000002,0.873248,0.027596,-0.44096,0.204864,0.720581,-0.028732,0.691939,-0.029921,0.678671,0.090585,-0.723824,0.084933,-0.643451,0.088317,-0.710166,0.270632,-0.371085,0.060388,0.925869,-0.024215,-0.628649,-0.14894,-0.752572,0.124447,0.,0.,0.,1.,0.,0.,0.
0.,0.,0.,1.,0.,0.,0.,0.197396,0.,0.226574,-0.039337500000000025,0.875594,0.026541,-0.437217,0.203054,0.724511,-0.028493,0.687847,-0.030006,0.680497,0.090149,-0.722158,0.084941,-0.637731,0.088811,-0.715832,0.269144,-0.362511,0.060948,0.929353,-0.023767,-0.621107,-0.150987,-0.758501,0.123576,0.,0.,0.,1.,0.,0.,0.
0.,0.,0.,1.,0.,0.,0.,0.197396,0.,0.227057,-0.03848850000000001,0.878208,0.025291,-0.432914,0.201142,0.728165,-0.028113,0.684002,-0.029914,0.682612,0.089208,-0.720312,0.084514,-0.632236,0.089746,-0.721083,0.267777,-0.355204,0.061579,0.932203,-0.023435,-0.613357,-0.15333,-0.764368,0.122848,0.,0.,0.,1.,0.,0.,0.
0.,0.,0.,1.,0.,0.,0.,0.197396,0.,0.225758,-0.036875500000000005,0.88072,0.024607,-0.428983,0.198636,0.731874,-0.027696,0.680066,-0.029781,0.68529,0.088089,-0.717951,0.084036,-0.626227,0.090009,-0.726798,0.266315,-0.348304,0.062289,0.934817,-0.023172,-0.605833,-0.155834,-0.769906,0.122383,0.,0.,0.,1.,0.,0.,0.
0.,0.,0.,1.,0.,0.,0.,0.197396,0.,0.224664,-0.03490850000000001,0.883186,0.023818,-0.425019,0.196274,0.735474,-0.027332,0.676194,-0.029697,0.687704,0.087158,-0.715792,0.08368,-0.620301,0.089787,-0.732387,0.264924,-0.342365,0.063011,0.937012,-0.022985,-0.598036,-0.158462,-0.775474,0.121921,0.,0.,0.,1.,0.,0.,0.
0.,0.,0.,1.,0.,0.,0.,0.197396,0.,0.224152,-0.033202500000000024,0.885653,0.022806,-0.42093,0.194047,0.738889,-0.0269,0.672489,-0.029522,0.690074,0.085991,-0.713714,0.083078,-0.614474,0.089997,-0.737941,0.263042,-0.33747,0.063781,0.93879,-0.022893,-0.589847,-0.161332,-0.78124,0.121513,0.,0.,0.,1.,0.,0.,0.
0.,0.,0.,1.,0.,0.,0.,0.197396,0.,0.226208,-0.03182850000000001,0.888307,0.020845,-0.416418,0.191866,0.742266,-0.026315,0.668784,-0.029164,0.692836,0.084291,-0.711336,0.082011,-0.608357,0.090097,-0.743735,0.260912,-0.332921,0.064462,0.940393,-0.022787,-0.581904,-0.163966,-0.786758,0.120969,0.,0.,0.,1.,0.,0.,0.
0.,0.,0.,1.,0.,0.,0.,0.197396,0.,0.227425,-0.028995500000000007,0.890766,0.018916,-0.412383,0.189387,0.74577,-0.025697,0.664913,-0.028771,0.69551,0.082508,-0.709051,0.080825,-0.60263,0.08982,-0.749104,0.258945,-0.329259,0.065076,0.941661,-0.022726,-0.573954,-0.166465,-0.792175,0.120335,0.,0.,0.,1.,0.,0.,0.
0.,0.,0.,1.,0.,0.,0.,0.197396,0.,0.228333,-0.026014500000000024,0.893178,0.01673,-0.408333,0.186864,0.749453,-0.025096,0.660784,-0.028408,0.698253,0.080794,-0.706669,0.079719,-0.597544,0.089875,-0.753958,0.256603,-0.326641,0.065867,0.942531,-0.022809,-0.566312,-0.169403,-0.79716,0.120171,0.,0.,0.,1.,0.,0.,0.
0.,0.,0.,1.,0.,0.,0.,0.197396,0.,0.230024,-0.023304500000000006,0.895593,0.0142,-0.404163,0.184441,0.753099,-0.024548,0.656639,-0.028105,0.700809,0.079269,-0.704423,0.078763,-0.592337,0.089508,-0.759024,0.253906,-0.324282,0.06674,0.943297,-0.022932,-0.558893,-0.172545,-0.801743,0.120122,0.,0.,0.,1.,0.,0.,0.
0.,0.,0.,1.,0.,0.,0.,0.197396,0.,0.231782,-0.019542500000000018,0.897873,0.01155,-0.400218,0.182073,0.756934,-0.023932,0.652247,-0.027727,0.703561,0.077521,-0.70201,0.077605,-0.587811,0.089472,-0.763451,0.251248,-0.322572,0.067872,0.943804,-0.023191,-0.551213,-0.176418,-0.806148,0.12048,0.,0.,0.,1.,0.,0.,0.
0.,0.,0.,1.,0.,0.,0.,0.197396,0.,0.232905,-0.017679500000000015,0.900576,0.009118,-0.395362,0.179487,0.760725,-0.023285,0.647851,-0.027297,0.706718,0.075619,-0.69918,0.076352,-0.583154,0.087412,-0.768256,0.248214,-0.320772,0.068511,0.944378,-0.023267,-0.544272,-0.178952,-0.81038,0.120035,0.,0.,0.,1.,0.,0.,0.
0.,0.,0.,1.,0.,0.,0.,0.197396,0.,0.233531,-0.014476500000000031,0.902923,0.006657,-0.391227,0.176869,0.764438,-0.022756,0.643496,-0.026987,0.709857,0.074083,-0.69624,0.075441,-0.578818,0.084534,-0.773238,0.243818,-0.319409,0.06914,0.944794,-0.02337,-0.536873,-0.181564,-0.814768,0.119425,0.,0.,0.,1.,0.,0.,0.
0.,0.,0.,1.,0.,0.,0.,0.197396,0.,0.235568,-0.011959500000000012,0.905232,0.003867,-0.386737,0.175066,0.768197,-0.022179,0.639037,-0.026609,0.713145,0.072375,-0.693139,0.074349,-0.574941,0.080868,-0.777734,0.239708,-0.318736,0.069634,0.944983,-0.023483,-0.529422,-0.183861,-0.819247,0.118614,0.,0.,0.,1.,0.,0.,0.
0.,0.,0.,1.,0.,0.,0.,0.197396,0.,0.237917,-0.00923750000000001,0.907266,0.00135,-0.38294,0.173078,0.772001,-0.021495,0.634477,-0.026098,0.716948,0.070275,-0.689541,0.072932,-0.57026,0.076059,-0.783067,0.234561,-0.317858,0.070084,0.945244,-0.023564,-0.522466,-0.185947,-0.82334,0.117814,0.,0.,0.,1.,0.,0.,0.
0.,0.,0.,1.,0.,0.,0.,0.197396,0.,0.239404,-0.007004500000000025,0.909275,-0.000662,-0.379005,0.171317,0.775915,-0.020756,0.629739,-0.025515,0.720967,0.067984,-0.685703,0.07132,-0.566001,0.069963,-0.788012,0.229763,-0.317289,0.07051,0.945403,-0.023663,-0.515205,-0.188032,-0.827566,0.116895,0.,0.,0.,1.,0.,0.,0.
0.,0.,0.,1.,0.,0.,0.,0.197396,0.,0.240288,-0.0039485000000000214,0.910999,-0.002492,-0.375714,0.169508,0.779652,-0.020107,0.625151,-0.025008,0.724615,0.065993,-0.682144,0.069902,-0.562178,0.0623,-0.792795,0.224224,-0.318023,0.071069,0.945106,-0.023915,-0.508003,-0.190538,-0.831541,0.116242,0.,0.,0.,1.,0.,0.,0.
0.,0.,0.,1.,0.,0.,0.,0.197396,0.,0.242016,-0.001993500000000009,0.912733,-0.004558,-0.372147,0.168155,0.783479,-0.019512,0.620394,-0.024564,0.728206,0.064184,-0.678598,0.068652,-0.557772,0.054158,-0.797944,0.218244,-0.318619,0.0719,0.944833,-0.024249,-0.501046,-0.193704,-0.83505,0.116071,0.,0.,0.,1.,0.,0.,0.
0.,0.,0.,1.,0.,0.,0.,0.197396,0.,0.242543,0.0008004999999999818,0.914028,-0.006011,-0.369383,0.167249,0.787175,-0.018806,0.615737,-0.023956,0.732432,0.061935,-0.674377,0.067008,-0.553638,0.044605,-0.802799,0.212486,-0.31981,0.072776,0.944344,-0.024655,-0.493568,-0.197108,-0.838771,0.115863,0.,0.,0.,1.,0.,0.,0.
0.,0.,0.,1.,0.,0.,0.,0.197396,0.,0.242035,0.0032804999999999918,0.915333,-0.006749,-0.366628,0.16619,0.79108,-0.017874,0.610748,-0.023053,0.737084,0.058924,-0.669781,0.06456,-0.549536,0.033971,-0.807623,0.206422,-0.321693,0.073804,0.94359,-0.025186,-0.486504,-0.20095,-0.84197,0.11593,0.,0.,0.,1.,0.,0.,0.
0.,0.,0.,1.,0.,0.,0.,0.197396,0.,0.240973,0.005000499999999991,0.916483,-0.006948,-0.36418,0.16531,0.794728,-0.016965,0.606051,-0.022139,0.741787,0.055946,-0.665059,0.062096,-0.544919,0.022335,-0.812793,0.199908,-0.323968,0.074771,0.942695,-0.025739,-0.479593,-0.204661,-0.844998,0.11588,0.,0.,0.,1.,0.,0.,0.
0.,0.,0.,1.,0.,0.,0.,0.197396,0.,0.240293,0.008612499999999995,0.917279,-0.007389,-0.362566,0.164457,0.798432,-0.016118,0.601205,-0.021291,0.746235,0.053197,-0.660508,0.05979,-0.540216,0.01069,-0.817781,0.193209,-0.326648,0.076452,0.941586,-0.02659,-0.47221,-0.210379,-0.847559,0.116822,0.,0.,0.,1.,0.,0.,0.
0.,0.,0.,1.,0.,0.,0.,0.197396,0.,0.239973,0.01212149999999998,0.918046,-0.00782,-0.360785,0.164097,0.802361,-0.015313,0.595989,-0.020508,0.750522,0.050627,-0.656055,0.057636,-0.53539,-0.002024,-0.822446,0.187074,-0.330063,0.077889,0.940225,-0.027435,-0.465761,-0.215397,-0.849695,0.117591,0.,0.,0.,1.,0.,0.,0.
0.,0.,0.,1.,0.,0.,0.,0.197396,0.,0.240564,0.01525749999999998,0.918709,-0.008387,-0.359235,0.163749,0.806327,-0.014527,0.590643,-0.019726,0.754679,0.048124,-0.651664,0.055467,-0.530713,-0.014892,-0.826803,0.180622,-0.333574,0.079703,0.938787,-0.028427,-0.459192,-0.221449,-0.851503,0.11891,0.,0.,0.,1.,0.,0.,0.
0.,0.,0.,1.,0.,0.,0.,0.197396,0.,0.24038,0.019073499999999993,0.919404,-0.009112,-0.357674,0.163253,0.810248,-0.013722,0.585285,-0.018888,0.758632,0.045562,-0.647442,0.053124,-0.526896,-0.028014,-0.830221,0.174151,-0.33729,0.08168,0.93727,-0.029495,-0.453057,-0.227893,-0.852872,0.12057,0.,0.,0.,1.,0.,0.,0.
0.,0.,0.,1.,0.,0.,0.,0.197396,0.,0.240766,0.02263149999999997,0.920023,-0.009771,-0.356224,0.162886,0.814175,-0.012903,0.579844,-0.018003,0.762589,0.042949,-0.643139,0.050645,-0.522831,-0.041578,-0.833517,0.16785,-0.341043,0.083809,0.935694,-0.030643,-0.447029,-0.234771,-0.853947,0.12244,0.,0.,0.,1.,0.,0.,0.
0.,0.,0.,1.,0.,0.,0.,0.197396,0.,0.241423,0.02491649999999998,0.920876,-0.01054,-0.354277,0.162233,0.818077,-0.01216,0.574374,-0.01721,0.766542,0.040577,-0.638759,0.048427,-0.518678,-0.054813,-0.836475,0.16199,-0.344856,0.08587,0.934069,-0.031796,-0.440885,-0.241531,-0.855052,0.124117,0.,0.,0.,1.,0.,0.,0.
0.,0.,0.,1.,0.,0.,0.,0.197396,0.,0.242321,0.028629499999999974,0.921502,-0.011246,-0.352822,0.161777,0.821811,-0.011378,0.569086,-0.016335,0.770987,0.038018,-0.633761,0.046019,-0.514929,-0.068369,-0.838752,0.156764,-0.348912,0.08777,0.932368,-0.03292,-0.435476,-0.247789,-0.855873,0.125729,0.,0.,0.,1.,0.,0.,0.
0.,0.,0.,1.,0.,0.,0.,0.197396,0.,0.243327,0.03211349999999999,0.922131,-0.011938,-0.351349,0.16134,0.825404,-0.010719,0.563926,-0.015609,0.774977,0.035885,-0.629154,0.044,-0.511117,-0.081644,-0.840875,0.151571,-0.352452,0.089626,0.930836,-0.033992,-0.429945,-0.253933,-0.856747,0.127167,0.,0.,0.,1.,0.,0.,0.
0.,0.,0.,1.,0.,0.,0.,0.197396,0.,0.244443,0.036818499999999976,0.922549,-0.012974,-0.350413,0.160886,0.828687,-0.010108,0.559131,-0.014898,0.778902,0.033879,-0.624509,0.04203,-0.507476,-0.095407,-0.842383,0.147708,-0.355741,0.09082,0.929444,-0.034802,-0.42516,-0.258178,-0.857855,0.127777,0.,0.,0.,1.,0.,0.,0.
0.,0.,0.,1.,0.,0.,0.,0.197396,0.,0.247634,0.04006849999999998,0.923375,-0.015015,-0.348435,0.160219,0.832173,-0.009617,0.553987,-0.014369,0.782818,0.032294,-0.619763,0.040563,-0.504292,-0.108839,-0.843311,0.144609,-0.358934,0.092152,0.928055,-0.035671,-0.420626,-0.262783,-0.858616,0.128602,0.,0.,0.,1.,0.,0.,0.
0.,0.,0.,1.,0.,0.,0.,0.197396,0.,0.251393,0.042265499999999984,0.924166,-0.017228,-0.346355,0.159939,0.835473,-0.009071,0.549052,-0.013728,0.78672,0.030502,-0.615001,0.038785,-0.501761,-0.122187,-0.843468,0.142549,-0.362142,0.092659,0.926741,-0.036232,-0.41666,-0.265083,-0.8599,0.128339,0.,0.,0.,1.,0.,0.,0.
0.,0.,0.,1.,0.,0.,0.,0.197396,0.,0.254348,0.04446649999999999,0.92494,-0.019262,-0.344511,0.15921,0.83844,-0.008519,0.544565,-0.013057,0.79066,0.02866,-0.610147,0.036939,-0.499132,-0.134935,-0.843422,0.141184,-0.36458,0.093178,0.92572,-0.036712,-0.412933,-0.267298,-0.861069,0.128122,0.,0.,0.,1.,0.,0.,0.
0.,0.,0.,1.,0.,0.,0.,0.197396,0.,0.256702,0.04736749999999998,0.925676,-0.021205,-0.342812,0.158327,0.841224,-0.007943,0.5403,-0.012312,0.79465,0.026714,-0.605157,0.034887,-0.496824,-0.146639,-0.843124,0.140201,-0.367318,0.093729,0.924562,-0.037249,-0.409401,-0.269623,-0.862064,0.128001,0.,0.,0.,1.,0.,0.,0.
0.,0.,0.,1.,0.,0.,0.,0.197396,0.,0.259814,0.04994049999999997,0.926439,-0.023511,-0.340843,0.157785,0.8439,-0.007409,0.536144,-0.011605,0.798633,0.024901,-0.60008,0.032936,-0.495201,-0.157477,-0.842236,0.140184,-0.370425,0.094186,0.923264,-0.037796,-0.405893,-0.271735,-0.863117,0.127759,0.,0.,0.,1.,0.,0.,0.
0.,0.,0.,1.,0.,0.,0.,0.197396,0.,0.26291,0.05312249999999999,0.927158,-0.026259,-0.338846,0.157388,0.846535,-0.006913,0.531986,-0.010933,0.802442,0.023223,-0.595136,0.031074,-0.493663,-0.167635,-0.841155,0.140817,-0.372837,0.09452,0.922251,-0.038218,-0.402385,-0.273444,-0.864293,0.127274,0.,0.,0.,1.,0.,0.,0.
0.,0.,0.,1.,0.,0.,0.,0.197396,0.,0.266196,0.05676649999999997,0.927737,-0.029012,-0.337024,0.157344,0.849035,-0.006373,0.528012,-0.010176,0.806335,0.021383,-0.590036,0.028976,-0.49314,-0.177461,-0.839352,0.141708,-0.375255,0.094595,0.921247,-0.038539,-0.399508,-0.274351,-0.865435,0.126617,0.,0.,0.,1.,0.,0.,0.
0.,0.,0.,1.,0.,0.,0.,0.197396,0.,0.269003,0.05886849999999999,0.928524,-0.03175,-0.334664,0.157142,0.85152,-0.0059,0.524021,-0.009516,0.81001,0.019782,-0.585131,0.027137,-0.492938,-0.18648,-0.837381,0.14275,-0.377355,0.095001,0.920333,-0.038962,-0.396675,-0.276142,-0.866204,0.126417,0.,0.,0.,1.,0.,0.,0.
0.,0.,0.,1.,0.,0.,0.,0.197396,0.,0.272202,0.060436499999999976,0.929432,-0.034479,-0.331865,0.15711,0.853935,-0.005323,0.520109,-0.008669,0.813724,0.017832,-0.580122,0.024759,-0.492328,-0.195695,-0.835522,0.143545,-0.37911,0.095063,0.919602,-0.039199,-0.394919,-0.276772,-0.866866,0.126053,0.,0.,0.,1.,0.,0.,0.
0.,0.,0.,1.,0.,0.,0.,0.197396,0.,0.274121,0.06279949999999998,0.930243,-0.036732,-0.329279,0.157333,0.856297,-0.004788,0.516235,-0.007864,0.817274,0.016032,-0.575236,0.022485,-0.491839,-0.203632,-0.83388,0.143895,-0.380879,0.09538,0.918824,-0.039544,-0.393276,-0.278099,-0.8672,0.126098,0.,0.,0.,1.,0.,0.,0.
0.,0.,0.,1.,0.,0.,0.,0.197396,0.,0.275254,0.06585449999999998,0.930759,-0.038705,-0.327224,0.158108,0.858512,-0.004288,0.512566,-0.007113,0.820725,0.01434,-0.570447,0.02037,-0.490785,-0.211147,-0.832623,0.144139,-0.381883,0.095666,0.91837,-0.039787,-0.392394,-0.279138,-0.867239,0.126282,0.,0.,0.,1.,0.,0.,0.
0.,0.,0.,1.,0.,0.,0.,0.197396,0.,0.27806,0.06834949999999998,0.931345,-0.04105,-0.32478,0.15908,0.860679,-0.003809,0.508933,-0.006375,0.824013,0.012722,-0.565824,0.018284,-0.489762,-0.218181,-0.831373,0.144482,-0.382647,0.096229,0.917981,-0.040116,-0.391361,-0.280942,-0.86705,0.126801,0.,0.,0.,1.,0.,0.,0.
0.,0.,0.,1.,0.,0.,0.,0.197396,0.,0.281856,0.07102249999999999,0.931818,-0.04349,-0.32245,0.160419,0.862783,-0.003234,0.505392,-0.005462,0.827456,0.010787,-0.56091,0.015689,-0.49014,-0.224958,-0.829232,0.145145,-0.38349,0.096531,0.917594,-0.040343,-0.390605,-0.281986,-0.867029,0.127039,0.,0.,0.,1.,0.,0.,0.
0.,0.,0.,1.,0.,0.,0.,0.197396,0.,0.2848,0.0734425,0.932371,-0.045717,-0.320093,0.161354,0.86486,-0.002798,0.501852,-0.004771,0.83057,0.009325,-0.556394,0.013722,-0.490604,-0.231528,-0.827036,0.145952,-0.383891,0.096787,0.917394,-0.040501,-0.389931,-0.282846,-0.867029,0.127209,0.,0.,0.,1.,0.,0.,0.
0.,0.,0.,1.,0.,0.,0.,0.197396,0.,0.287365,0.07496249999999999,0.933005,-0.047365,-0.317579,0.162253,0.866957,-0.002457,0.498231,-0.004233,0.833623,0.008181,-0.551885,0.012192,-0.490563,-0.238049,-0.825105,0.146709,-0.384389,0.096728,0.91719,-0.040537,-0.389268,-0.282836,-0.867369,0.126942,0.,0.,0.,1.,0.,0.,0.
0.,0.,0.,1.,0.,0.,0.,0.197396,0.,0.288764,0.07710949999999997,0.933609,-0.048588,-0.315274,0.162934,0.8689,-0.002134,0.494834,-0.003706,0.836606,0.007092,-0.547418,0.01069,-0.490748,-0.244158,-0.823185,0.147002,-0.385194,0.096721,0.916849,-0.040633,-0.389151,-0.282933,-0.86739,0.126944,0.,0.,0.,1.,0.,0.,0.
0.,0.,0.,1.,0.,0.,0.,0.197396,0.,0.288626,0.07986149999999997,0.934162,-0.049217,-0.313167,0.163673,0.870972,-0.001852,0.491173,-0.003248,0.839387,0.006149,-0.543205,0.009379,-0.490129,-0.249475,-0.821886,0.147536,-0.385158,0.096794,0.916855,-0.04066,-0.388957,-0.28316,-0.867397,0.126981,0.,0.,0.,1.,0.,0.,0.
0.,0.,0.,1.,0.,0.,0.,0.197396,0.,0.290316,0.08248149999999999,0.934714,-0.050254,-0.311019,0.164299,0.873037,-0.001599,0.48749,-0.002841,0.842188,0.005306,-0.538903,0.008216,-0.490005,-0.25448,-0.820311,0.148278,-0.385384,0.096251,0.916826,-0.040457,-0.388505,-0.281735,-0.868184,0.126093,0.,0.,0.,1.,0.,0.,0.
0.,0.,0.,1.,0.,0.,0.,0.197396,0.,0.291843,0.08552549999999998,0.935259,-0.051497,-0.308956,0.164654,0.875161,-0.001395,0.483659,-0.002504,0.844715,0.004629,-0.534965,0.007247,-0.490896,-0.258009,-0.818444,0.149575,-0.385433,0.096609,0.916761,-0.040614,-0.387452,-0.282891,-0.868249,0.126251,0.,0.,0.,1.,0.,0.,0.
0.,0.,0.,1.,0.,0.,0.,0.197396,0.,0.296492,0.08647350000000001,0.93596,-0.053662,-0.306076,0.165304,0.877253,-0.001189,0.479841,-0.002143,0.847242,0.003944,-0.530965,0.006203,-0.491707,-0.262496,-0.816394,0.150344,-0.384826,0.096407,0.917044,-0.040455,-0.386588,-0.282376,-0.868884,0.125655,0.,0.,0.,1.,0.,0.,0.
0.,0.,0.,1.,0.,0.,0.,0.197396,0.,0.301274,0.08808749999999996,0.936508,-0.055447,-0.30346,0.166412,0.879184,-0.0008,0.476304,-0.00144,0.849686,0.002654,-0.527069,0.004169,-0.493187,-0.266404,-0.81406,0.151437,-0.384715,0.095993,0.917141,-0.040266,-0.385647,-0.281348,-0.869766,0.124763,0.,0.,0.,1.,0.,0.,0.
0.,0.,0.,1.,0.,0.,0.,0.197396,0.,0.303434,0.0916605,0.936813,-0.05655,-0.301858,0.167236,0.881138,-0.000502,0.472681,-0.000894,0.852245,0.001663,-0.522941,0.002588,-0.494342,-0.270085,-0.812039,0.152135,-0.384713,0.095461,0.917208,-0.040041,-0.385062,-0.279951,-0.870617,0.123826,0.,0.,0.,1.,0.,0.,0.
0.,0.,0.,1.,0.,0.,0.,0.197396,0.,0.304292,0.09471549999999998,0.937129,-0.057062,-0.300347,0.168027,0.883066,-0.000219,0.469092,-0.000358,0.85448,0.000726,-0.519266,0.001029,-0.494809,-0.273023,-0.810693,0.152611,-0.384613,0.095438,0.917253,-0.040019,-0.383728,-0.280064,-0.871236,0.123357,0.,0.,0.,1.,0.,0.,0.
0.,0.,0.,1.,0.,0.,0.,0.197396,0.,0.305936,0.0967915,0.937448,-0.057686,-0.298259,0.169716,0.88505,0.00013,0.465349,0.00031,0.856783,-0.00043,-0.515451,-0.000911,-0.495147,-0.275812,-0.809385,0.153493,-0.384515,0.095119,0.917334,-0.039872,-0.382451,-0.279343,-0.872153,0.122496,0.,0.,0.,1.,0.,0.,0.
0.,0.,0.,1.,0.,0.,0.,0.197396,0.,0.308376,0.0985095,0.937769,-0.058763,-0.296008,0.171488,0.886933,0.000477,0.461756,0.00098,0.859017,-0.001586,-0.511713,-0.002859,-0.495947,-0.278004,-0.807995,0.154325,-0.383952,0.095276,0.917553,-0.039869,-0.381063,-0.279909,-0.872613,0.122229,0.,0.,0.,1.,0.,0.,0.
0.,0.,0.,1.,0.,0.,0.,0.197396,0.,0.311335,0.09971549999999998,0.937897,-0.059789,-0.294237,0.173464,0.888725,0.00083,0.458308,0.001674,0.86115,-0.002757,-0.508092,-0.004881,-0.496598,-0.27978,-0.806837,0.155114,-0.383201,0.095313,0.917868,-0.039792,-0.379793,-0.280099,-0.873162,0.121821,0.,0.,0.,1.,0.,0.,0.
0.,0.,0.,1.,0.,0.,0.,0.197396,0.,0.315531,0.10015849999999996,0.938111,-0.061266,-0.292142,0.175373,0.890603,0.001133,0.454634,0.002279,0.863428,-0.00377,-0.504199,-0.006639,-0.497572,-0.281354,-0.805581,0.155748,-0.382663,0.095434,0.918081,-0.039776,-0.378694,-0.280525,-0.873532,0.121598,0.,0.,0.,1.,0.,0.,0.
0.,0.,0.,1.,0.,0.,0.,0.197396,0.,0.318713,0.10066249999999996,0.938219,-0.062244,-0.290188,0.177702,0.892289,0.00158,0.451316,0.003176,0.865487,-0.005256,-0.500613,-0.009254,-0.498159,-0.282601,-0.8047,0.156211,-0.382048,0.095806,0.918296,-0.039859,-0.377757,-0.281626,-0.873562,0.12177,0.,0.,0.,1.,0.,0.,0.
0.,0.,0.,1.,0.,0.,0.,0.197396,0.,0.320499,0.10182649999999996,0.938209,-0.062427,-0.288828,0.179936,0.894036,0.002019,0.447819,0.004082,0.867611,-0.006724,-0.496866,-0.011892,-0.498187,-0.284041,-0.804116,0.156563,-0.381669,0.09561,0.918481,-0.039729,-0.377139,-0.281118,-0.874067,0.121275,0.,0.,0.,1.,0.,0.,0.
0.,0.,0.,1.,0.,0.,0.,0.197396,0.,0.317629,0.10502349999999996,0.938021,-0.061452,-0.288476,0.181836,0.895712,0.002445,0.444429,0.004988,0.86965,-0.008151,-0.493184,-0.014536,-0.538647,-0.220708,-0.799677,0.146915,-0.451702,0.083451,0.887233,-0.042481,-0.458038,-0.244042,-0.844404,0.132361,0.,0.,0.,1.,0.,0.,0.
0.,0.,0.,1.,0.,0.,0.,0.197396,0.,0.315638,0.10772649999999998,0.937985,-0.061296,-0.287855,0.183067,0.897534,0.002799,0.440725,0.00577,0.871591,-0.009343,-0.489645,-0.016816,-0.54013,-0.219365,-0.798841,0.147947,-0.452046,0.082361,0.88718,-0.041959,-0.458805,-0.240916,-0.84509,0.130767,0.,0.,0.,1.,0.,0.,0.
0.,0.,0.,1.,0.,0.,0.,0.197396,0.,0.315461,0.10857649999999999,0.938037,-0.061638,-0.286672,0.184566,0.899122,0.003232,0.437469,0.006717,0.873426,-0.010791,-0.486222,-0.019584,-0.541868,-0.218115,-0.797846,0.148764,-0.452526,0.081033,0.887082,-0.041328,-0.459881,-0.237091,-0.845825,0.128862,0.,0.,0.,1.,0.,0.,0.
0.,0.,0.,1.,0.,0.,0.,0.197396,0.,0.315791,0.10910149999999999,0.938059,-0.062196,-0.285306,0.186408,0.900821,0.003624,0.43396,0.0076,0.875287,-0.012102,-0.482708,-0.022166,-0.544375,-0.216045,-0.796425,0.150091,-0.453257,0.079706,0.886852,-0.040724,-0.461064,-0.233286,-0.846491,0.127003,0.,0.,0.,1.,0.,0.,0.
0.,0.,0.,1.,0.,0.,0.,0.197396,0.,0.312119,0.11153749999999998,0.937867,-0.061513,-0.285154,0.187798,0.90244,0.004056,0.430562,0.008591,0.877427,-0.013526,-0.478574,-0.02508,-0.547375,-0.213735,-0.794585,0.152038,-0.454359,0.078096,0.886458,-0.040009,-0.462182,-0.228727,-0.84744,0.124676,0.,0.,0.,1.,0.,0.,0.
0.,0.,0.,1.,0.,0.,0.,0.197396,0.,0.31023,0.11359549999999999,0.937716,-0.061436,-0.28497,0.188864,0.904103,0.004432,0.427035,0.009466,0.87978,-0.014749,-0.474017,-0.027661,-0.55036,-0.211364,-0.79274,0.154136,-0.455591,0.076286,0.886014,-0.039201,-0.463513,-0.223584,-0.848445,0.122071,0.,0.,0.,1.,0.,0.,0.
0.,0.,0.,1.,0.,0.,0.,0.197396,0.,0.305687,0.11631049999999996,0.937573,-0.060563,-0.285014,0.18977,0.905827,0.00479,0.423351,0.010328,0.882081,-0.015923,-0.46951,-0.030206,-0.553345,-0.209233,-0.79079,0.156431,-0.45673,0.074315,0.885636,-0.0383,-0.465179,-0.217931,-0.849406,0.119265,0.,0.,0.,1.,0.,0.,0.
0.,0.,0.,1.,0.,0.,0.,0.197396,0.,0.302311,0.1187135,0.937381,-0.059951,-0.284959,0.191001,0.907427,0.005217,0.419862,0.011344,0.884318,-0.017322,-0.465033,-0.033198,-0.555797,-0.207002,-0.789072,0.159322,-0.457493,0.07241,0.885443,-0.037393,-0.466875,-0.212407,-0.85029,0.116558,0.,0.,0.,1.,0.,0.,0.
0.,0.,0.,1.,0.,0.,0.,0.197396,0.,0.296556,0.12174149999999997,0.937091,-0.058807,-0.285282,0.192298,0.909098,0.005604,0.416206,0.012304,0.886706,-0.01857,-0.460178,-0.036045,-0.557948,-0.205124,-0.787311,0.162941,-0.457812,0.070433,0.885481,-0.036399,-0.469164,-0.20653,-0.850869,0.113833,0.,0.,0.,1.,0.,0.,0.
0.,0.,0.,1.,0.,0.,0.,0.197396,0.,0.292882,0.1249085,0.936654,-0.058651,-0.285839,0.193636,0.910436,0.006036,0.413238,0.013362,0.888956,-0.019938,-0.455487,-0.039188,-0.560011,-0.203477,-0.785584,0.166222,-0.45853,0.068904,0.885259,-0.035675,-0.470353,-0.202116,-0.85156,0.111592,0.,0.,0.,1.,0.,0.,0.
0.,0.,0.,1.,0.,0.,0.,0.197396,0.,0.289574,0.1268545,0.936315,-0.058373,-0.286088,0.194975,0.911796,0.006413,0.410195,0.014322,0.891111,-0.021129,-0.450941,-0.042044,-0.561812,-0.2023,-0.783905,0.169488,-0.459008,0.066904,0.885208,-0.034684,-0.472273,-0.196258,-0.852257,0.108681,0.,0.,0.,1.,0.,0.,0.
0.,0.,0.,1.,0.,0.,0.,0.197396,0.,0.286885,0.12736249999999996,0.935939,-0.057812,-0.286036,0.197011,0.913105,0.006798,0.407235,0.015311,0.893652,-0.022285,-0.445521,-0.045016,-0.564324,-0.200866,-0.781829,0.17246,-0.459902,0.065246,0.8849,-0.033904,-0.474163,-0.191401,-0.852605,0.106363,0.,0.,0.,1.,0.,0.,0.
0.,0.,0.,1.,0.,0.,0.,0.197396,0.,0.283286,0.1281805,0.935588,-0.056924,-0.286075,0.198873,0.914494,0.007127,0.404089,0.016193,0.896101,-0.023266,-0.440271,-0.047671,-0.566943,-0.199,-0.779693,0.175789,-0.460773,0.063905,0.88457,-0.033285,-0.476176,-0.187433,-0.852591,0.104588,0.,0.,0.,1.,0.,0.,0.
0.,0.,0.,1.,0.,0.,0.,0.197396,0.,0.279209,0.12970249999999997,0.935251,-0.056295,-0.286258,0.20036,0.915883,0.00742,0.400907,0.017011,0.898431,-0.024148,-0.435234,-0.050134,-0.56904,-0.198203,-0.777699,0.178762,-0.461431,0.062473,0.884359,-0.032596,-0.478111,-0.183191,-0.852698,0.10262,0.,0.,0.,1.,0.,0.,0.
0.,0.,0.,1.,0.,0.,0.,0.197396,0.,0.279112,0.1308715,0.934985,-0.057031,-0.286131,0.201564,0.917274,0.007713,0.397673,0.017861,0.900591,-0.025023,-0.430382,-0.052691,-0.570981,-0.198116,-0.775783,0.180962,-0.461961,0.061248,0.884191,-0.031996,-0.480017,-0.179514,-0.852629,0.100982,0.,0.,0.,1.,0.,0.,0.
0.,0.,0.,1.,0.,0.,0.,0.197396,0.,0.275207,0.13271949999999996,0.93454,-0.056365,-0.286613,0.203152,0.918517,0.008098,0.394739,0.018911,0.902527,-0.026189,-0.425826,-0.055839,-0.573307,-0.198025,-0.773654,0.182814,-0.462475,0.060319,0.884002,-0.03155,-0.481974,-0.17668,-0.852276,0.099849,0.,0.,0.,1.,0.,0.,0.
0.,0.,0.,1.,0.,0.,0.,0.197396,0.,0.273865,0.13372349999999997,0.934083,-0.05665,-0.286622,0.20515,0.919657,0.008448,0.392026,0.019878,0.904575,-0.027203,-0.421011,-0.058758,-0.57647,-0.197238,-0.771023,0.184768,-0.463678,0.059587,0.883425,-0.031267,-0.483547,-0.174522,-0.851949,0.099004,0.,0.,0.,1.,0.,0.,0.
0.,0.,0.,1.,0.,0.,0.,0.197396,0.,0.273127,0.13443949999999996,0.933567,-0.057094,-0.287011,0.206839,0.920519,0.008787,0.389949,0.020794,0.906437,-0.028163,-0.416568,-0.061532,-0.579865,-0.196189,-0.768202,0.186817,-0.465486,0.058857,0.882522,-0.031039,-0.485601,-0.172381,-0.851324,0.098302,0.,0.,0.,1.,0.,0.,0.
0.,0.,0.,1.,0.,0.,0.,0.197396,0.,0.271479,0.13529249999999995,0.932875,-0.057201,-0.287913,0.208651,0.921318,0.009061,0.388024,0.021554,0.907969,-0.028935,-0.412865,-0.063836,-0.583944,-0.194751,-0.764977,0.188628,-0.467824,0.058549,0.881295,-0.03108,-0.487424,-0.171527,-0.85046,0.098298,0.,0.,0.,1.,0.,0.,0.
0.,0.,0.,1.,0.,0.,0.,0.197396,0.,0.27091,0.1348365,0.932329,-0.057637,-0.28808,0.21071,0.922377,0.009168,0.385484,0.021965,0.9101,-0.029126,-0.40792,-0.065129,-0.588471,-0.193217,-0.761438,0.190232,-0.469729,0.05847,0.880277,-0.031209,-0.489768,-0.171221,-0.849121,0.09878,0.,0.,0.,1.,0.,0.,0.
0.,0.,0.,1.,0.,0.,0.,0.197396,0.,0.27276,0.1336915,0.931772,-0.058952,-0.287901,0.213031,0.923374,0.009282,0.383067,0.022395,0.91216,-0.029332,-0.403078,-0.066482,-0.593454,-0.191992,-0.75752,0.191561,-0.471731,0.05866,0.879188,-0.031485,-0.491833,-0.171717,-0.847703,0.099667,0.,0.,0.,1.,0.,0.,0.
0.,0.,0.,1.,0.,0.,0.,0.197396,0.,0.270358,0.13517549999999998,0.931001,-0.059219,-0.289206,0.214532,0.924293,0.009419,0.380822,0.022879,0.913996,-0.029601,-0.398587,-0.067993,-0.598001,-0.190558,-0.753898,0.193082,-0.473327,0.058767,0.87832,-0.031679,-0.494042,-0.171924,-0.846284,0.100401,0.,0.,0.,1.,0.,0.,0.
0.,0.,0.,1.,0.,0.,0.,0.197396,0.,0.268222,0.1359675,0.930241,-0.059546,-0.290237,0.216323,0.925178,0.009585,0.378639,0.023437,0.915635,-0.02999,-0.394499,-0.069717,-0.60249,-0.189209,-0.750239,0.194681,-0.47497,0.058656,0.877442,-0.03176,-0.495692,-0.171579,-0.845357,0.100639,0.,0.,0.,1.,0.,0.,0.
0.,0.,0.,1.,0.,0.,0.,0.197396,0.,0.266097,0.1362475,0.929469,-0.059849,-0.291156,0.218293,0.925894,0.00972,0.376864,0.023891,0.917382,-0.030232,-0.390186,-0.071147,-0.607175,-0.187484,-0.746554,0.196007,-0.47694,0.05871,0.876367,-0.031957,-0.497469,-0.171723,-0.844215,0.101216,0.,0.,0.,1.,0.,0.,0.
0.,0.,0.,1.,0.,0.,0.,0.197396,0.,0.263712,0.13541649999999997,0.92857,-0.059888,-0.291851,0.221139,0.926475,0.009815,0.375409,0.024236,0.91896,-0.030336,-0.386256,-0.072257,-0.612394,-0.185044,-0.742434,0.197766,-0.478974,0.059051,0.875224,-0.032321,-0.498926,-0.172735,-0.843034,0.102245,0.,0.,0.,1.,0.,0.,0.
0.,0.,0.,1.,0.,0.,0.,0.197396,0.,0.262909,0.13421949999999996,0.927506,-0.060552,-0.29242,0.224603,0.927002,0.00991,0.37408,0.024571,0.92052,-0.030417,-0.382303,-0.073345,-0.617956,-0.182485,-0.737879,0.199947,-0.481279,0.059113,0.873949,-0.032555,-0.501274,-0.17287,-0.841519,0.102983,0.,0.,0.,1.,0.,0.,0.
0.,0.,0.,1.,0.,0.,0.,0.197396,0.,0.261792,0.13301549999999998,0.926605,-0.061082,-0.293283,0.227037,0.927526,0.009931,0.372771,0.024724,0.922089,-0.030282,-0.378401,-0.073886,-0.623019,-0.180294,-0.733617,0.201934,-0.483335,0.059312,0.872783,-0.03285,-0.503708,-0.173359,-0.839843,0.103985,0.,0.,0.,1.,0.,0.,0.
0.,0.,0.,1.,0.,0.,0.,0.197396,0.,0.257913,0.13239949999999998,0.925296,-0.060666,-0.294907,0.230342,0.927942,0.009864,0.371754,0.024631,0.923662,-0.029873,-0.374636,-0.073693,-0.628004,-0.178247,-0.729521,0.203122,-0.485023,0.059686,0.8718,-0.033213,-0.506134,-0.174302,-0.838017,0.105291,0.,0.,0.,1.,0.,0.,0.
0.,0.,0.,1.,0.,0.,0.,0.197396,0.,0.256648,0.13111549999999997,0.92426,-0.061005,-0.296021,0.232962,0.928336,0.009893,0.370772,0.024778,0.925428,-0.029688,-0.370219,-0.074244,-0.632995,-0.176252,-0.725286,0.204418,-0.486627,0.059885,0.870875,-0.033472,-0.508555,-0.174736,-0.836332,0.106278,0.,0.,0.,1.,0.,0.,0.
0.,0.,0.,1.,0.,0.,0.,0.197396,0.,0.253724,0.13000749999999997,0.923043,-0.06068,-0.297784,0.235589,0.928412,0.009897,0.370583,0.024799,0.926714,-0.029474,-0.366965,-0.074396,-0.638182,-0.173937,-0.720817,0.205857,-0.488745,0.05982,0.869677,-0.03363,-0.51055,-0.174532,-0.835102,0.106735,0.,0.,0.,1.,0.,0.,0.
0.,0.,0.,1.,0.,0.,0.,0.197396,0.,0.250343,0.1289195,0.921705,-0.060081,-0.299907,0.23827,0.928343,0.009818,0.370768,0.024592,0.928028,-0.028998,-0.363768,-0.073871,-0.643485,-0.171253,-0.71626,0.207363,-0.49135,0.059771,0.868194,-0.033842,-0.512626,-0.174412,-0.83377,0.107275,0.,0.,0.,1.,0.,0.,0.
0.,0.,0.,1.,0.,0.,0.,0.197396,0.,0.250242,0.12627549999999996,0.92035,-0.060346,-0.301488,0.241413,0.928147,0.009583,0.371296,0.023975,0.929337,-0.028068,-0.360783,-0.072113,-0.649144,-0.168359,-0.711239,0.209237,-0.494252,0.059982,0.866514,-0.034229,-0.51465,-0.175068,-0.832241,0.108308,0.,0.,0.,1.,0.,0.,0.
0.,0.,0.,1.,0.,0.,0.,0.197396,0.,0.249975,0.12382950000000001,0.918766,-0.060709,-0.303955,0.244223,0.927563,0.009211,0.372789,0.022968,0.930729,-0.026692,-0.357819,-0.069201,-0.654897,-0.165733,-0.706136,0.210704,-0.497202,0.060316,0.864786,-0.03469,-0.517305,-0.176,-0.830212,0.109703,0.,0.,0.,1.,0.,0.,0.
0.,0.,0.,1.,0.,0.,0.,0.197396,0.,0.250323,0.12102450000000001,0.917212,-0.061282,-0.306604,0.246599,0.927102,0.008771,0.373991,0.021813,0.932141,-0.025168,-0.354796,-0.065825,-0.660801,-0.163245,-0.700697,0.212448,-0.500219,0.060311,0.863033,-0.034959,-0.520375,-0.175922,-0.828189,0.110545,0.,0.,0.,1.,0.,0.,0.
0.,0.,0.,1.,0.,0.,0.,0.197396,0.,0.250582,0.11854449999999997,0.915479,-0.061746,-0.309863,0.248813,0.92627,0.008287,0.376099,0.020506,0.933424,-0.023502,-0.352198,-0.061995,-0.665967,-0.160816,-0.695947,0.213889,-0.503193,0.06003,0.861316,-0.035068,-0.524286,-0.17495,-0.825864,0.111052,0.,0.,0.,1.,0.,0.,0.
0.,0.,0.,1.,0.,0.,0.,0.197396,0.,0.249664,0.11626449999999997,0.913727,-0.061753,-0.313626,0.250486,0.92514,0.007776,0.378911,0.019103,0.934376,-0.021795,-0.350502,-0.057867,-0.671398,-0.15805,-0.690992,0.214997,-0.506242,0.06013,0.8595,-0.03541,-0.527061,-0.175212,-0.823899,0.112062,0.,0.,0.,1.,0.,0.,0.
0.,0.,0.,1.,0.,0.,0.,0.197396,0.,0.249188,0.1137405,0.91187,-0.06226,-0.317551,0.252188,0.923753,0.007176,0.382323,0.017487,0.935108,-0.019895,-0.349374,-0.053067,-0.676596,-0.155016,-0.686146,0.216516,-0.509102,0.059914,0.857814,-0.035548,-0.530155,-0.174513,-0.821995,0.112519,0.,0.,0.,1.,0.,0.,0.
0.,0.,0.,1.,0.,0.,0.,0.197396,0.,0.249671,0.11100949999999996,0.909869,-0.062983,-0.321552,0.254067,0.922174,0.006646,0.386115,0.016061,0.935878,-0.018211,-0.347985,-0.048837,-0.68156,-0.151991,-0.681459,0.218048,-0.511943,0.059682,0.856138,-0.035682,-0.53319,-0.173771,-0.820121,0.112952,0.,0.,0.,1.,0.,0.,0.
0.,0.,0.,1.,0.,0.,0.,0.197396,0.,0.249923,0.10791949999999997,0.907697,-0.06388,-0.325722,0.256251,0.920449,0.005905,0.390252,0.014128,0.936641,-0.015979,-0.346842,-0.04305,-0.686565,-0.149219,-0.676618,0.219412,-0.514953,0.059239,0.854367,-0.035697,-0.536278,-0.172449,-0.81838,0.112972,0.,0.,0.,1.,0.,0.,0.
0.,0.,0.,1.,0.,0.,0.,0.197396,0.,0.249783,0.10456949999999995,0.905355,-0.064489,-0.330159,0.258631,0.918447,0.005223,0.394952,0.01236,0.936929,-0.013976,-0.346796,-0.03774,-0.691148,-0.147286,-0.672193,0.219989,-0.517836,0.058839,0.852653,-0.035722,-0.540143,-0.171127,-0.816077,0.113215,0.,0.,0.,1.,0.,0.,0.
0.,0.,0.,1.,0.,0.,0.,0.197396,0.,0.250072,0.10124149999999996,0.902695,-0.065203,-0.335324,0.260994,0.915941,0.004386,0.400699,0.010281,0.937264,-0.011618,-0.346573,-0.031448,-0.695866,-0.145456,-0.667526,0.220572,-0.520727,0.058291,0.850929,-0.035654,-0.543602,-0.169446,-0.814139,0.113068,0.,0.,0.,1.,0.,0.,0.
0.,0.,0.,1.,0.,0.,0.,0.197396,0.,0.246813,0.0987275,0.899949,-0.064888,-0.340961,0.263122,0.913268,0.003664,0.406733,0.008491,0.937173,-0.009616,-0.347348,-0.026021,-0.700348,-0.143557,-0.663021,0.22118,-0.523779,0.057539,0.849109,-0.035472,-0.54742,-0.167155,-0.812116,0.112594,0.,0.,0.,1.,0.,0.,0.
0.,0.,0.,1.,0.,0.,0.,0.197396,0.,0.243005,0.09616749999999999,0.897036,-0.064415,-0.346863,0.265299,0.910443,0.002853,0.412929,0.006606,0.937006,-0.007462,-0.348158,-0.020253,-0.705425,-0.141078,-0.657933,0.22171,-0.52718,0.057025,0.847028,-0.035476,-0.550966,-0.165615,-0.810038,0.112588,0.,0.,0.,1.,0.,0.,0.
0.,0.,0.,1.,0.,0.,0.,0.197396,0.,0.239864,0.0936215,0.893913,-0.06411,-0.352851,0.267959,0.90721,0.002028,0.419976,0.004734,0.93644,-0.005323,-0.349894,-0.014498,-0.710914,-0.138207,-0.652468,0.221864,-0.530781,0.056745,0.844769,-0.035638,-0.554415,-0.164772,-0.807784,0.113033,0.,0.,0.,1.,0.,0.,0.
0.,0.,0.,1.,0.,0.,0.,0.197396,0.,0.237899,0.0906295,0.890771,-0.064529,-0.358753,0.270444,0.903965,0.000908,0.426896,0.002326,0.935665,-0.002501,-0.352012,-0.007044,-0.7167,-0.135192,-0.646565,0.222249,-0.534851,0.056376,0.842187,-0.035782,-0.557447,-0.163796,-0.805863,0.113238,0.,0.,0.,1.,0.,0.,0.
0.,0.,0.,1.,0.,0.,0.,0.197396,0.,0.236061,0.08747749999999996,0.887495,-0.064813,-0.364931,0.272828,0.900429,-0.000285,0.434244,-0.000153,0.934881,0.000455,-0.354055,0.000668,-0.722023,-0.132641,-0.640967,0.222564,-0.539078,0.055774,0.839486,-0.035796,-0.561069,-0.1621,-0.80371,0.11311,0.,0.,0.,1.,0.,0.,0.
0.,0.,0.,1.,0.,0.,0.,0.197396,0.,0.23377,0.08452849999999998,0.883742,-0.064538,-0.372034,0.275436,0.896091,-0.001428,0.442949,-0.002389,0.933534,0.003237,-0.35731,0.007675,-0.727764,-0.129718,-0.634906,0.222801,-0.54342,0.055071,0.836705,-0.03574,-0.565041,-0.160081,-0.801357,0.112804,0.,0.,0.,1.,0.,0.,0.
0.,0.,0.,1.,0.,0.,0.,0.197396,0.,0.230976,0.08170749999999999,0.880146,-0.064539,-0.378891,0.277532,0.891848,-0.002801,0.451302,-0.004986,0.931676,0.006555,-0.361602,0.015842,-0.733679,-0.126827,-0.628488,0.223208,-0.548258,0.05417,0.833593,-0.035602,-0.56919,-0.15754,-0.799001,0.112161,0.,0.,0.,1.,0.,0.,0.
0.,0.,0.,1.,0.,0.,0.,0.197396,0.,0.22826,0.07899749999999997,0.876346,-0.064437,-0.38619,0.279516,0.887181,-0.004287,0.460296,-0.007674,0.928999,0.01016,-0.367592,0.02432,-0.739406,-0.123932,-0.622347,0.223112,-0.553108,0.053488,0.830419,-0.035595,-0.57321,-0.155635,-0.796533,0.111923,0.,0.,0.,1.,0.,0.,0.
0.,0.,0.,1.,0.,0.,0.,0.197396,0.,0.226025,0.07645249999999998,0.872638,-0.065038,-0.393367,0.281012,0.882121,-0.005961,0.469761,-0.010573,0.925917,0.014247,-0.374099,0.03349,-0.745302,-0.121059,-0.615874,0.223182,-0.558122,0.052863,0.827101,-0.03564,-0.576818,-0.153969,-0.794272,0.111734,0.,0.,0.,1.,0.,0.,0.
0.,0.,0.,1.,0.,0.,0.,0.197396,0.,0.222609,0.07410149999999999,0.868728,-0.065291,-0.40092,0.282314,0.876493,-0.007653,0.47985,-0.013269,0.921754,0.018393,-0.382731,0.042076,-0.751023,-0.117926,-0.609607,0.22308,-0.563258,0.052293,0.823652,-0.035722,-0.580428,-0.15247,-0.791939,0.111653,0.,0.,0.,1.,0.,0.,0.
0.,0.,0.,1.,0.,0.,0.,0.197396,0.,0.221692,0.07127149999999999,0.86465,-0.066457,-0.408521,0.283565,0.870352,-0.009598,0.490581,-0.016283,0.916869,0.023231,-0.392447,0.051672,-0.757023,-0.114705,-0.603047,0.222499,-0.568518,0.051779,0.820068,-0.035848,-0.584122,-0.151138,-0.789462,0.111709,0.,0.,0.,1.,0.,0.,0.
0.,0.,0.,1.,0.,0.,0.,0.197396,0.,0.221239,0.06913949999999999,0.860546,-0.068033,-0.41606,0.2846,0.863969,-0.011601,0.501407,-0.019202,0.911138,0.028313,-0.403455,0.060971,-0.76299,-0.111339,-0.59626,0.222054,-0.57384,0.050981,0.816411,-0.03579,-0.587668,-0.149035,-0.787322,0.111137,0.,0.,0.,1.,0.,0.,0.
0.,0.,0.,1.,0.,0.,0.,0.197396,0.,0.219171,0.06757249999999998,0.855902,-0.068868,-0.424767,0.285373,0.856819,-0.013746,0.513188,-0.022143,0.904718,0.033782,-0.415357,0.070385,-0.768408,-0.108274,-0.589982,0.221525,-0.578972,0.05007,0.812847,-0.035624,-0.591142,-0.146596,-0.78531,0.110255,0.,0.,0.,1.,0.,0.,0.
0.,0.,0.,1.,0.,0.,0.,0.197396,0.,0.217744,0.06579549999999998,0.851219,-0.07018,-0.433229,0.286317,0.848909,-0.015786,0.525864,-0.024652,0.897424,0.039106,-0.428585,0.078458,-0.773767,-0.105239,-0.583775,0.220721,-0.584131,0.049188,0.80919,-0.035464,-0.594757,-0.144216,-0.783155,0.10944,0.,0.,0.,1.,0.,0.,0.
0.,0.,0.,1.,0.,0.,0.,0.197396,0.,0.216282,0.06397549999999999,0.846112,-0.071722,-0.442168,0.287316,0.840171,-0.018057,0.539312,-0.027274,0.888867,0.045127,-0.443558,0.086906,-0.779443,-0.101413,-0.577004,0.220177,-0.589205,0.048306,0.80554,-0.035291,-0.598372,-0.141832,-0.780962,0.108602,0.,0.,0.,1.,0.,0.,0.
0.,0.,0.,1.,0.,0.,0.,0.197396,0.,0.214605,0.06315549999999998,0.840689,-0.073178,-0.451167,0.28863,0.831052,-0.020406,0.552691,-0.029826,0.87981,0.051393,-0.458759,0.095175,-0.785092,-0.098399,-0.570255,0.218925,-0.594478,0.04752,0.801696,-0.035187,-0.601832,-0.139761,-0.778752,0.107923,0.,0.,0.,1.,0.,0.,0.
0.,0.,0.,1.,0.,0.,0.,0.197396,0.,0.214636,0.06138449999999998,0.835125,-0.074893,-0.460247,0.289881,0.820832,-0.02268,0.567294,-0.031996,0.87006,0.057524,-0.474752,0.102299,-0.790472,-0.095167,-0.563841,0.217599,-0.599529,0.046765,0.797973,-0.035081,-0.604974,-0.137798,-0.776747,0.107224,0.,0.,0.,1.,0.,0.,0.
0.,0.,0.,1.,0.,0.,0.,0.197396,0.,0.213813,0.05957649999999998,0.829227,-0.076159,-0.469686,0.291222,0.809518,-0.024832,0.582864,-0.033749,0.859809,0.063351,-0.491091,0.108185,-0.795879,-0.090905,-0.557195,0.216782,-0.604722,0.046053,0.794092,-0.035015,-0.608641,-0.135904,-0.774264,0.106722,0.,0.,0.,1.,0.,0.,0.
0.,0.,0.,1.,0.,0.,0.,0.197396,0.,0.212182,0.058047499999999974,0.823023,-0.076972,-0.479651,0.292375,0.797453,-0.0271,0.598833,-0.035395,0.849087,0.069489,-0.507435,0.113831,-0.801154,-0.086071,-0.550615,0.216227,-0.609881,0.045194,0.790209,-0.034826,-0.612128,-0.133607,-0.772031,0.10582,0.,0.,0.,1.,0.,0.,0.
0.,0.,0.,1.,0.,0.,0.,0.197396,0.,0.210537,0.05713949999999998,0.816363,-0.077623,-0.490087,0.293344,0.784598,-0.029163,0.615037,-0.036596,0.838452,0.075016,-0.523249,0.118206,-0.806424,-0.081634,-0.543859,0.215669,-0.614672,0.044286,0.786579,-0.034551,-0.615821,-0.131089,-0.769655,0.10476,0.,0.,0.,1.,0.,0.,0.
0.,0.,0.,1.,0.,0.,0.,0.197396,0.,0.209749,0.05603649999999999,0.809472,-0.078389,-0.50049,0.294523,0.770725,-0.031222,0.631836,-0.037559,0.827419,0.080504,-0.53901,0.121946,-0.811145,-0.077753,-0.537522,0.215543,-0.619051,0.043251,0.783247,-0.034129,-0.619199,-0.128197,-0.767618,0.103267,0.,0.,0.,1.,0.,0.,0.
0.,0.,0.,1.,0.,0.,0.,0.197396,0.,0.209048,0.05412349999999999,0.802419,-0.078961,-0.510962,0.29566,0.755876,-0.033322,0.649168,-0.038321,0.816471,0.085958,-0.55408,0.125273,-0.815398,-0.073953,-0.531677,0.215387,-0.623291,0.042215,0.779977,-0.033681,-0.622852,-0.125241,-0.765348,0.101779,0.,0.,0.,1.,0.,0.,0.
0.,0.,0.,1.,0.,0.,0.,0.197396,0.,0.208704,0.05064049999999998,0.795831,-0.079424,-0.520714,0.29632,0.740192,-0.035265,0.666707,-0.038729,0.804899,0.091069,-0.569623,0.127518,-0.8194,-0.069641,-0.525923,0.215864,-0.627707,0.041172,0.776519,-0.033226,-0.626677,-0.122261,-0.762891,0.100271,0.,0.,0.,1.,0.,0.,0.
0.,0.,0.,1.,0.,0.,0.,0.197396,0.,0.205508,0.04895349999999998,0.788702,-0.078534,-0.531655,0.296259,0.72358,-0.037056,0.684485,-0.038836,0.793803,0.095604,-0.584187,0.129033,-0.823112,-0.066009,-0.520555,0.216165,-0.631771,0.040176,0.773289,-0.032763,-0.630814,-0.119331,-0.760122,0.098859,0.,0.,0.,1.,0.,0.,0.
0.,0.,0.,1.,0.,0.,0.,0.197396,0.,0.202939,0.04786549999999998,0.781493,-0.078162,-0.542263,0.296245,0.7065,-0.038898,0.701916,-0.038813,0.783243,0.1001,-0.597431,0.130405,-0.826334,-0.062602,-0.515595,0.216825,-0.635756,0.039133,0.770085,-0.032244,-0.634557,-0.116301,-0.757683,0.09723,0.,0.,0.,1.,0.,0.,0.
0.,0.,0.,1.,0.,0.,0.,0.197396,0.,0.200754,0.04541649999999997,0.774515,-0.078113,-0.55242,0.295774,0.688888,-0.04065,0.719075,-0.038619,0.772994,0.104274,-0.609946,0.131401,-0.829264,-0.058967,-0.510986,0.217674,-0.6399,0.038159,0.766694,-0.03178,-0.638093,-0.113516,-0.755319,0.095719,0.,0.,0.,1.,0.,0.,0.
0.,0.,0.,1.,0.,0.,0.,0.197396,0.,0.194515,0.04393449999999999,0.767261,-0.076716,-0.563414,0.294273,0.67066,-0.042296,0.736051,-0.038247,0.762583,0.108171,-0.622293,0.131908,-0.832125,-0.056019,-0.506456,0.218311,-0.644323,0.037268,0.763017,-0.031405,-0.64155,-0.111013,-0.752943,0.094435,0.,0.,0.,1.,0.,0.,0.
0.,0.,0.,1.,0.,0.,0.,0.197396,0.,0.191811,0.042295499999999986,0.759975,-0.076627,-0.573878,0.293057,0.652022,-0.043966,0.752531,-0.037861,0.752852,0.111983,-0.633401,0.132607,-0.834537,-0.054022,-0.502567,0.218708,-0.648542,0.036231,0.759484,-0.030877,-0.644718,-0.108096,-0.75089,0.092672,0.,0.,0.,1.,0.,0.,0.
0.,0.,0.,1.,0.,0.,0.,0.197396,0.,0.18932,0.04090249999999998,0.753048,-0.076765,-0.583661,0.291854,0.632953,-0.045568,0.768646,-0.037277,0.743175,0.115587,-0.644153,0.132846,-0.836907,-0.052318,-0.498695,0.219001,-0.652934,0.035253,0.755749,-0.030397,-0.647773,-0.105374,-0.748874,0.091036,0.,0.,0.,1.,0.,0.,0.
0.,0.,0.,1.,0.,0.,0.,0.197396,0.,0.18714,0.03865649999999998,0.746472,-0.0771,-0.592697,0.290498,0.613619,-0.047216,0.784103,-0.036742,0.733924,0.119253,-0.654093,0.13341,-0.839295,-0.050115,-0.494724,0.219396,-0.657684,0.034448,0.751649,-0.03009,-0.650398,-0.103257,-0.747066,0.089812,0.,0.,0.,1.,0.,0.,0.
0.,0.,0.,1.,0.,0.,0.,0.197396,0.,0.184638,0.03669649999999999,0.73998,-0.077482,-0.601628,0.288718,0.594171,-0.048793,0.798907,-0.036106,0.724978,0.122714,-0.663383,0.13377,-0.841606,-0.04862,-0.491129,0.219036,-0.662495,0.033841,0.747459,-0.029954,-0.65311,-0.101716,-0.745019,0.089108,0.,0.,0.,1.,0.,0.,0.
0.,0.,0.,1.,0.,0.,0.,0.197396,0.,0.181219,0.03597949999999997,0.732987,-0.077585,-0.610996,0.286841,0.574447,-0.050112,0.813235,-0.035225,0.716323,0.125518,-0.672404,0.133411,-0.843624,-0.047259,-0.48796,0.218673,-0.667174,0.033246,0.743338,-0.02981,-0.655671,-0.100212,-0.74308,0.088387,0.,0.,0.,1.,0.,0.,0.
0.,0.,0.,1.,0.,0.,0.,0.197396,0.,0.178896,0.03515449999999998,0.725914,-0.078553,-0.619984,0.285466,0.554835,-0.051495,0.826798,-0.034396,0.708608,0.128345,-0.680047,0.133453,-0.84554,-0.04629,-0.485126,0.217789,-0.671534,0.032799,0.739442,-0.029765,-0.657686,-0.099171,-0.741505,0.087937,0.,0.,0.,1.,0.,0.,0.
0.,0.,0.,1.,0.,0.,0.,0.197396,0.,0.177001,0.03407749999999998,0.718931,-0.079991,-0.628592,0.283957,0.53559,-0.052827,0.839474,-0.033595,0.701128,0.131111,-0.687319,0.133559,-0.847649,-0.044572,-0.481891,0.217152,-0.675754,0.032447,0.73563,-0.029792,-0.659664,-0.098401,-0.739876,0.087718,0.,0.,0.,1.,0.,0.,0.
0.,0.,0.,1.,0.,0.,0.,0.197396,0.,0.176068,0.03202849999999999,0.712081,-0.081176,-0.63683,0.28256,0.516552,-0.053902,0.85146,-0.032596,0.693886,0.133277,-0.694426,0.133,-0.849466,-0.04375,-0.479233,0.216115,-0.679696,0.032034,0.732045,-0.029731,-0.66139,-0.097439,-0.73852,0.087249,0.,0.,0.,1.,0.,0.,0.
0.,0.,0.,1.,0.,0.,0.,0.197396,0.,0.173965,0.030517499999999975,0.704918,-0.082196,-0.645215,0.28116,0.498067,-0.055017,0.862585,-0.031667,0.686779,0.135608,-0.701173,0.132665,-0.851264,-0.042599,-0.476607,0.215071,-0.68329,0.031684,0.728734,-0.029696,-0.663033,-0.096632,-0.737191,0.086894,0.,0.,0.,1.,0.,0.,0.
0.,0.,0.,1.,0.,0.,0.,0.197396,0.,0.175435,0.028364499999999987,0.697665,-0.084104,-0.653075,0.280409,0.479763,-0.05618,0.873049,-0.030785,0.68018,0.138018,-0.707149,0.132612,-0.853218,-0.041265,-0.473577,0.214277,-0.686774,0.031228,0.725487,-0.029552,-0.664602,-0.095507,-0.736006,0.086228,0.,0.,0.,1.,0.,0.,0.
0.,0.,0.,1.,0.,0.,0.,0.197396,0.,0.173813,0.026956499999999994,0.69081,-0.085033,-0.660795,0.278969,0.462554,-0.057101,0.882488,-0.029879,0.673563,0.139996,-0.713208,0.132133,-0.855264,-0.039979,-0.47033,0.213538,-0.690531,0.030931,0.721922,-0.029575,-0.66602,-0.094907,-0.734824,0.086005,0.,0.,0.,1.,0.,0.,0.
0.,0.,0.,1.,0.,0.,0.,0.197396,0.,0.173385,0.02527549999999998,0.683492,-0.086026,-0.668799,0.277739,0.446159,-0.057757,0.891125,-0.02888,0.667203,0.141394,-0.719061,0.131135,-0.857317,-0.038146,-0.46703,0.212845,-0.694023,0.030693,0.718566,-0.029628,-0.667242,-0.094473,-0.733789,0.085887,0.,0.,0.,1.,0.,0.,0.
0.,0.,0.,1.,0.,0.,0.,0.197396,0.,0.172819,0.023772499999999974,0.676518,-0.087073,-0.676271,0.276554,0.43113,-0.058366,0.89871,-0.02798,0.661206,0.142763,-0.724517,0.130258,-0.859195,-0.036683,-0.464038,0.211987,-0.697462,0.030379,0.715222,-0.029607,-0.668745,-0.093778,-0.732547,0.085592,0.,0.,0.,1.,0.,0.,0.
0.,0.,0.,1.,0.,0.,0.,0.197396,0.,0.172904,0.020970499999999975,0.669568,-0.087901,-0.68343,0.275813,0.41693,-0.058942,0.905575,-0.027119,0.655322,0.144115,-0.729723,0.129392,-0.861319,-0.03433,-0.460666,0.211067,-0.701147,0.030078,0.7116,-0.02962,-0.670306,-0.093148,-0.731224,0.085374,0.,0.,0.,1.,0.,0.,0.
0.,0.,0.,1.,0.,0.,0.,0.197396,0.,0.173045,0.018463499999999994,0.663079,-0.088583,-0.6901,0.274718,0.403848,-0.059471,0.911641,-0.026338,0.649095,0.145519,-0.735118,0.128479,-0.86336,-0.033083,-0.457375,0.210067,-0.705002,0.029825,0.707761,-0.029697,-0.671926,-0.092686,-0.729796,0.085326,0.,0.,0.,1.,0.,0.,0.
0.,0.,0.,1.,0.,0.,0.,0.197396,0.,0.17336,0.017197499999999977,0.65611,-0.088482,-0.697295,0.273397,0.3917,-0.059669,0.917082,-0.025492,0.642959,0.146206,-0.740597,0.126953,-0.865597,-0.031814,-0.453676,0.209065,-0.708726,0.02952,0.704031,-0.029709,-0.673707,-0.09203,-0.728258,0.08513,0.,0.,0.,1.,0.,0.,0.
0.,0.,0.,1.,0.,0.,0.,0.197396,0.,0.174703,0.014783499999999977,0.649737,-0.088712,-0.703707,0.27224,0.3809,-0.060107,0.921759,-0.024847,0.63593,0.147706,-0.746487,0.125855,-0.868036,-0.030541,-0.449575,0.207896,-0.712547,0.029175,0.700173,-0.029688,-0.675193,-0.091298,-0.727008,0.084789,0.,0.,0.,1.,0.,0.,0.
0.,0.,0.,1.,0.,0.,0.,0.197396,0.,0.174958,0.012812499999999977,0.643451,-0.088317,-0.710166,0.270632,0.371085,-0.060388,0.925869,-0.024215,0.628649,0.14894,-0.752572,0.124447,-0.87062,-0.02879,-0.445274,0.206558,-0.716614,0.028963,0.696018,-0.029819,-0.677015,-0.090968,-0.725334,0.084908,0.,0.,0.,1.,0.,0.,0.
0.,0.,0.,1.,0.,0.,0.,0.197396,0.,0.177309,0.01053949999999998,0.637731,-0.088811,-0.715832,0.269144,0.362511,-0.060948,0.929353,-0.023767,0.621107,0.150987,-0.758501,0.123576,-0.873248,-0.027596,-0.44096,0.204864,-0.720581,0.028732,0.691939,-0.029921,-0.678671,-0.090585,-0.723824,0.084933,0.,0.,0.,1.,0.,0.,0.
0.,0.,0.,1.,0.,0.,0.,0.197396,0.,0.179527,0.008204499999999976,0.632236,-0.089746,-0.721083,0.267777,0.355204,-0.061579,0.932203,-0.023435,0.613357,0.15333,-0.764368,0.122848,-0.875594,-0.026541,-0.437217,0.203054,-0.724511,0.028493,0.687847,-0.030006,-0.680497,-0.090149,-0.722158,0.084941,0.,0.,0.,1.,0.,0.,0.
0.,0.,0.,1.,0.,0.,0.,0.197396,0.,0.18156,0.005577499999999985,0.626227,-0.090009,-0.726798,0.266315,0.348304,-0.062289,0.934817,-0.023172,0.605833,0.155834,-0.769906,0.122383,-0.878208,-0.025291,-0.432914,0.201142,-0.728165,0.028113,0.684002,-0.029914,-0.682612,-0.089208,-0.720312,0.084514,0.,0.,0.,1.,0.,0.,0.
0.,0.,0.,1.,0.,0.,0.,0.197396,0.,0.182919,0.003200499999999995,0.620301,-0.089787,-0.732387,0.264924,0.342365,-0.063011,0.937012,-0.022985,0.598036,0.158462,-0.775474,0.121921,-0.88072,-0.024607,-0.428983,0.198636,-0.731874,0.027696,0.680066,-0.029781,-0.68529,-0.088089,-0.717951,0.084036,0.,0.,0.,1.,0.,0.,0.
0.,0.,0.,1.,0.,0.,0.,0.197396,0.,0.185113,0.00072549999999999,0.614474,-0.089997,-0.737941,0.263042,0.33747,-0.063781,0.93879,-0.022893,0.589847,0.161332,-0.78124,0.121513,-0.883186,-0.023818,-0.425019,0.196274,-0.735474,0.027332,0.676194,-0.029697,-0.687704,-0.087158,-0.715792,0.08368,0.,0.,0.,1.,0.,0.,0.
0.,0.,0.,1.,0.,0.,0.,0.197396,0.,0.186736,-0.000981500000000024,0.608357,-0.090097,-0.743735,0.260912,0.332921,-0.064462,0.940393,-0.022787,0.581904,0.163966,-0.786758,0.120969,-0.885653,-0.022806,-0.42093,0.194047,-0.738889,0.0269,0.672489,-0.029522,-0.690074,-0.085991,-0.713714,0.083078,0.,0.,0.,1.,0.,0.,0.
0.,0.,0.,1.,0.,0.,0.,0.197396,0.,0.188163,-0.0033805000000000085,0.60263,-0.08982,-0.749104,0.258945,0.329259,-0.065076,0.941661,-0.022726,0.573954,0.166465,-0.792175,0.120335,-0.888307,-0.020845,-0.416418,0.191866,-0.742266,0.026315,0.668784,-0.029164,-0.692836,-0.084291,-0.711336,0.082011,0.,0.,0.,1.,0.,0.,0.
0.,0.,0.,1.,0.,0.,0.,0.197396,0.,0.190305,-0.0057425000000000115,0.597544,-0.089875,-0.753958,0.256603,0.326641,-0.065867,0.942531,-0.022809,0.566312,0.169403,-0.79716,0.120171,-0.890766,-0.018916,-0.412383,0.189387,-0.74577,0.025697,0.664913,-0.028771,-0.69551,-0.082508,-0.709051,0.080825,0.,0.,0.,1.,0.,0.,0.
0.,0.,0.,1.,0.,0.,0.,0.197396,0.,0.190707,-0.0077675000000000105,0.592337,-0.089508,-0.759024,0.253906,0.324282,-0.06674,0.943297,-0.022932,0.558893,0.172545,-0.801743,0.120122,-0.893178,-0.01673,-0.408333,0.186864,-0.749453,0.025096,0.660784,-0.028408,-0.698253,-0.080794,-0.706669,0.079719,0.,0.,0.,1.,0.,0.,0.
0.,0.,0.,1.,0.,0.,0.,0.197396,0.,0.192123,-0.010906500000000013,0.587811,-0.089472,-0.763451,0.251248,0.322572,-0.067872,0.943804,-0.023191,0.551213,0.176418,-0.806148,0.12048,-0.895593,-0.0142,-0.404163,0.184441,-0.753099,0.024548,0.656639,-0.028105,-0.700809,-0.079269,-0.704423,0.078763,0.,0.,0.,1.,0.,0.,0.
0.,0.,0.,1.,0.,0.,0.,0.197396,0.,0.192759,-0.014509500000000009,0.583154,-0.087412,-0.768256,0.248214,0.320772,-0.068511,0.944378,-0.023267,0.544272,0.178952,-0.81038,0.120035,-0.897873,-0.01155,-0.400218,0.182073,-0.756934,0.023932,0.652247,-0.027727,-0.703561,-0.077521,-0.70201,0.077605,0.,0.,0.,1.,0.,0.,0.
0.,0.,0.,1.,0.,0.,0.,0.197396,0.,0.192972,-0.01716750000000003,0.578818,-0.084534,-0.773238,0.243818,0.319409,-0.06914,0.944794,-0.02337,0.536873,0.181564,-0.814768,0.119425,-0.900576,-0.009118,-0.395362,0.179487,-0.760725,0.023285,0.647851,-0.027297,-0.706718,-0.075619,-0.69918,0.076352,0.,0.,0.,1.,0.,0.,0.
0.,0.,0.,1.,0.,0.,0.,0.197396,0.,0.194487,-0.020336500000000007,0.574941,-0.080868,-0.777734,0.239708,0.318736,-0.069634,0.944983,-0.023483,0.529422,0.183861,-0.819247,0.118614,-0.902923,-0.006657,-0.391227,0.176869,-0.764438,0.022756,0.643496,-0.026987,-0.709857,-0.074083,-0.69624,0.075441,0.,0.,0.,1.,0.,0.,0.
0.,0.,0.,1.,0.,0.,0.,0.197396,0.,0.195011,-0.02294050000000003,0.57026,-0.076059,-0.783067,0.234561,0.317858,-0.070084,0.945244,-0.023564,0.522466,0.185947,-0.82334,0.117814,-0.905232,-0.003867,-0.386737,0.175066,-0.768197,0.022179,0.639037,-0.026609,-0.713145,-0.072375,-0.693139,0.074349,0.,0.,0.,1.,0.,0.,0.
0.,0.,0.,1.,0.,0.,0.,0.197396,0.,0.196741,-0.026558500000000013,0.566001,-0.069963,-0.788012,0.229763,0.317289,-0.07051,0.945403,-0.023663,0.515205,0.188032,-0.827566,0.116895,-0.907266,-0.00135,-0.38294,0.173078,-0.772001,0.021495,0.634477,-0.026098,-0.716948,-0.070275,-0.689541,0.072932,0.,0.,0.,1.,0.,0.,0.
0.,0.,0.,1.,0.,0.,0.,0.197396,0.,0.197687,-0.029709500000000028,0.562178,-0.0623,-0.792795,0.224224,0.318023,-0.071069,0.945106,-0.023915,0.508003,0.190538,-0.831541,0.116242,-0.909275,0.000662,-0.379005,0.171317,-0.775915,0.020756,0.629739,-0.025515,-0.720967,-0.067984,-0.685703,0.07132,0.,0.,0.,1.,0.,0.,0.
0.,0.,0.,1.,0.,0.,0.,0.197396,0.,0.200045,-0.03243150000000003,0.557772,-0.054158,-0.797944,0.218244,0.318619,-0.0719,0.944833,-0.024249,0.501046,0.193704,-0.83505,0.116071,-0.910999,0.002492,-0.375714,0.169508,-0.779652,0.020107,0.625151,-0.025008,-0.724615,-0.065993,-0.682144,0.069902,0.,0.,0.,1.,0.,0.,0.
0.,0.,0.,1.,0.,0.,0.,0.197396,0.,0.201511,-0.035951500000000025,0.553638,-0.044605,-0.802799,0.212486,0.31981,-0.072776,0.944344,-0.024655,0.493568,0.197108,-0.838771,0.115863,-0.912733,0.004558,-0.372147,0.168155,-0.783479,0.019512,0.620394,-0.024564,-0.728206,-0.064184,-0.678598,0.068652,0.,0.,0.,1.,0.,0.,0.
0.,0.,0.,1.,0.,0.,0.,0.197396,0.,0.203769,-0.039372500000000005,0.549536,-0.033971,-0.807623,0.206422,0.321693,-0.073804,0.94359,-0.025186,0.486504,0.20095,-0.84197,0.11593,-0.914028,0.006011,-0.369383,0.167249,-0.787175,0.018806,0.615737,-0.023956,-0.732432,-0.061935,-0.674377,0.067008,0.,0.,0.,1.,0.,0.,0.
0.,0.,0.,1.,0.,0.,0.,0.197396,0.,0.205392,-0.041130500000000014,0.544919,-0.022335,-0.812793,0.199908,0.323968,-0.074771,0.942695,-0.025739,0.479593,0.204661,-0.844998,0.11588,-0.915333,0.006749,-0.366628,0.16619,-0.79108,0.017874,0.610748,-0.023053,-0.737084,-0.058924,-0.669781,0.06456,0.,0.,0.,1.,0.,0.,0.
0.,0.,0.,1.,0.,0.,0.,0.197396,0.,0.206602,-0.04193850000000002,0.540216,-0.01069,-0.817781,0.193209,0.326648,-0.076452,0.941586,-0.02659,0.47221,0.210379,-0.847559,0.116822,-0.916483,0.006948,-0.36418,0.16531,-0.794728,0.016965,0.606051,-0.022139,-0.741787,-0.055946,-0.665059,0.062096,0.,0.,0.,1.,0.,0.,0.
0.,0.,0.,1.,0.,0.,0.,0.197396,0.,0.207318,-0.04254050000000002,0.53539,0.002024,-0.822446,0.187074,0.330063,-0.077889,0.940225,-0.027435,0.465761,0.215397,-0.849695,0.117591,-0.917279,0.007389,-0.362566,0.164457,-0.798432,0.016118,0.601205,-0.021291,-0.746235,-0.053197,-0.660508,0.05979,0.,0.,0.,1.,0.,0.,0.
0.,0.,0.,1.,0.,0.,0.,0.197396,0.,0.207196,-0.04282250000000001,0.530713,0.014892,-0.826803,0.180622,0.333574,-0.079703,0.938787,-0.028427,0.459192,0.221449,-0.851503,0.11891,-0.918046,0.00782,-0.360785,0.164097,-0.802361,0.015313,0.595989,-0.020508,-0.750522,-0.050627,-0.656055,0.057636,0.,0.,0.,1.,0.,0.,0.
0.,0.,0.,1.,0.,0.,0.,0.197396,0.,0.206744,-0.044529500000000014,0.526896,0.028014,-0.830221,0.174151,0.33729,-0.08168,0.93727,-0.029495,0.453057,0.227893,-0.852872,0.12057,-0.918709,0.008387,-0.359235,0.163749,-0.806327,0.014527,0.590643,-0.019726,-0.754679,-0.048124,-0.651664,0.055467,0.,0.,0.,1.,0.,0.,0.
0.,0.,0.,1.,0.,0.,0.,0.197396,0.,0.205249,-0.04460750000000002,0.522831,0.041578,-0.833517,0.16785,0.341043,-0.083809,0.935694,-0.030643,0.447029,0.234771,-0.853947,0.12244,-0.919404,0.009112,-0.357674,0.163253,-0.810248,0.013722,0.585285,-0.018888,-0.758632,-0.045562,-0.647442,0.053124,0.,0.,0.,1.,0.,0.,0.
0.,0.,0.,1.,0.,0.,0.,0.197396,0.,0.204175,-0.04453750000000002,0.518678,0.054813,-0.836475,0.16199,0.344856,-0.08587,0.934069,-0.031796,0.440885,0.241531,-0.855052,0.124117,-0.920023,0.009771,-0.356224,0.162886,-0.814175,0.012903,0.579844,-0.018003,-0.762589,-0.042949,-0.643139,0.050645,0.,0.,0.,1.,0.,0.,0.
0.,0.,0.,1.,0.,0.,0.,0.197396,0.,0.202631,-0.045877500000000015,0.514929,0.068369,-0.838752,0.156764,0.348912,-0.08777,0.932368,-0.03292,0.435476,0.247789,-0.855873,0.125729,-0.920876,0.01054,-0.354277,0.162233,-0.818077,0.01216,0.574374,-0.01721,-0.766542,-0.040577,-0.638759,0.048427,0.,0.,0.,1.,0.,0.,0.
0.,0.,0.,1.,0.,0.,0.,0.197396,0.,0.200538,-0.04653250000000002,0.511117,0.081644,-0.840875,0.151571,0.352452,-0.089626,0.930836,-0.033992,0.429945,0.253933,-0.856747,0.127167,-0.921502,0.011246,-0.352822,0.161777,-0.821811,0.011378,0.569086,-0.016335,-0.770987,-0.038018,-0.633761,0.046019,0.,0.,0.,1.,0.,0.,0.
0.,0.,0.,1.,0.,0.,0.,0.197396,0.,0.200286,-0.04726950000000002,0.507476,0.095407,-0.842383,0.147708,0.355741,-0.09082,0.929444,-0.034802,0.42516,0.258178,-0.857855,0.127777,-0.922131,0.011938,-0.351349,0.16134,-0.825404,0.010719,0.563926,-0.015609,-0.774977,-0.035885,-0.629154,0.044,0.,0.,0.,1.,0.,0.,0.
0.,0.,0.,1.,0.,0.,0.,0.197396,0.,0.200375,-0.04839150000000002,0.504292,0.108839,-0.843311,0.144609,0.358934,-0.092152,0.928055,-0.035671,0.420626,0.262783,-0.858616,0.128602,-0.922549,0.012974,-0.350413,0.160886,-0.828687,0.010108,0.559131,-0.014898,-0.778902,-0.033879,-0.624509,0.04203,0.,0.,0.,1.,0.,0.,0.
0.,0.,0.,1.,0.,0.,0.,0.197396,0.,0.201762,-0.05029750000000002,0.501761,0.122187,-0.843468,0.142549,0.362142,-0.092659,0.926741,-0.036232,0.41666,0.265083,-0.8599,0.128339,-0.923375,0.015015,-0.348435,0.160219,-0.832173,0.009617,0.553987,-0.014369,-0.782818,-0.032294,-0.619763,0.040563,0.,0.,0.,1.,0.,0.,0.
0.,0.,0.,1.,0.,0.,0.,0.197396,0.,0.203451,-0.052412500000000015,0.499132,0.134935,-0.843422,0.141184,0.36458,-0.093178,0.92572,-0.036712,0.412933,0.267298,-0.861069,0.128122,-0.924166,0.017228,-0.346355,0.159939,-0.835473,0.009071,0.549052,-0.013728,-0.78672,-0.030502,-0.615001,0.038785,0.,0.,0.,1.,0.,0.,0.
0.,0.,0.,1.,0.,0.,0.,0.197396,0.,0.205993,-0.05401350000000002,0.496824,0.146639,-0.843124,0.140201,0.367318,-0.093729,0.924562,-0.037249,0.409401,0.269623,-0.862064,0.128001,-0.92494,0.019262,-0.344511,0.15921,-0.83844,0.008519,0.544565,-0.013057,-0.79066,-0.02866,-0.610147,0.036939,0.,0.,0.,1.,0.,0.,0.
0.,0.,0.,1.,0.,0.,0.,0.197396,0.,0.210547,-0.05484750000000002,0.495201,0.157477,-0.842236,0.140184,0.370425,-0.094186,0.923264,-0.037796,0.405893,0.271735,-0.863117,0.127759,-0.925676,0.021205,-0.342812,0.158327,-0.841224,0.007943,0.5403,-0.012312,-0.79465,-0.026714,-0.605157,0.034887,0.,0.,0.,1.,0.,0.,0.
0.,0.,0.,1.,0.,0.,0.,0.197396,0.,0.215872,-0.05642750000000002,0.493663,0.167635,-0.841155,0.140817,0.372837,-0.09452,0.922251,-0.038218,0.402385,0.273444,-0.864293,0.127274,-0.926439,0.023511,-0.340843,0.157785,-0.8439,0.007409,0.536144,-0.011605,-0.798633,-0.024901,-0.60008,0.032936,0.,0.,0.,1.,0.,0.,0.
0.,0.,0.,1.,0.,0.,0.,0.197396,0.,0.221475,-0.058366500000000016,0.49314,0.177461,-0.839352,0.141708,0.375255,-0.094595,0.921247,-0.038539,0.399508,0.274351,-0.865435,0.126617,-0.927158,0.026259,-0.338846,0.157388,-0.846535,0.006913,0.531986,-0.010933,-0.802442,-0.023223,-0.595136,0.031074,0.,0.,0.,1.,0.,0.,0.
0.,0.,0.,1.,0.,0.,0.,0.197396,0.,0.226414,-0.060335500000000014,0.492938,0.18648,-0.837381,0.14275,0.377355,-0.095001,0.920333,-0.038962,0.396675,0.276142,-0.866204,0.126417,-0.927737,0.029012,-0.337024,0.157344,-0.849035,0.006373,0.528012,-0.010176,-0.806335,-0.021383,-0.590036,0.028976,0.,0.,0.,1.,0.,0.,0.
0.,0.,0.,1.,0.,0.,0.,0.197396,0.,0.230545,-0.06182450000000002,0.492328,0.195695,-0.835522,0.143545,0.37911,-0.095063,0.919602,-0.039199,0.394919,0.276772,-0.866866,0.126053,-0.928524,0.03175,-0.334664,0.157142,-0.85152,0.0059,0.524021,-0.009516,-0.81001,-0.019782,-0.585131,0.027137,0.,0.,0.,1.,0.,0.,0.
0.,0.,0.,1.,0.,0.,0.,0.197396,0.,0.233431,-0.06245150000000002,0.491839,0.203632,-0.83388,0.143895,0.380879,-0.09538,0.918824,-0.039544,0.393276,0.278099,-0.8672,0.126098,-0.929432,0.034479,-0.331865,0.15711,-0.853935,0.005323,0.520109,-0.008669,-0.813724,-0.017832,-0.580122,0.024759,0.,0.,0.,1.,0.,0.,0.
0.,0.,0.,1.,0.,0.,0.,0.197396,0.,0.236042,-0.06313550000000002,0.490785,0.211147,-0.832623,0.144139,0.381883,-0.095666,0.91837,-0.039787,0.392394,0.279138,-0.867239,0.126282,-0.930243,0.036732,-0.329279,0.157333,-0.856297,0.004788,0.516235,-0.007864,-0.817274,-0.016032,-0.575236,0.022485,0.,0.,0.,1.,0.,0.,0.
0.,0.,0.,1.,0.,0.,0.,0.197396,0.,0.238097,-0.06360550000000002,0.489762,0.218181,-0.831373,0.144482,0.382647,-0.096229,0.917981,-0.040116,0.391361,0.280942,-0.86705,0.126801,-0.930759,0.038705,-0.327224,0.158108,-0.858512,0.004288,0.512566,-0.007113,-0.820725,-0.01434,-0.570447,0.02037,0.,0.,0.,1.,0.,0.,0.
0.,0.,0.,1.,0.,0.,0.,0.197396,0.,0.241171,-0.06553650000000003,0.49014,0.224958,-0.829232,0.145145,0.38349,-0.096531,0.917594,-0.040343,0.390605,0.281986,-0.867029,0.127039,-0.931345,0.04105,-0.32478,0.15908,-0.860679,0.003809,0.508933,-0.006375,-0.824013,-0.012722,-0.565824,0.018284,0.,0.,0.,1.,0.,0.,0.
0.,0.,0.,1.,0.,0.,0.,0.197396,0.,0.243164,-0.06762350000000002,0.490604,0.231528,-0.827036,0.145952,0.383891,-0.096787,0.917394,-0.040501,0.389931,0.282846,-0.867029,0.127209,-0.931818,0.04349,-0.32245,0.160419,-0.862783,0.003234,0.505392,-0.005462,-0.827456,-0.010787,-0.56091,0.015689,0.,0.,0.,1.,0.,0.,0.
0.,0.,0.,1.,0.,0.,0.,0.197396,0.,0.244372,-0.06853550000000001,0.490563,0.238049,-0.825105,0.146709,0.384389,-0.096728,0.91719,-0.040537,0.389268,0.282836,-0.867369,0.126942,-0.932371,0.045717,-0.320093,0.161354,-0.86486,0.002798,0.501852,-0.004771,-0.83057,-0.009325,-0.556394,0.013722,0.,0.,0.,1.,0.,0.,0.
0.,0.,0.,1.,0.,0.,0.,0.197396,0.,0.244752,-0.06936650000000003,0.490748,0.244158,-0.823185,0.147002,0.385194,-0.096721,0.916849,-0.040633,0.389151,0.282933,-0.86739,0.126944,-0.933005,0.047365,-0.317579,0.162253,-0.866957,0.002457,0.498231,-0.004233,-0.833623,-0.008181,-0.551885,0.012192,0.,0.,0.,1.,0.,0.,0.
0.,0.,0.,1.,0.,0.,0.,0.197396,0.,0.245219,-0.06963850000000002,0.490129,0.249475,-0.821886,0.147536,0.385158,-0.096794,0.916855,-0.04066,0.388957,0.28316,-0.867397,0.126981,-0.933609,0.048588,-0.315274,0.162934,-0.8689,0.002134,0.494834,-0.003706,-0.836606,-0.007092,-0.547418,0.01069,0.,0.,0.,1.,0.,0.,0.
0.,0.,0.,1.,0.,0.,0.,0.197396,0.,0.246993,-0.06935050000000002,0.490005,0.25448,-0.820311,0.148278,0.385384,-0.096251,0.916826,-0.040457,0.388505,0.281735,-0.868184,0.126093,-0.934162,0.049217,-0.313167,0.163673,-0.870972,0.001852,0.491173,-0.003248,-0.839387,-0.006149,-0.543205,0.009379,0.,0.,0.,1.,0.,0.,0.
0.,0.,0.,1.,0.,0.,0.,0.197396,0.,0.250275,-0.07049250000000001,0.490896,0.258009,-0.818444,0.149575,0.385433,-0.096609,0.916761,-0.040614,0.387452,0.282891,-0.868249,0.126251,-0.934714,0.050254,-0.311019,0.164299,-0.873037,0.001599,0.48749,-0.002841,-0.842188,-0.005306,-0.538903,0.008216,0.,0.,0.,1.,0.,0.,0.
0.,0.,0.,1.,0.,0.,0.,0.197396,0.,0.25184,-0.07321550000000002,0.491707,0.262496,-0.816394,0.150344,0.384826,-0.096407,0.917044,-0.040455,0.386588,0.282376,-0.868884,0.125655,-0.935259,0.051497,-0.308956,0.164654,-0.875161,0.001395,0.483659,-0.002504,-0.844715,-0.004629,-0.534965,0.007247,0.,0.,0.,1.,0.,0.,0.
0.,0.,0.,1.,0.,0.,0.,0.197396,0.,0.253876,-0.07539850000000002,0.493187,0.266404,-0.81406,0.151437,0.384715,-0.095993,0.917141,-0.040266,0.385647,0.281348,-0.869766,0.124763,-0.93596,0.053662,-0.306076,0.165304,-0.877253,0.001189,0.479841,-0.002143,-0.847242,-0.003944,-0.530965,0.006203,0.,0.,0.,1.,0.,0.,0.
0.,0.,0.,1.,0.,0.,0.,0.197396,0.,0.255058,-0.07633650000000002,0.494342,0.270085,-0.812039,0.152135,0.384713,-0.095461,0.917208,-0.040041,0.385062,0.279951,-0.870617,0.123826,-0.936508,0.055447,-0.30346,0.166412,-0.879184,0.0008,0.476304,-0.00144,-0.849686,-0.002654,-0.527069,0.004169,0.,0.,0.,1.,0.,0.,0.
0.,0.,0.,1.,0.,0.,0.,0.197396,0.,0.255411,-0.07572050000000002,0.494809,0.273023,-0.810693,0.152611,0.384613,-0.095438,0.917253,-0.040019,0.383728,0.280064,-0.871236,0.123357,-0.936813,0.05655,-0.301858,0.167236,-0.881138,0.000502,0.472681,-0.000894,-0.852245,-0.001663,-0.522941,0.002588,0.,0.,0.,1.,0.,0.,0.
0.,0.,0.,1.,0.,0.,0.,0.197396,0.,0.256236,-0.07489250000000001,0.495147,0.275812,-0.809385,0.153493,0.384515,-0.095119,0.917334,-0.039872,0.382451,0.279343,-0.872153,0.122496,-0.937129,0.057062,-0.300347,0.168027,-0.883066,0.000219,0.469092,-0.000358,-0.85448,-0.000726,-0.519266,0.001029,0.,0.,0.,1.,0.,0.,0.
0.,0.,0.,1.,0.,0.,0.,0.197396,0.,0.257208,-0.07551050000000002,0.495947,0.278004,-0.807995,0.154325,0.383952,-0.095276,0.917553,-0.039869,0.381063,0.279909,-0.872613,0.122229,-0.937448,0.057686,-0.298259,0.169716,-0.88505,-0.00013,0.465349,0.00031,-0.856783,0.00043,-0.515451,-0.000911,0.,0.,0.,1.,0.,0.,0.
0.,0.,0.,1.,0.,0.,0.,0.197396,0.,0.258078,-0.07589950000000002,0.496598,0.27978,-0.806837,0.155114,0.383201,-0.095313,0.917868,-0.039792,0.379793,0.280099,-0.873162,0.121821,-0.937769,0.058763,-0.296008,0.171488,-0.886933,-0.000477,0.461756,0.00098,-0.859017,0.001586,-0.511713,-0.002859,0.,0.,0.,1.,0.,0.,0.
0.,0.,0.,1.,0.,0.,0.,0.197396,0.,0.258727,-0.07659950000000001,0.497572,0.281354,-0.805581,0.155748,0.382663,-0.095434,0.918081,-0.039776,0.378694,0.280525,-0.873532,0.121598,-0.937897,0.059789,-0.294237,0.173464,-0.888725,-0.00083,0.458308,0.001674,-0.86115,0.002757,-0.508092,-0.004881,0.,0.,0.,1.,0.,0.,0.
0.,0.,0.,1.,0.,0.,0.,0.197396,0.,0.25892,-0.07718250000000001,0.498159,0.282601,-0.8047,0.156211,0.382048,-0.095806,0.918296,-0.039859,0.377757,0.281626,-0.873562,0.12177,-0.938111,0.061266,-0.292142,0.175373,-0.890603,-0.001133,0.454634,0.002279,-0.863428,0.00377,-0.504199,-0.006639,0.,0.,0.,1.,0.,0.,0.
0.,0.,0.,1.,0.,0.,0.,0.197396,0.,0.258368,-0.07653750000000002,0.498187,0.284041,-0.804116,0.156563,0.381669,-0.09561,0.918481,-0.039729,0.377139,0.281118,-0.874067,0.121275,-0.938219,0.062244,-0.290188,0.177702,-0.892289,-0.00158,0.451316,0.003176,-0.865487,0.005256,-0.500613,-0.009254,0.,0.,0.,1.,0.,0.,0.