0.000000,0.000000,0.000000,0.994801,0.000000,0.000000,0.101645,0.463648,0.000000,0.583829,0.000000,0.478948,0.074617,-0.755204,0.440018,0.311710,-0.139789,0.938519,-0.046526,0.385745,0.387543,-0.815539,0.183497,-0.478948,-0.074617,-0.755204,0.440018,-0.311710,0.139789,0.938519,-0.046526,-0.385745,-0.387543,-0.815539,0.183497,0.000000,0.000000,0.000000,1.000000,0.000000,0.000000,0.000000
0.000000,0.000000,0.000000,0.995077,0.000000,0.000000,0.098566,0.463648,0.000000,0.573983,0.000000,0.483606,0.075758,-0.753115,0.438135,0.312851,-0.138600,0.938322,-0.046304,0.386827,0.384517,-0.816812,0.182280,-0.483606,-0.075758,-0.753115,0.438135,-0.312851,0.138600,0.938322,-0.046304,-0.386827,-0.384517,-0.816812,0.182280,0.000000,0.000000,0.000000,1.000000,0.000000,0.000000,0.000000
0.000000,0.000000,0.000000,0.995405,0.000000,0.000000,0.094753,0.463648,0.000000,0.568932,0.000000,0.492113,0.078352,-0.746136,0.439271,0.315969,-0.135087,0.937754,-0.045529,0.390250,0.375339,-0.820102,0.178628,-0.492113,-0.078352,-0.746136,0.439271,-0.315969,0.135087,0.937754,-0.045529,-0.390250,-0.375339,-0.820102,0.178628,0.000000,0.000000,0.000000,1.000000,0.000000,0.000000,0.000000
0.000000,0.000000,0.000000,0.995782,0.000000,0.000000,0.090150,0.463648,0.000000,0.559353,0.000000,0.504649,0.079542,-0.735695,0.440637,0.323438,-0.130581,0.935555,-0.044957,0.395145,0.363818,-0.823651,0.174292,-0.504649,-0.079542,-0.735695,0.440637,-0.323438,0.130581,0.935555,-0.044957,-0.395145,-0.363818,-0.823651,0.174292,0.000000,0.000000,0.000000,1.000000,0.000000,0.000000,0.000000
0.000000,0.000000,0.000000,0.996203,0.000000,0.000000,0.084728,0.463648,0.000000,0.542837,0.000000,0.521830,0.079614,-0.721664,0.440819,0.337066,-0.125159,0.930551,-0.044794,0.400037,0.350687,-0.827936,0.168997,-0.521830,-0.079614,-0.721664,0.440819,-0.337066,0.125159,0.930551,-0.044794,-0.400037,-0.350687,-0.827936,0.168997,0.000000,0.000000,0.000000,1.000000,0.000000,0.000000,0.000000
0.000000,0.000000,0.000000,0.996686,0.000000,0.000000,0.077887,0.463648,0.000000,0.523438,0.000000,0.541305,0.079647,-0.702485,0.444396,0.349363,-0.118175,0.926418,-0.043673,0.407278,0.332635,-0.832815,0.161759,-0.541305,-0.079647,-0.702485,0.444396,-0.349363,0.118175,0.926418,-0.043673,-0.407278,-0.332635,-0.832815,0.161759,0.000000,0.000000,0.000000,1.000000,0.000000,0.000000,0.000000
0.000000,0.000000,0.000000,0.997189,0.000000,0.000000,0.070449,0.463648,0.000000,0.504218,0.000000,0.563696,0.075206,-0.680080,0.447830,0.364855,-0.112668,0.920434,-0.043725,0.416792,0.318713,-0.834549,0.158064,-0.563696,-0.075206,-0.680080,0.447830,-0.364855,0.112668,0.920434,-0.043725,-0.416792,-0.318713,-0.834549,0.158064,0.000000,0.000000,0.000000,1.000000,0.000000,0.000000,0.000000
0.000000,0.000000,0.000000,0.997722,0.000000,0.000000,0.062125,0.463648,0.000000,0.486515,0.000000,0.589928,0.062322,-0.653279,0.450757,0.387044,-0.107826,0.910733,-0.044509,0.428852,0.306548,-0.832619,0.156018,-0.589928,-0.062322,-0.653279,0.450757,-0.387044,0.107826,0.910733,-0.044509,-0.428852,-0.306548,-0.832619,0.156018,0.000000,0.000000,0.000000,1.000000,0.000000,0.000000,0.000000
0.000000,0.000000,0.000000,0.998230,0.000000,0.000000,0.052798,0.463648,0.000000,0.465076,0.000000,0.621630,0.047153,-0.618805,0.452472,0.417842,-0.101448,0.895485,-0.045303,0.445831,0.290510,-0.828598,0.153047,-0.621630,-0.047153,-0.618805,0.452472,-0.417842,0.101448,0.895485,-0.045303,-0.445831,-0.290510,-0.828598,0.153047,0.000000,0.000000,0.000000,1.000000,0.000000,0.000000,0.000000
0.000000,0.000000,0.000000,0.998711,0.000000,0.000000,0.043500,0.463648,0.000000,0.440978,0.000000,0.652978,0.028566,-0.580248,0.454544,0.453484,-0.095295,0.875435,-0.045939,0.466453,0.274827,-0.820668,0.150360,-0.652978,-0.028566,-0.580248,0.454544,-0.453484,0.095295,0.875435,-0.045939,-0.466453,-0.274827,-0.820668,0.150360,0.000000,0.000000,0.000000,1.000000,0.000000,0.000000,0.000000
0.000000,0.000000,0.000000,0.999055,0.000000,0.000000,0.033524,0.463648,0.000000,0.408042,0.000000,0.686131,0.017455,-0.537863,0.455535,0.493970,-0.084621,0.850792,-0.044225,0.493860,0.246216,-0.812253,0.140562,-0.686131,-0.017455,-0.537863,0.455535,-0.493970,0.084621,0.850792,-0.044225,-0.493860,-0.246216,-0.812253,0.140562,0.000000,0.000000,0.000000,1.000000,0.000000,0.000000,0.000000
0.000000,0.000000,0.000000,0.999278,0.000000,0.000000,0.022988,0.463648,0.000000,0.384842,0.000000,0.720371,0.003673,-0.488690,0.456888,0.539829,-0.071799,0.819268,-0.040698,0.527434,0.211126,-0.799201,0.125677,-0.720371,-0.003673,-0.488690,0.456888,-0.539829,0.071799,0.819268,-0.040698,-0.527434,-0.211126,-0.799201,0.125677,0.000000,0.000000,0.000000,1.000000,0.000000,0.000000,0.000000
0.000000,0.000000,0.000000,0.999473,0.000000,0.000000,0.014043,0.463648,0.000000,0.357348,0.000000,0.751288,-0.013845,-0.438511,0.456669,0.589863,-0.059714,0.779388,-0.035534,0.566709,0.176923,-0.774540,0.107063,-0.751288,0.013845,-0.438511,0.456669,-0.589863,0.059714,0.779388,-0.035534,-0.566709,-0.176923,-0.774540,0.107063,0.000000,0.000000,0.000000,1.000000,0.000000,0.000000,0.000000
0.000000,0.000000,0.000000,0.999589,0.000000,0.000000,0.004846,0.463648,0.000000,0.336541,0.000000,0.778518,-0.031664,-0.386489,0.457077,0.641987,-0.047083,0.728800,-0.026381,0.612561,0.140202,-0.734031,0.077907,-0.778518,0.031664,-0.386489,0.457077,-0.641987,0.047083,0.728800,-0.026381,-0.612561,-0.140202,-0.734031,0.077907,0.000000,0.000000,0.000000,1.000000,0.000000,0.000000,0.000000
0.000000,0.000000,0.000000,0.999649,0.000000,0.000000,-0.003856,0.463648,0.000000,0.316906,0.000000,0.802949,-0.046352,-0.338739,0.455240,0.690944,-0.035839,0.673564,-0.016925,0.662250,0.106713,-0.684130,0.049902,-0.802949,0.046352,-0.338739,0.455240,-0.690944,0.035839,0.673564,-0.016925,-0.662250,-0.106713,-0.684130,0.049902,0.000000,0.000000,0.000000,1.000000,0.000000,0.000000,0.000000
0.000000,0.000000,0.000000,0.999628,0.000000,0.000000,-0.011622,0.463648,0.000000,0.298018,0.000000,0.825245,-0.060041,-0.296773,0.449654,0.743398,-0.026859,0.610765,-0.009698,0.710996,0.079884,-0.631249,0.027722,-0.825245,0.060041,-0.296773,0.449654,-0.743398,0.026859,0.610765,-0.009698,-0.710996,-0.079884,-0.631249,0.027722,0.000000,0.000000,0.000000,1.000000,0.000000,0.000000,0.000000
0.000000,0.000000,0.000000,0.999582,0.000000,0.000000,-0.018938,0.463648,0.000000,0.278798,0.000000,0.844629,-0.068589,-0.259707,0.443699,0.793497,-0.017376,0.546804,-0.004863,0.758592,0.052483,-0.579737,0.012485,-0.844629,0.068589,-0.259707,0.443699,-0.793497,0.017376,0.546804,-0.004863,-0.758592,-0.052483,-0.579737,0.012485,0.000000,0.000000,0.000000,1.000000,0.000000,0.000000,0.000000
0.000000,0.000000,0.000000,0.999515,0.000000,0.000000,-0.025450,0.463648,0.000000,0.259182,0.000000,0.860108,-0.074350,-0.227715,0.438204,0.838344,-0.009644,0.485679,-0.000345,0.802650,0.029728,-0.528617,-0.001110,-0.860108,0.074350,-0.227715,0.438204,-0.838344,0.009644,0.485679,-0.000345,-0.802650,-0.029728,-0.528617,-0.001110,0.000000,0.000000,0.000000,1.000000,0.000000,0.000000,0.000000
0.000000,0.000000,0.000000,0.999425,0.000000,0.000000,-0.030512,0.463648,0.000000,0.245339,0.000000,0.870262,-0.078140,-0.202978,0.434562,0.875208,-0.003504,0.429891,0.004072,0.842007,0.011015,-0.479374,-0.013568,-0.870262,0.078140,-0.202978,0.434562,-0.875208,0.003504,0.429891,0.004072,-0.842007,-0.011015,-0.479374,-0.013568,0.000000,0.000000,0.000000,1.000000,0.000000,0.000000,0.000000
0.000000,0.000000,0.000000,0.999334,0.000000,0.000000,-0.035314,0.463648,0.000000,0.233572,0.000000,0.878083,-0.080303,-0.184923,0.429622,0.905822,0.001094,0.379121,0.007951,0.876827,-0.003448,-0.432290,-0.024192,-0.878083,0.080303,-0.184923,0.429622,-0.905822,-0.001094,0.379121,0.007951,-0.876827,0.003448,-0.432290,-0.024192,0.000000,0.000000,0.000000,1.000000,0.000000,0.000000,0.000000
0.000000,0.000000,0.000000,0.999254,0.000000,0.000000,-0.038057,0.463648,0.000000,0.232295,0.000000,0.883568,-0.084171,-0.169731,0.426650,0.930886,0.003690,0.333542,0.010431,0.905939,-0.011778,-0.388548,-0.030994,-0.883568,0.084171,-0.169731,0.426650,-0.930886,-0.003690,0.333542,0.010431,-0.905939,0.011778,-0.388548,-0.030994,0.000000,0.000000,0.000000,1.000000,0.000000,0.000000,0.000000
