0.000000,0.000000,0.000000,1.000000,0.000000,0.000000,0.000000,0.197396,0.000000,0.207360,0.125028,0.370958,0.256979,-0.883089,0.121523,0.282622,-0.062625,0.956903,-0.018403,0.334963,0.182903,-0.921197,0.066460,-0.834798,0.022233,-0.522414,0.170341,-0.653948,0.008492,0.756425,-0.007351,-0.711288,-0.023845,-0.700779,0.023751,0.000000,0.000000,0.000000,1.000000,0.000000,0.000000,0.000000
0.000000,0.000000,0.000000,1.000000,0.000000,0.000000,0.000000,0.197396,0.000000,0.208658,0.124418,0.381526,0.256624,-0.878510,0.120259,0.283682,-0.061536,0.956670,-0.018159,0.335930,0.179768,-0.921573,0.065485,-0.832261,0.028833,-0.525678,0.171793,-0.651922,0.007834,0.758148,-0.006750,-0.720412,-0.021610,-0.691679,0.022217,0.000000,0.000000,0.000000,1.000000,0.000000,0.000000,0.000000
0.000000,0.000000,0.000000,1.000000,0.000000,0.000000,0.000000,0.197396,0.000000,0.209866,0.122236,0.394456,0.255142,-0.872880,0.119431,0.285372,-0.060666,0.956229,-0.018027,0.337745,0.177238,-0.921480,0.064939,-0.829196,0.034316,-0.529879,0.172750,-0.648773,0.007731,0.760797,-0.006595,-0.728819,-0.020902,-0.682943,0.022152,0.000000,0.000000,0.000000,1.000000,0.000000,0.000000,0.000000
0.000000,0.000000,0.000000,1.000000,0.000000,0.000000,0.000000,0.197396,0.000000,0.211692,0.122384,0.407838,0.253535,-0.866940,0.119181,0.286934,-0.059500,0.955849,-0.017794,0.340305,0.173796,-0.921292,0.064191,-0.825760,0.038610,-0.534609,0.173397,-0.645147,0.007269,0.763828,-0.006141,-0.737625,-0.019267,-0.673700,0.021041,0.000000,0.000000,0.000000,1.000000,0.000000,0.000000,0.000000
0.000000,0.000000,0.000000,1.000000,0.000000,0.000000,0.000000,0.197396,0.000000,0.212671,0.122029,0.422912,0.251380,-0.860032,0.119674,0.288766,-0.058621,0.955364,-0.017670,0.342959,0.171182,-0.920879,0.063804,-0.821691,0.042747,-0.540610,0.172796,-0.640786,0.007122,0.767424,-0.005932,-0.745197,-0.018471,-0.665519,0.020770,0.000000,0.000000,0.000000,1.000000,0.000000,0.000000,0.000000
0.000000,0.000000,0.000000,1.000000,0.000000,0.000000,0.000000,0.197396,0.000000,0.213921,0.120321,0.439549,0.248226,-0.852321,0.120782,0.290549,-0.057936,0.954881,-0.017601,0.346289,0.169065,-0.920067,0.063782,-0.815510,0.048346,-0.549122,0.172841,-0.634053,0.007423,0.772806,-0.006030,-0.751634,-0.018790,-0.658364,0.021679,0.000000,0.000000,0.000000,1.000000,0.000000,0.000000,0.000000
0.000000,0.000000,0.000000,1.000000,0.000000,0.000000,0.000000,0.197396,0.000000,0.216207,0.119766,0.457318,0.243102,-0.844294,0.122391,0.292419,-0.057519,0.954350,-0.017624,0.350080,0.167673,-0.918881,0.064183,-0.809878,0.053590,-0.557068,0.172050,-0.626911,0.008403,0.778438,-0.006656,-0.757236,-0.020843,-0.651855,0.024493,0.000000,0.000000,0.000000,1.000000,0.000000,0.000000,0.000000
0.000000,0.000000,0.000000,1.000000,0.000000,0.000000,0.000000,0.197396,0.000000,0.216983,0.117864,0.475035,0.234679,-0.836480,0.125922,0.293661,-0.058725,0.953882,-0.018083,0.353376,0.170953,-0.916823,0.066238,-0.803074,0.057659,-0.566755,0.170673,-0.618499,0.009309,0.784907,-0.007205,-0.761647,-0.022754,-0.646659,0.027018,0.000000,0.000000,0.000000,1.000000,0.000000,0.000000,0.000000
0.000000,0.000000,0.000000,1.000000,0.000000,0.000000,0.000000,0.197396,0.000000,0.217354,0.117049,0.490295,0.223819,-0.830166,0.130720,0.295409,-0.060464,0.953224,-0.018738,0.358311,0.175779,-0.914009,0.069026,-0.795919,0.061318,-0.576427,0.169979,-0.608098,0.010116,0.792742,-0.007615,-0.764858,-0.024370,-0.642809,0.029161,0.000000,0.000000,0.000000,1.000000,0.000000,0.000000,0.000000
0.000000,0.000000,0.000000,1.000000,0.000000,0.000000,0.000000,0.197396,0.000000,0.217841,0.116834,0.504748,0.215019,-0.823456,0.134270,0.298269,-0.061218,0.952258,-0.019164,0.364359,0.177674,-0.911132,0.071049,-0.786809,0.064651,-0.588399,0.169105,-0.595220,0.011411,0.801992,-0.008258,-0.766608,-0.027084,-0.640502,0.032483,0.000000,0.000000,0.000000,1.000000,0.000000,0.000000,0.000000
0.000000,0.000000,0.000000,1.000000,0.000000,0.000000,0.000000,0.197396,0.000000,0.220491,0.116181,0.520341,0.205997,-0.815272,0.138921,0.302794,-0.061748,0.950740,-0.019658,0.369623,0.179048,-0.908599,0.072826,-0.777039,0.067020,-0.600421,0.169757,-0.579182,0.012690,0.813045,-0.008671,-0.765743,-0.029686,-0.641137,0.035354,0.000000,0.000000,0.000000,1.000000,0.000000,0.000000,0.000000
0.000000,0.000000,0.000000,1.000000,0.000000,0.000000,0.000000,0.197396,0.000000,0.220415,0.119851,0.533975,0.197587,-0.808150,0.141638,0.308214,-0.062053,0.948907,-0.020154,0.375741,0.179759,-0.905806,0.074561,-0.765798,0.070919,-0.613438,0.171109,-0.560721,0.015146,0.824987,-0.009692,-0.763558,-0.035057,-0.642807,0.041118,0.000000,0.000000,0.000000,1.000000,0.000000,0.000000,0.000000
0.000000,0.000000,0.000000,1.000000,0.000000,0.000000,0.000000,0.197396,0.000000,0.220897,0.124116,0.546496,0.189944,-0.801118,0.144286,0.313429,-0.061806,0.947150,-0.020448,0.381727,0.178886,-0.903379,0.075574,-0.751821,0.075131,-0.628963,0.172380,-0.539743,0.017507,0.837915,-0.010458,-0.759447,-0.040211,-0.646600,0.046255,0.000000,0.000000,0.000000,1.000000,0.000000,0.000000,0.000000
0.000000,0.000000,0.000000,1.000000,0.000000,0.000000,0.000000,0.197396,0.000000,0.219763,0.126510,0.559226,0.181774,-0.794108,0.145808,0.319537,-0.062059,0.945030,-0.020976,0.387361,0.179518,-0.900713,0.077172,-0.736902,0.080457,-0.644639,0.174264,-0.515108,0.021576,0.852150,-0.011867,-0.751400,-0.049540,-0.653657,0.054971,0.000000,0.000000,0.000000,1.000000,0.000000,0.000000,0.000000
0.000000,0.000000,0.000000,1.000000,0.000000,0.000000,0.000000,0.197396,0.000000,0.220214,0.130785,0.571607,0.173447,-0.787135,0.146466,0.326806,-0.061634,0.942486,-0.021350,0.393820,0.178230,-0.898083,0.078093,-0.720579,0.087103,-0.660664,0.177490,-0.488370,0.025953,0.866846,-0.013138,-0.741134,-0.059717,-0.662576,0.063775,0.000000,0.000000,0.000000,1.000000,0.000000,0.000000,0.000000
0.000000,0.000000,0.000000,1.000000,0.000000,0.000000,0.000000,0.197396,0.000000,0.220950,0.137746,0.583158,0.165601,-0.780375,0.146901,0.335177,-0.060785,0.939529,-0.021650,0.400269,0.175806,-0.895664,0.078481,-0.702558,0.094938,-0.676852,0.180198,-0.460657,0.032301,0.880787,-0.014774,-0.727672,-0.074747,-0.672525,0.075868,0.000000,0.000000,0.000000,1.000000,0.000000,0.000000,0.000000
0.000000,0.000000,0.000000,1.000000,0.000000,0.000000,0.000000,0.197396,0.000000,0.217684,0.142528,0.594094,0.158869,-0.773634,0.146883,0.344187,-0.060365,0.936266,-0.022205,0.406395,0.174680,-0.893056,0.079516,-0.681966,0.104293,-0.694682,0.183180,-0.430420,0.039366,0.895170,-0.016211,-0.711296,-0.091761,-0.684100,0.088333,0.000000,0.000000,0.000000,1.000000,0.000000,0.000000,0.000000
0.000000,0.000000,0.000000,1.000000,0.000000,0.000000,0.000000,0.197396,0.000000,0.214572,0.147998,0.604320,0.152532,-0.767086,0.146671,0.353440,-0.059554,0.932844,-0.022569,0.411740,0.172525,-0.891014,0.079738,-0.661082,0.116069,-0.711402,0.186458,-0.400170,0.047594,0.908761,-0.017929,-0.692641,-0.111871,-0.696338,0.102593,0.000000,0.000000,0.000000,1.000000,0.000000,0.000000,0.000000
0.000000,0.000000,0.000000,1.000000,0.000000,0.000000,0.000000,0.197396,0.000000,0.212080,0.153460,0.614535,0.145750,-0.760263,0.147133,0.363182,-0.059168,0.929039,-0.023057,0.417423,0.171585,-0.888471,0.080485,-0.639626,0.127675,-0.728004,0.189636,-0.370400,0.056454,0.921406,-0.019692,-0.672416,-0.133780,-0.708885,0.117474,0.000000,0.000000,0.000000,1.000000,0.000000,0.000000,0.000000
0.000000,0.000000,0.000000,1.000000,0.000000,0.000000,0.000000,0.197396,0.000000,0.211738,0.157039,0.625303,0.138771,-0.752534,0.148584,0.373567,-0.058008,0.924949,-0.023287,0.422630,0.168517,-0.886589,0.080105,-0.618182,0.138533,-0.743814,0.192617,-0.341782,0.064813,0.932607,-0.021008,-0.651099,-0.154919,-0.722088,0.130435,0.000000,0.000000,0.000000,1.000000,0.000000,0.000000,0.000000
0.000000,0.000000,0.000000,1.000000,0.000000,0.000000,0.000000,0.197396,0.000000,0.208604,0.164634,0.633973,0.132818,-0.746326,0.148188,0.384096,-0.056434,0.920642,-0.023372,0.428290,0.164259,-0.884748,0.079274,-0.596732,0.148729,-0.758962,0.195801,-0.315967,0.072626,0.942049,-0.022105,-0.629901,-0.175115,-0.734723,0.141765,0.000000,0.000000,0.000000,1.000000,0.000000,0.000000,0.000000
0.000000,0.000000,0.000000,1.000000,0.000000,0.000000,0.000000,0.197396,0.000000,0.208319,0.167720,0.643322,0.126972,-0.739114,0.149175,0.394663,-0.054386,0.916209,-0.023211,0.433681,0.158654,-0.883256,0.077628,-0.575707,0.157562,-0.773503,0.197981,-0.293165,0.079868,0.949725,-0.022896,-0.608480,-0.194343,-0.747038,0.151216,0.000000,0.000000,0.000000,1.000000,0.000000,0.000000,0.000000
0.000000,0.000000,0.000000,1.000000,0.000000,0.000000,0.000000,0.197396,0.000000,0.207411,0.173208,0.651739,0.120645,-0.732605,0.150085,0.405144,-0.052938,0.911719,-0.023298,0.438465,0.154831,-0.881655,0.076725,-0.556200,0.167190,-0.785498,0.201040,-0.273312,0.087284,0.955886,-0.023802,-0.586925,-0.214264,-0.758564,0.160656,0.000000,0.000000,0.000000,1.000000,0.000000,0.000000,0.000000
0.000000,0.000000,0.000000,1.000000,0.000000,0.000000,0.000000,0.197396,0.000000,0.207265,0.177925,0.660617,0.114991,-0.725315,0.151333,0.415805,-0.050597,0.907087,-0.022953,0.443734,0.148388,-0.880286,0.074504,-0.537340,0.174626,-0.797376,0.202041,-0.258034,0.093481,0.960188,-0.024403,-0.566929,-0.231605,-0.768450,0.167182,0.000000,0.000000,0.000000,1.000000,0.000000,0.000000,0.000000
0.000000,0.000000,0.000000,1.000000,0.000000,0.000000,0.000000,0.197396,0.000000,0.206448,0.181721,0.669069,0.109033,-0.717976,0.153433,0.425916,-0.048886,0.902507,-0.022831,0.448419,0.143777,-0.878792,0.073065,-0.517479,0.181164,-0.809629,0.201231,-0.245337,0.099013,0.963480,-0.024904,-0.548559,-0.247311,-0.777165,0.172596,0.000000,0.000000,0.000000,1.000000,0.000000,0.000000,0.000000
0.000000,0.000000,0.000000,1.000000,0.000000,0.000000,0.000000,0.197396,0.000000,0.206911,0.183595,0.678126,0.102987,-0.709990,0.154700,0.436391,-0.046747,0.897603,-0.022448,0.452922,0.137923,-0.877534,0.070832,-0.500741,0.182227,-0.820649,0.198307,-0.236100,0.101375,0.965848,-0.024666,-0.532126,-0.255562,-0.786638,0.172015,0.000000,0.000000,0.000000,1.000000,0.000000,0.000000,0.000000
0.000000,0.000000,0.000000,1.000000,0.000000,0.000000,0.000000,0.197396,0.000000,0.207585,0.187006,0.687385,0.098728,-0.701513,0.155468,0.446856,-0.043191,0.892687,-0.021350,0.458325,0.127874,-0.876565,0.066461,-0.485873,0.180261,-0.830844,0.194289,-0.230959,0.101351,0.967229,-0.024169,-0.517740,-0.257873,-0.796522,0.167822,0.000000,0.000000,0.000000,1.000000,0.000000,0.000000,0.000000
0.000000,0.000000,0.000000,1.000000,0.000000,0.000000,0.000000,0.197396,0.000000,0.208244,0.188958,0.696323,0.092751,-0.693402,0.155874,0.457018,-0.040918,0.887721,-0.020829,0.463934,0.121515,-0.874722,0.064070,-0.470918,0.175234,-0.841706,0.188188,-0.227132,0.100283,0.968320,-0.023512,-0.505224,-0.257445,-0.805906,0.162168,0.000000,0.000000,0.000000,1.000000,0.000000,0.000000,0.000000
0.000000,0.000000,0.000000,1.000000,0.000000,0.000000,0.000000,0.197396,0.000000,0.209266,0.192844,0.704996,0.087848,-0.685157,0.156314,0.466946,-0.038322,0.882661,-0.020007,0.469753,0.114121,-0.872728,0.060939,-0.456311,0.165498,-0.853069,0.180151,-0.225156,0.096628,0.969157,-0.022408,-0.493893,-0.250265,-0.816539,0.152824,0.000000,0.000000,0.000000,1.000000,0.000000,0.000000,0.000000
0.000000,0.000000,0.000000,1.000000,0.000000,0.000000,0.000000,0.197396,0.000000,0.208695,0.198654,0.713347,0.083444,-0.677149,0.155427,0.477051,-0.035776,0.877346,-0.019149,0.476003,0.106811,-0.870375,0.057830,-0.441657,0.155045,-0.863842,0.171191,-0.225066,0.092869,0.969522,-0.021494,-0.483858,-0.242533,-0.826117,0.143930,0.000000,0.000000,0.000000,1.000000,0.000000,0.000000,0.000000
0.000000,0.000000,0.000000,1.000000,0.000000,0.000000,0.000000,0.197396,0.000000,0.209941,0.202691,0.722088,0.079515,-0.668244,0.155520,0.486894,-0.033429,0.871968,-0.018364,0.482421,0.100065,-0.867822,0.055038,-0.427395,0.144076,-0.874596,0.160503,-0.226091,0.089886,0.969555,-0.020869,-0.473882,-0.236690,-0.834728,0.136427,0.000000,0.000000,0.000000,1.000000,0.000000,0.000000,0.000000
0.000000,0.000000,0.000000,1.000000,0.000000,0.000000,0.000000,0.197396,0.000000,0.212544,0.206530,0.731386,0.074989,-0.658659,0.154631,0.496768,-0.031297,0.866391,-0.017623,0.489160,0.093903,-0.864845,0.052478,-0.413769,0.129466,-0.884702,0.150432,-0.227226,0.084987,0.969710,-0.019811,-0.464711,-0.225529,-0.844091,0.126515,0.000000,0.000000,0.000000,1.000000,0.000000,0.000000,0.000000
0.000000,0.000000,0.000000,1.000000,0.000000,0.000000,0.000000,0.197396,0.000000,0.213504,0.210761,0.740929,0.071928,-0.648707,0.152805,0.507635,-0.028734,0.860124,-0.016666,0.496468,0.086479,-0.861701,0.049250,-0.401294,0.112097,-0.894568,0.138939,-0.229027,0.079769,0.969743,-0.018733,-0.456125,-0.213409,-0.853302,0.116395,0.000000,0.000000,0.000000,1.000000,0.000000,0.000000,0.000000
0.000000,0.000000,0.000000,1.000000,0.000000,0.000000,0.000000,0.197396,0.000000,0.214813,0.214125,0.750197,0.069160,-0.638738,0.150923,0.518466,-0.026344,0.853695,-0.015681,0.504377,0.079483,-0.857851,0.046061,-0.388576,0.090526,-0.903966,0.127081,-0.230496,0.072493,0.969966,-0.017113,-0.448509,-0.195347,-0.862939,0.103946,0.000000,0.000000,0.000000,1.000000,0.000000,0.000000,0.000000
0.000000,0.000000,0.000000,1.000000,0.000000,0.000000,0.000000,0.197396,0.000000,0.215009,0.216617,0.759534,0.066848,-0.628574,0.147860,0.529639,-0.024196,0.846870,-0.014896,0.512645,0.073242,-0.853720,0.043459,-0.378275,0.068170,-0.911917,0.116369,-0.232565,0.066823,0.969962,-0.015939,-0.439621,-0.181761,-0.872254,0.093524,0.000000,0.000000,0.000000,1.000000,0.000000,0.000000,0.000000
0.000000,0.000000,0.000000,1.000000,0.000000,0.000000,0.000000,0.197396,0.000000,0.213821,0.220049,0.768632,0.065303,-0.618226,0.144627,0.540907,-0.022125,0.839695,-0.014014,0.521462,0.067130,-0.848997,0.040724,-0.368583,0.042865,-0.918393,0.106599,-0.234980,0.060622,0.969836,-0.014619,-0.431831,-0.166143,-0.880557,0.083182,0.000000,0.000000,0.000000,1.000000,0.000000,0.000000,0.000000
0.000000,0.000000,0.000000,1.000000,0.000000,0.000000,0.000000,0.197396,0.000000,0.217635,0.223897,0.777713,0.061780,-0.607666,0.142199,0.552897,-0.020737,0.831800,-0.013513,0.530551,0.063086,-0.843647,0.039086,-0.359161,0.015824,-0.923777,0.097455,-0.236414,0.055867,0.969805,-0.013546,-0.423505,-0.154114,-0.887668,0.075088,0.000000,0.000000,0.000000,1.000000,0.000000,0.000000,0.000000
0.000000,0.000000,0.000000,1.000000,0.000000,0.000000,0.000000,0.197396,0.000000,0.219798,0.229338,0.786471,0.060286,-0.597219,0.139154,0.565274,-0.018534,0.823483,-0.012475,0.540655,0.056552,-0.837762,0.035916,-0.352220,-0.014344,-0.926936,0.091093,-0.239333,0.050641,0.969412,-0.012426,-0.414424,-0.140762,-0.895150,0.066479,0.000000,0.000000,0.000000,1.000000,0.000000,0.000000,0.000000
0.000000,0.000000,0.000000,1.000000,0.000000,0.000000,0.000000,0.197396,0.000000,0.220453,0.234041,0.794639,0.057956,-0.587335,0.136466,0.577115,-0.017187,0.815254,-0.011921,0.550641,0.052574,-0.831450,0.034204,-0.345508,-0.041061,-0.929159,0.085750,-0.240800,0.048245,0.969191,-0.011920,-0.404748,-0.134951,-0.900886,0.061770,0.000000,0.000000,0.000000,1.000000,0.000000,0.000000,0.000000
0.000000,0.000000,0.000000,1.000000,0.000000,0.000000,0.000000,0.197396,0.000000,0.219630,0.237471,0.802475,0.056361,-0.577372,0.134467,0.588281,-0.015987,0.807330,-0.011396,0.560717,0.048996,-0.824911,0.032640,-0.341583,-0.067264,-0.929418,0.083008,-0.242994,0.045713,0.968786,-0.011411,-0.393755,-0.128776,-0.907054,0.056839,0.000000,0.000000,0.000000,1.000000,0.000000,0.000000,0.000000
0.000000,0.000000,0.000000,1.000000,0.000000,0.000000,0.000000,0.197396,0.000000,0.220129,0.241745,0.809799,0.053808,-0.567830,0.133030,0.599077,-0.014460,0.799468,-0.010613,0.572060,0.044366,-0.817339,0.030405,-0.338090,-0.090295,-0.930010,0.080844,-0.243501,0.044391,0.968753,-0.011118,-0.383906,-0.125999,-0.912150,0.053209,0.000000,0.000000,0.000000,1.000000,0.000000,0.000000,0.000000
0.000000,0.000000,0.000000,1.000000,0.000000,0.000000,0.000000,0.197396,0.000000,0.217672,0.246532,0.815976,0.051134,-0.559647,0.131433,0.608938,-0.013337,0.792163,-0.010079,0.583904,0.040904,-0.809047,0.028961,-0.333734,-0.108136,-0.930705,0.078702,-0.244012,0.046235,0.968499,-0.011603,-0.374492,-0.131929,-0.914899,0.053590,0.000000,0.000000,0.000000,1.000000,0.000000,0.000000,0.000000
0.000000,0.000000,0.000000,1.000000,0.000000,0.000000,0.000000,0.197396,0.000000,0.215724,0.250268,0.821578,0.047709,-0.551805,0.131692,0.617856,-0.012333,0.785410,-0.009578,0.595808,0.037761,-0.800515,0.027666,-0.330802,-0.127720,-0.930142,0.077741,-0.245281,0.047405,0.968101,-0.011984,-0.365992,-0.135923,-0.917688,0.053414,0.000000,0.000000,0.000000,1.000000,0.000000,0.000000,0.000000
0.000000,0.000000,0.000000,1.000000,0.000000,0.000000,0.000000,0.197396,0.000000,0.213608,0.253769,0.826603,0.042785,-0.544384,0.133193,0.626435,-0.012189,0.778762,-0.009713,0.607685,0.037199,-0.791439,0.028248,-0.329855,-0.139511,-0.929241,0.078696,-0.246139,0.052290,0.967561,-0.013266,-0.357438,-0.150290,-0.918126,0.057617,0.000000,0.000000,0.000000,1.000000,0.000000,0.000000,0.000000
0.000000,0.000000,0.000000,1.000000,0.000000,0.000000,0.000000,0.197396,0.000000,0.212833,0.258301,0.830838,0.037296,-0.537770,0.135365,0.634236,-0.011252,0.772611,-0.009210,0.620227,0.034183,-0.781804,0.027020,-0.329562,-0.153428,-0.927755,0.079194,-0.246700,0.055439,0.967189,-0.014101,-0.350476,-0.159707,-0.918740,0.059858,0.000000,0.000000,0.000000,1.000000,0.000000,0.000000,0.000000
0.000000,0.000000,0.000000,1.000000,0.000000,0.000000,0.000000,0.197396,0.000000,0.212248,0.264767,0.833569,0.030060,-0.533073,0.138643,0.640448,-0.010949,0.767609,-0.009128,0.632104,0.033062,-0.772356,0.027047,-0.329644,-0.160791,-0.926637,0.080227,-0.245884,0.060486,0.967050,-0.015308,-0.343268,-0.174402,-0.918390,0.064273,0.000000,0.000000,0.000000,1.000000,0.000000,0.000000,0.000000
0.000000,0.000000,0.000000,1.000000,0.000000,0.000000,0.000000,0.197396,0.000000,0.209551,0.268223,0.835632,0.023487,-0.529002,0.142526,0.645135,-0.010598,0.763772,-0.008959,0.644127,0.031738,-0.762447,0.026869,-0.330869,-0.165069,-0.925194,0.083768,-0.246045,0.065542,0.966656,-0.016608,-0.337882,-0.189054,-0.917213,0.069026,0.000000,0.000000,0.000000,1.000000,0.000000,0.000000,0.000000
0.000000,0.000000,0.000000,1.000000,0.000000,0.000000,0.000000,0.197396,0.000000,0.207343,0.270895,0.837336,0.016357,-0.525166,0.147541,0.648797,-0.010426,0.760727,-0.008892,0.655764,0.030971,-0.752476,0.026957,-0.331904,-0.164423,-0.924558,0.087177,-0.244850,0.070377,0.966662,-0.017788,-0.334422,-0.202950,-0.915735,0.073872,0.000000,0.000000,0.000000,1.000000,0.000000,0.000000,0.000000
0.000000,0.000000,0.000000,1.000000,0.000000,0.000000,0.000000,0.197396,0.000000,0.205335,0.273777,0.838307,0.009394,-0.522401,0.152670,0.651341,-0.009814,0.758603,-0.008426,0.667390,0.028913,-0.742297,0.025819,-0.333782,-0.163484,-0.923593,0.091527,-0.244622,0.074288,0.966455,-0.018768,-0.332222,-0.214172,-0.914113,0.077816,0.000000,0.000000,0.000000,1.000000,0.000000,0.000000,0.000000
0.000000,0.000000,0.000000,1.000000,0.000000,0.000000,0.000000,0.197396,0.000000,0.206333,0.276206,0.838462,0.001331,-0.520646,0.158323,0.653041,-0.009230,0.757184,-0.007963,0.679468,0.026950,-0.731441,0.024666,-0.335064,-0.160859,-0.923257,0.094792,-0.243719,0.078452,0.966411,-0.019783,-0.331901,-0.226013,-0.911682,0.082270,0.000000,0.000000,0.000000,1.000000,0.000000,0.000000,0.000000
0.000000,0.000000,0.000000,1.000000,0.000000,0.000000,0.000000,0.197396,0.000000,0.206883,0.278369,0.837777,-0.006737,-0.520323,0.162854,0.654020,-0.008924,0.756355,-0.007719,0.690511,0.025798,-0.721091,0.024187,-0.336872,-0.161484,-0.922115,0.098293,-0.243848,0.080755,0.966203,-0.020376,-0.331961,-0.232526,-0.910030,0.084803,0.000000,0.000000,0.000000,1.000000,0.000000,0.000000,0.000000
0.000000,0.000000,0.000000,1.000000,0.000000,0.000000,0.000000,0.197396,0.000000,0.207719,0.279377,0.836622,-0.013438,-0.520674,0.167610,0.654230,-0.008469,0.756186,-0.007338,0.700813,0.024204,-0.711185,0.023279,-0.340395,-0.162817,-0.920271,0.101762,-0.244444,0.081541,0.965986,-0.020624,-0.332223,-0.234742,-0.909310,0.085745,0.000000,0.000000,0.000000,1.000000,0.000000,0.000000,0.000000
0.000000,0.000000,0.000000,1.000000,0.000000,0.000000,0.000000,0.197396,0.000000,0.210592,0.281020,0.834798,-0.022233,-0.522414,0.170341,0.653948,-0.008492,0.756425,-0.007351,0.711288,0.023845,-0.700779,0.023751,-0.370958,-0.256979,-0.883089,0.121523,-0.282622,0.062625,0.956903,-0.018403,-0.334963,-0.182903,-0.921197,0.066460,0.000000,0.000000,0.000000,1.000000,0.000000,0.000000,0.000000
0.000000,0.000000,0.000000,1.000000,0.000000,0.000000,0.000000,0.197396,0.000000,0.212058,0.282788,0.832261,-0.028833,-0.525678,0.171793,0.651922,-0.007834,0.758148,-0.006750,0.720412,0.021610,-0.691679,0.022217,-0.381526,-0.256624,-0.878510,0.120259,-0.283682,0.061536,0.956670,-0.018159,-0.335930,-0.179768,-0.921573,0.065485,0.000000,0.000000,0.000000,1.000000,0.000000,0.000000,0.000000
0.000000,0.000000,0.000000,1.000000,0.000000,0.000000,0.000000,0.197396,0.000000,0.211700,0.283560,0.829196,-0.034316,-0.529879,0.172750,0.648773,-0.007731,0.760797,-0.006595,0.728819,0.020902,-0.682943,0.022152,-0.394456,-0.255142,-0.872880,0.119431,-0.285372,0.060666,0.956229,-0.018027,-0.337745,-0.177238,-0.921480,0.064939,0.000000,0.000000,0.000000,1.000000,0.000000,0.000000,0.000000
0.000000,0.000000,0.000000,1.000000,0.000000,0.000000,0.000000,0.197396,0.000000,0.210855,0.282975,0.825760,-0.038610,-0.534609,0.173397,0.645147,-0.007269,0.763828,-0.006141,0.737625,0.019267,-0.673700,0.021041,-0.407838,-0.253535,-0.866940,0.119181,-0.286934,0.059500,0.955849,-0.017794,-0.340305,-0.173796,-0.921292,0.064191,0.000000,0.000000,0.000000,1.000000,0.000000,0.000000,0.000000
0.000000,0.000000,0.000000,1.000000,0.000000,0.000000,0.000000,0.197396,0.000000,0.208954,0.284520,0.821691,-0.042747,-0.540610,0.172796,0.640786,-0.007122,0.767424,-0.005932,0.745197,0.018471,-0.665519,0.020770,-0.422912,-0.251380,-0.860032,0.119674,-0.288766,0.058621,0.955364,-0.017670,-0.342959,-0.171182,-0.920879,0.063804,0.000000,0.000000,0.000000,1.000000,0.000000,0.000000,0.000000
0.000000,0.000000,0.000000,1.000000,0.000000,0.000000,0.000000,0.197396,0.000000,0.212791,0.287792,0.815510,-0.048346,-0.549122,0.172841,0.634053,-0.007423,0.772806,-0.006030,0.751634,0.018790,-0.658364,0.021679,-0.439549,-0.248226,-0.852321,0.120782,-0.290549,0.057936,0.954881,-0.017601,-0.346289,-0.169065,-0.920067,0.063782,0.000000,0.000000,0.000000,1.000000,0.000000,0.000000,0.000000
0.000000,0.000000,0.000000,1.000000,0.000000,0.000000,0.000000,0.197396,0.000000,0.212894,0.287234,0.809878,-0.053590,-0.557068,0.172050,0.626911,-0.008403,0.778438,-0.006656,0.757236,0.020843,-0.651855,0.024493,-0.457318,-0.243102,-0.844294,0.122391,-0.292419,0.057519,0.954350,-0.017624,-0.350080,-0.167673,-0.918881,0.064183,0.000000,0.000000,0.000000,1.000000,0.000000,0.000000,0.000000
0.000000,0.000000,0.000000,1.000000,0.000000,0.000000,0.000000,0.197396,0.000000,0.210450,0.289566,0.803074,-0.057659,-0.566755,0.170673,0.618499,-0.009309,0.784907,-0.007205,0.761647,0.022754,-0.646659,0.027018,-0.475035,-0.234679,-0.836480,0.125922,-0.293661,0.058725,0.953882,-0.018083,-0.353376,-0.170953,-0.916823,0.066238,0.000000,0.000000,0.000000,1.000000,0.000000,0.000000,0.000000
0.000000,0.000000,0.000000,1.000000,0.000000,0.000000,0.000000,0.197396,0.000000,0.208392,0.288803,0.795919,-0.061318,-0.576427,0.169979,0.608098,-0.010116,0.792742,-0.007615,0.764858,0.024370,-0.642809,0.029161,-0.490295,-0.223819,-0.830166,0.130720,-0.295409,0.060464,0.953224,-0.018738,-0.358311,-0.175779,-0.914009,0.069026,0.000000,0.000000,0.000000,1.000000,0.000000,0.000000,0.000000
0.000000,0.000000,0.000000,1.000000,0.000000,0.000000,0.000000,0.197396,0.000000,0.201953,0.290563,0.786809,-0.064651,-0.588399,0.169105,0.595220,-0.011411,0.801992,-0.008258,0.766608,0.027084,-0.640502,0.032483,-0.504748,-0.215019,-0.823456,0.134270,-0.298269,0.061218,0.952258,-0.019164,-0.364359,-0.177674,-0.911132,0.071049,0.000000,0.000000,0.000000,1.000000,0.000000,0.000000,0.000000
0.000000,0.000000,0.000000,1.000000,0.000000,0.000000,0.000000,0.197396,0.000000,0.197923,0.289619,0.777039,-0.067020,-0.600421,0.169757,0.579182,-0.012690,0.813045,-0.008671,0.765743,0.029686,-0.641137,0.035354,-0.520341,-0.205997,-0.815272,0.138921,-0.302794,0.061748,0.950740,-0.019658,-0.369623,-0.179048,-0.908599,0.072826,0.000000,0.000000,0.000000,1.000000,0.000000,0.000000,0.000000
0.000000,0.000000,0.000000,1.000000,0.000000,0.000000,0.000000,0.197396,0.000000,0.194720,0.288364,0.765798,-0.070919,-0.613438,0.171109,0.560721,-0.015146,0.824987,-0.009692,0.763558,0.035057,-0.642807,0.041118,-0.533975,-0.197587,-0.808150,0.141638,-0.308214,0.062053,0.948907,-0.020154,-0.375741,-0.179759,-0.905806,0.074561,0.000000,0.000000,0.000000,1.000000,0.000000,0.000000,0.000000
0.000000,0.000000,0.000000,1.000000,0.000000,0.000000,0.000000,0.197396,0.000000,0.191392,0.290032,0.751821,-0.075131,-0.628963,0.172380,0.539743,-0.017507,0.837915,-0.010458,0.759447,0.040211,-0.646600,0.046255,-0.546496,-0.189944,-0.801118,0.144286,-0.313429,0.061806,0.947150,-0.020448,-0.381727,-0.178886,-0.903379,0.075574,0.000000,0.000000,0.000000,1.000000,0.000000,0.000000,0.000000
0.000000,0.000000,0.000000,1.000000,0.000000,0.000000,0.000000,0.197396,0.000000,0.188363,0.287568,0.736902,-0.080457,-0.644639,0.174264,0.515108,-0.021576,0.852150,-0.011867,0.751400,0.049540,-0.653657,0.054971,-0.559226,-0.181774,-0.794108,0.145808,-0.319537,0.062059,0.945030,-0.020976,-0.387361,-0.179518,-0.900713,0.077172,0.000000,0.000000,0.000000,1.000000,0.000000,0.000000,0.000000
0.000000,0.000000,0.000000,1.000000,0.000000,0.000000,0.000000,0.197396,0.000000,0.191371,0.284451,0.720579,-0.087103,-0.660664,0.177490,0.488370,-0.025953,0.866846,-0.013138,0.741134,0.059717,-0.662576,0.063775,-0.571607,-0.173447,-0.787135,0.146466,-0.326806,0.061634,0.942486,-0.021350,-0.393820,-0.178230,-0.898083,0.078093,0.000000,0.000000,0.000000,1.000000,0.000000,0.000000,0.000000
0.000000,0.000000,0.000000,1.000000,0.000000,0.000000,0.000000,0.197396,0.000000,0.186823,0.280953,0.702558,-0.094938,-0.676852,0.180198,0.460657,-0.032301,0.880787,-0.014774,0.727672,0.074747,-0.672525,0.075868,-0.583158,-0.165601,-0.780375,0.146901,-0.335177,0.060785,0.939529,-0.021650,-0.400269,-0.175806,-0.895664,0.078481,0.000000,0.000000,0.000000,1.000000,0.000000,0.000000,0.000000
0.000000,0.000000,0.000000,1.000000,0.000000,0.000000,0.000000,0.197396,0.000000,0.184812,0.279573,0.681966,-0.104293,-0.694682,0.183180,0.430420,-0.039366,0.895170,-0.016211,0.711296,0.091761,-0.684100,0.088333,-0.594094,-0.158869,-0.773634,0.146883,-0.344187,0.060365,0.936266,-0.022205,-0.406395,-0.174680,-0.893056,0.079516,0.000000,0.000000,0.000000,1.000000,0.000000,0.000000,0.000000
0.000000,0.000000,0.000000,1.000000,0.000000,0.000000,0.000000,0.197396,0.000000,0.183970,0.274454,0.661082,-0.116069,-0.711402,0.186458,0.400170,-0.047594,0.908761,-0.017929,0.692641,0.111871,-0.696338,0.102593,-0.604320,-0.152532,-0.767086,0.146671,-0.353440,0.059554,0.932844,-0.022569,-0.411740,-0.172525,-0.891014,0.079738,0.000000,0.000000,0.000000,1.000000,0.000000,0.000000,0.000000
0.000000,0.000000,0.000000,1.000000,0.000000,0.000000,0.000000,0.197396,0.000000,0.181668,0.270289,0.639626,-0.127675,-0.728004,0.189636,0.370400,-0.056454,0.921406,-0.019692,0.672416,0.133780,-0.708885,0.117474,-0.614535,-0.145750,-0.760263,0.147133,-0.363182,0.059168,0.929039,-0.023057,-0.417423,-0.171585,-0.888471,0.080485,0.000000,0.000000,0.000000,1.000000,0.000000,0.000000,0.000000
0.000000,0.000000,0.000000,1.000000,0.000000,0.000000,0.000000,0.197396,0.000000,0.182073,0.265618,0.618182,-0.138533,-0.743814,0.192617,0.341782,-0.064813,0.932607,-0.021008,0.651099,0.154919,-0.722088,0.130435,-0.625303,-0.138771,-0.752534,0.148584,-0.373567,0.058008,0.924949,-0.023287,-0.422630,-0.168517,-0.886589,0.080105,0.000000,0.000000,0.000000,1.000000,0.000000,0.000000,0.000000
0.000000,0.000000,0.000000,1.000000,0.000000,0.000000,0.000000,0.197396,0.000000,0.182157,0.261742,0.596732,-0.148729,-0.758962,0.195801,0.315967,-0.072626,0.942049,-0.022105,0.629901,0.175115,-0.734723,0.141765,-0.633973,-0.132818,-0.746326,0.148188,-0.384096,0.056434,0.920642,-0.023372,-0.428290,-0.164259,-0.884748,0.079274,0.000000,0.000000,0.000000,1.000000,0.000000,0.000000,0.000000
0.000000,0.000000,0.000000,1.000000,0.000000,0.000000,0.000000,0.197396,0.000000,0.181626,0.259784,0.575707,-0.157562,-0.773503,0.197981,0.293165,-0.079868,0.949725,-0.022896,0.608480,0.194343,-0.747038,0.151216,-0.643322,-0.126972,-0.739114,0.149175,-0.394663,0.054386,0.916209,-0.023211,-0.433681,-0.158654,-0.883256,0.077628,0.000000,0.000000,0.000000,1.000000,0.000000,0.000000,0.000000
0.000000,0.000000,0.000000,1.000000,0.000000,0.000000,0.000000,0.197396,0.000000,0.184707,0.253509,0.556200,-0.167190,-0.785498,0.201040,0.273312,-0.087284,0.955886,-0.023802,0.586925,0.214264,-0.758564,0.160656,-0.651739,-0.120645,-0.732605,0.150085,-0.405144,0.052938,0.911719,-0.023298,-0.438465,-0.154831,-0.881655,0.076725,0.000000,0.000000,0.000000,1.000000,0.000000,0.000000,0.000000
0.000000,0.000000,0.000000,1.000000,0.000000,0.000000,0.000000,0.197396,0.000000,0.184709,0.248799,0.537340,-0.174626,-0.797376,0.202041,0.258034,-0.093481,0.960188,-0.024403,0.566929,0.231605,-0.768450,0.167182,-0.660617,-0.114991,-0.725315,0.151333,-0.415805,0.050597,0.907087,-0.022953,-0.443734,-0.148388,-0.880286,0.074504,0.000000,0.000000,0.000000,1.000000,0.000000,0.000000,0.000000
0.000000,0.000000,0.000000,1.000000,0.000000,0.000000,0.000000,0.197396,0.000000,0.182086,0.246878,0.517479,-0.181164,-0.809629,0.201231,0.245337,-0.099013,0.963480,-0.024904,0.548559,0.247311,-0.777165,0.172596,-0.669069,-0.109033,-0.717976,0.153433,-0.425916,0.048886,0.902507,-0.022831,-0.448419,-0.143777,-0.878792,0.073065,0.000000,0.000000,0.000000,1.000000,0.000000,0.000000,0.000000
0.000000,0.000000,0.000000,1.000000,0.000000,0.000000,0.000000,0.197396,0.000000,0.180739,0.241466,0.500741,-0.182227,-0.820649,0.198307,0.236100,-0.101375,0.965848,-0.024666,0.532126,0.255562,-0.786638,0.172015,-0.678126,-0.102987,-0.709990,0.154700,-0.436391,0.046747,0.897603,-0.022448,-0.452922,-0.137923,-0.877534,0.070832,0.000000,0.000000,0.000000,1.000000,0.000000,0.000000,0.000000
0.000000,0.000000,0.000000,1.000000,0.000000,0.000000,0.000000,0.197396,0.000000,0.183073,0.237330,0.485873,-0.180261,-0.830844,0.194289,0.230959,-0.101351,0.967229,-0.024169,0.517740,0.257873,-0.796522,0.167822,-0.687385,-0.098728,-0.701513,0.155468,-0.446856,0.043191,0.892687,-0.021350,-0.458325,-0.127874,-0.876565,0.066461,0.000000,0.000000,0.000000,1.000000,0.000000,0.000000,0.000000
0.000000,0.000000,0.000000,1.000000,0.000000,0.000000,0.000000,0.197396,0.000000,0.185870,0.233376,0.470918,-0.175234,-0.841706,0.188188,0.227132,-0.100283,0.968320,-0.023512,0.505224,0.257445,-0.805906,0.162168,-0.696323,-0.092751,-0.693402,0.155874,-0.457018,0.040918,0.887721,-0.020829,-0.463934,-0.121515,-0.874722,0.064070,0.000000,0.000000,0.000000,1.000000,0.000000,0.000000,0.000000
0.000000,0.000000,0.000000,1.000000,0.000000,0.000000,0.000000,0.197396,0.000000,0.187346,0.230004,0.456311,-0.165498,-0.853069,0.180151,0.225156,-0.096628,0.969157,-0.022408,0.493893,0.250265,-0.816539,0.152824,-0.704996,-0.087848,-0.685157,0.156314,-0.466946,0.038322,0.882661,-0.020007,-0.469753,-0.114121,-0.872728,0.060939,0.000000,0.000000,0.000000,1.000000,0.000000,0.000000,0.000000
0.000000,0.000000,0.000000,1.000000,0.000000,0.000000,0.000000,0.197396,0.000000,0.189845,0.227840,0.441657,-0.155045,-0.863842,0.171191,0.225066,-0.092869,0.969522,-0.021494,0.483858,0.242533,-0.826117,0.143930,-0.713347,-0.083444,-0.677149,0.155427,-0.477051,0.035776,0.877346,-0.019149,-0.476003,-0.106811,-0.870375,0.057830,0.000000,0.000000,0.000000,1.000000,0.000000,0.000000,0.000000
0.000000,0.000000,0.000000,1.000000,0.000000,0.000000,0.000000,0.197396,0.000000,0.189750,0.224634,0.427395,-0.144076,-0.874596,0.160503,0.226091,-0.089886,0.969555,-0.020869,0.473882,0.236690,-0.834728,0.136427,-0.722088,-0.079515,-0.668244,0.155520,-0.486894,0.033429,0.871968,-0.018364,-0.482421,-0.100065,-0.867822,0.055038,0.000000,0.000000,0.000000,1.000000,0.000000,0.000000,0.000000
0.000000,0.000000,0.000000,1.000000,0.000000,0.000000,0.000000,0.197396,0.000000,0.192826,0.220481,0.413769,-0.129466,-0.884702,0.150432,0.227226,-0.084987,0.969710,-0.019811,0.464711,0.225529,-0.844091,0.126515,-0.731386,-0.074989,-0.658659,0.154631,-0.496768,0.031297,0.866391,-0.017623,-0.489160,-0.093903,-0.864845,0.052478,0.000000,0.000000,0.000000,1.000000,0.000000,0.000000,0.000000
0.000000,0.000000,0.000000,1.000000,0.000000,0.000000,0.000000,0.197396,0.000000,0.193545,0.216506,0.401294,-0.112097,-0.894568,0.138939,0.229027,-0.079769,0.969743,-0.018733,0.456125,0.213409,-0.853302,0.116395,-0.740929,-0.071928,-0.648707,0.152805,-0.507635,0.028734,0.860124,-0.016666,-0.496468,-0.086479,-0.861701,0.049250,0.000000,0.000000,0.000000,1.000000,0.000000,0.000000,0.000000
0.000000,0.000000,0.000000,1.000000,0.000000,0.000000,0.000000,0.197396,0.000000,0.196813,0.215241,0.388576,-0.090526,-0.903966,0.127081,0.230496,-0.072493,0.969966,-0.017113,0.448509,0.195347,-0.862939,0.103946,-0.750197,-0.069160,-0.638738,0.150923,-0.518466,0.026344,0.853695,-0.015681,-0.504377,-0.079483,-0.857851,0.046061,0.000000,0.000000,0.000000,1.000000,0.000000,0.000000,0.000000
0.000000,0.000000,0.000000,1.000000,0.000000,0.000000,0.000000,0.197396,0.000000,0.199262,0.212636,0.378275,-0.068170,-0.911917,0.116369,0.232565,-0.066823,0.969962,-0.015939,0.439621,0.181761,-0.872254,0.093524,-0.759534,-0.066848,-0.628574,0.147860,-0.529639,0.024196,0.846870,-0.014896,-0.512645,-0.073242,-0.853720,0.043459,0.000000,0.000000,0.000000,1.000000,0.000000,0.000000,0.000000
0.000000,0.000000,0.000000,1.000000,0.000000,0.000000,0.000000,0.197396,0.000000,0.202627,0.211087,0.368583,-0.042865,-0.918393,0.106599,0.234980,-0.060622,0.969836,-0.014619,0.431831,0.166143,-0.880557,0.083182,-0.768632,-0.065303,-0.618226,0.144627,-0.540907,0.022125,0.839695,-0.014014,-0.521462,-0.067130,-0.848997,0.040724,0.000000,0.000000,0.000000,1.000000,0.000000,0.000000,0.000000
0.000000,0.000000,0.000000,1.000000,0.000000,0.000000,0.000000,0.197396,0.000000,0.204135,0.207237,0.359161,-0.015824,-0.923777,0.097455,0.236414,-0.055867,0.969805,-0.013546,0.423505,0.154114,-0.887668,0.075088,-0.777713,-0.061780,-0.607666,0.142199,-0.552897,0.020737,0.831800,-0.013513,-0.530551,-0.063086,-0.843647,0.039086,0.000000,0.000000,0.000000,1.000000,0.000000,0.000000,0.000000
0.000000,0.000000,0.000000,1.000000,0.000000,0.000000,0.000000,0.197396,0.000000,0.209799,0.204960,0.352220,0.014344,-0.926936,0.091093,0.239333,-0.050641,0.969412,-0.012426,0.414424,0.140762,-0.895150,0.066479,-0.786471,-0.060286,-0.597219,0.139154,-0.565274,0.018534,0.823483,-0.012475,-0.540655,-0.056552,-0.837762,0.035916,0.000000,0.000000,0.000000,1.000000,0.000000,0.000000,0.000000
0.000000,0.000000,0.000000,1.000000,0.000000,0.000000,0.000000,0.197396,0.000000,0.214742,0.202416,0.345508,0.041061,-0.929159,0.085750,0.240800,-0.048245,0.969191,-0.011920,0.404748,0.134951,-0.900886,0.061770,-0.794639,-0.057956,-0.587335,0.136466,-0.577115,0.017187,0.815254,-0.011921,-0.550641,-0.052574,-0.831450,0.034204,0.000000,0.000000,0.000000,1.000000,0.000000,0.000000,0.000000
0.000000,0.000000,0.000000,1.000000,0.000000,0.000000,0.000000,0.197396,0.000000,0.220320,0.196753,0.341583,0.067264,-0.929418,0.083008,0.242994,-0.045713,0.968786,-0.011411,0.393755,0.128776,-0.907054,0.056839,-0.802475,-0.056361,-0.577372,0.134467,-0.588281,0.015987,0.807330,-0.011396,-0.560717,-0.048996,-0.824911,0.032640,0.000000,0.000000,0.000000,1.000000,0.000000,0.000000,0.000000
0.000000,0.000000,0.000000,1.000000,0.000000,0.000000,0.000000,0.197396,0.000000,0.227221,0.190929,0.338090,0.090295,-0.930010,0.080844,0.243501,-0.044391,0.968753,-0.011118,0.383906,0.125999,-0.912150,0.053209,-0.809799,-0.053808,-0.567830,0.133030,-0.599077,0.014460,0.799468,-0.010613,-0.572060,-0.044366,-0.817339,0.030405,0.000000,0.000000,0.000000,1.000000,0.000000,0.000000,0.000000
0.000000,0.000000,0.000000,1.000000,0.000000,0.000000,0.000000,0.197396,0.000000,0.232071,0.187120,0.333734,0.108136,-0.930705,0.078702,0.244012,-0.046235,0.968499,-0.011603,0.374492,0.131929,-0.914899,0.053590,-0.815976,-0.051134,-0.559647,0.131433,-0.608938,0.013337,0.792163,-0.010079,-0.583904,-0.040904,-0.809047,0.028961,0.000000,0.000000,0.000000,1.000000,0.000000,0.000000,0.000000
0.000000,0.000000,0.000000,1.000000,0.000000,0.000000,0.000000,0.197396,0.000000,0.236045,0.185814,0.330802,0.127720,-0.930142,0.077741,0.245281,-0.047405,0.968101,-0.011984,0.365992,0.135923,-0.917688,0.053414,-0.821578,-0.047709,-0.551805,0.131692,-0.617856,0.012333,0.785410,-0.009578,-0.595808,-0.037761,-0.800515,0.027666,0.000000,0.000000,0.000000,1.000000,0.000000,0.000000,0.000000
0.000000,0.000000,0.000000,1.000000,0.000000,0.000000,0.000000,0.197396,0.000000,0.241950,0.181472,0.329855,0.139511,-0.929241,0.078696,0.246139,-0.052290,0.967561,-0.013266,0.357438,0.150290,-0.918126,0.057617,-0.826603,-0.042785,-0.544384,0.133193,-0.626435,0.012189,0.778762,-0.009713,-0.607685,-0.037199,-0.791439,0.028248,0.000000,0.000000,0.000000,1.000000,0.000000,0.000000,0.000000
0.000000,0.000000,0.000000,1.000000,0.000000,0.000000,0.000000,0.197396,0.000000,0.244672,0.177590,0.329562,0.153428,-0.927755,0.079194,0.246700,-0.055439,0.967189,-0.014101,0.350476,0.159707,-0.918740,0.059858,-0.830838,-0.037296,-0.537770,0.135365,-0.634236,0.011252,0.772611,-0.009210,-0.620227,-0.034183,-0.781804,0.027020,0.000000,0.000000,0.000000,1.000000,0.000000,0.000000,0.000000
0.000000,0.000000,0.000000,1.000000,0.000000,0.000000,0.000000,0.197396,0.000000,0.249013,0.172034,0.329644,0.160791,-0.926637,0.080227,0.245884,-0.060486,0.967050,-0.015308,0.343268,0.174402,-0.918390,0.064273,-0.833569,-0.030060,-0.533073,0.138643,-0.640448,0.010949,0.767609,-0.009128,-0.632104,-0.033062,-0.772356,0.027047,0.000000,0.000000,0.000000,1.000000,0.000000,0.000000,0.000000
0.000000,0.000000,0.000000,1.000000,0.000000,0.000000,0.000000,0.197396,0.000000,0.255524,0.169452,0.330869,0.165069,-0.925194,0.083768,0.246045,-0.065542,0.966656,-0.016608,0.337882,0.189054,-0.917213,0.069026,-0.835632,-0.023487,-0.529002,0.142526,-0.645135,0.010598,0.763772,-0.008959,-0.644127,-0.031738,-0.762447,0.026869,0.000000,0.000000,0.000000,1.000000,0.000000,0.000000,0.000000
0.000000,0.000000,0.000000,1.000000,0.000000,0.000000,0.000000,0.197396,0.000000,0.258615,0.166142,0.331904,0.164423,-0.924558,0.087177,0.244850,-0.070377,0.966662,-0.017788,0.334422,0.202950,-0.915735,0.073872,-0.837336,-0.016357,-0.525166,0.147541,-0.648797,0.010426,0.760727,-0.008892,-0.655764,-0.030971,-0.752476,0.026957,0.000000,0.000000,0.000000,1.000000,0.000000,0.000000,0.000000
0.000000,0.000000,0.000000,1.000000,0.000000,0.000000,0.000000,0.197396,0.000000,0.263537,0.163202,0.333782,0.163484,-0.923593,0.091527,0.244622,-0.074288,0.966455,-0.018768,0.332222,0.214172,-0.914113,0.077816,-0.838307,-0.009394,-0.522401,0.152670,-0.651341,0.009814,0.758603,-0.008426,-0.667390,-0.028913,-0.742297,0.025819,0.000000,0.000000,0.000000,1.000000,0.000000,0.000000,0.000000
0.000000,0.000000,0.000000,1.000000,0.000000,0.000000,0.000000,0.197396,0.000000,0.269192,0.161313,0.335064,0.160859,-0.923257,0.094792,0.243719,-0.078452,0.966411,-0.019783,0.331901,0.226013,-0.911682,0.082270,-0.838462,-0.001331,-0.520646,0.158323,-0.653041,0.009230,0.757184,-0.007963,-0.679468,-0.026950,-0.731441,0.024666,0.000000,0.000000,0.000000,1.000000,0.000000,0.000000,0.000000
0.000000,0.000000,0.000000,1.000000,0.000000,0.000000,0.000000,0.197396,0.000000,0.273323,0.161137,0.336872,0.161484,-0.922115,0.098293,0.243848,-0.080755,0.966203,-0.020376,0.331961,0.232526,-0.910030,0.084803,-0.837777,0.006737,-0.520323,0.162854,-0.654020,0.008924,0.756355,-0.007719,-0.690511,-0.025798,-0.721091,0.024187,0.000000,0.000000,0.000000,1.000000,0.000000,0.000000,0.000000
0.000000,0.000000,0.000000,1.000000,0.000000,0.000000,0.000000,0.197396,0.000000,0.277569,0.159575,0.340395,0.162817,-0.920271,0.101762,0.244444,-0.081541,0.965986,-0.020624,0.332223,0.234742,-0.909310,0.085745,-0.836622,0.013438,-0.520674,0.167610,-0.654230,0.008469,0.756186,-0.007338,-0.700813,-0.024204,-0.711185,0.023279,0.000000,0.000000,0.000000,1.000000,0.000000,0.000000,0.000000
