0.000000,0.000000,0.000000,0.999981,0.000000,0.000000,0.005603,0.463648,0.000000,0.411624,0.000000,0.411971,0.064203,-0.860366,0.290813,0.311493,-0.127870,0.940556,-0.042406,0.397274,0.355361,-0.827927,0.170499,-0.411971,-0.064203,-0.860366,0.290813,-0.311493,0.127870,0.940556,-0.042406,-0.397274,-0.355361,-0.827927,0.170499,0.000000,0.000000,0.000000,1.000000,0.000000,0.000000,0.000000
0.000000,0.000000,0.000000,0.999957,0.000000,0.000000,0.007434,0.463648,0.000000,0.401966,0.000000,0.414817,0.067528,-0.855858,0.298096,0.311066,-0.127757,0.940720,-0.042299,0.400045,0.354396,-0.826742,0.171558,-0.414817,-0.067528,-0.855858,0.298096,-0.311066,0.127757,0.940720,-0.042299,-0.400045,-0.354396,-0.826742,0.171558,0.000000,0.000000,0.000000,1.000000,0.000000,0.000000,0.000000
0.000000,0.000000,0.000000,0.999930,0.000000,0.000000,0.009373,0.463648,0.000000,0.389077,0.000000,0.417763,0.068829,-0.850474,0.307498,0.311784,-0.129115,0.940237,-0.042895,0.401779,0.357363,-0.823677,0.174634,-0.417763,-0.068829,-0.850474,0.307498,-0.311784,0.129115,0.940237,-0.042895,-0.401779,-0.357363,-0.823677,0.174634,0.000000,0.000000,0.000000,1.000000,0.000000,0.000000,0.000000
0.000000,0.000000,0.000000,0.999839,0.000000,0.000000,0.013271,0.463648,0.000000,0.379057,0.000000,0.422810,0.071337,-0.841153,0.321985,0.315250,-0.128434,0.939085,-0.043205,0.402947,0.355837,-0.823854,0.174381,-0.422810,-0.071337,-0.841153,0.321985,-0.315250,0.128434,0.939085,-0.043205,-0.402947,-0.355837,-0.823854,0.174381,0.000000,0.000000,0.000000,1.000000,0.000000,0.000000,0.000000
0.000000,0.000000,0.000000,0.999765,0.000000,0.000000,0.016758,0.463648,0.000000,0.364304,0.000000,0.433796,0.074539,-0.830751,0.331364,0.323153,-0.126151,0.936349,-0.043535,0.405710,0.350439,-0.825153,0.172628,-0.433796,-0.074539,-0.830751,0.331364,-0.323153,0.126151,0.936349,-0.043535,-0.405710,-0.350439,-0.825153,0.172628,0.000000,0.000000,0.000000,1.000000,0.000000,0.000000,0.000000
0.000000,0.000000,0.000000,0.999615,0.000000,0.000000,0.021859,0.463648,0.000000,0.349123,0.000000,0.449451,0.079003,-0.815337,0.343397,0.336614,-0.122549,0.931153,-0.044044,0.411209,0.341811,-0.826345,0.170222,-0.449451,-0.079003,-0.815337,0.343397,-0.336614,0.122549,0.931153,-0.044044,-0.411209,-0.341811,-0.826345,0.170222,0.000000,0.000000,0.000000,1.000000,0.000000,0.000000,0.000000
0.000000,0.000000,0.000000,0.999541,0.000000,0.000000,0.025340,0.463648,0.000000,0.330308,0.000000,0.469361,0.084732,-0.796148,0.355449,0.354176,-0.117704,0.923897,-0.044443,0.419619,0.329869,-0.827163,0.167005,-0.469361,-0.084732,-0.796148,0.355449,-0.354176,0.117704,0.923897,-0.044443,-0.419619,-0.329869,-0.827163,0.167005,0.000000,0.000000,0.000000,1.000000,0.000000,0.000000,0.000000
0.000000,0.000000,0.000000,0.999407,0.000000,0.000000,0.030002,0.463648,0.000000,0.315954,0.000000,0.492656,0.086133,-0.772465,0.369459,0.377899,-0.110761,0.913133,-0.044040,0.428531,0.312393,-0.829104,0.160280,-0.492656,-0.086133,-0.772465,0.369459,-0.377899,0.110761,0.913133,-0.044040,-0.428531,-0.312393,-0.829104,0.160280,0.000000,0.000000,0.000000,1.000000,0.000000,0.000000,0.000000
0.000000,0.000000,0.000000,0.999239,0.000000,0.000000,0.035204,0.463648,0.000000,0.303224,0.000000,0.518638,0.086615,-0.745330,0.386251,0.407405,-0.102948,0.898718,-0.043297,0.442045,0.292153,-0.828087,0.152576,-0.518638,-0.086615,-0.745330,0.386251,-0.407405,0.102948,0.898718,-0.043297,-0.442045,-0.292153,-0.828087,0.152576,0.000000,0.000000,0.000000,1.000000,0.000000,0.000000,0.000000
0.000000,0.000000,0.000000,0.998956,0.000000,0.000000,0.041906,0.463648,0.000000,0.292938,0.000000,0.545847,0.083824,-0.714470,0.404895,0.442956,-0.095079,0.879069,-0.042261,0.459116,0.271404,-0.823601,0.144590,-0.545847,-0.083824,-0.714470,0.404895,-0.442956,0.095079,0.879069,-0.042261,-0.459116,-0.271404,-0.823601,0.144590,0.000000,0.000000,0.000000,1.000000,0.000000,0.000000,0.000000
0.000000,0.000000,0.000000,0.998801,0.000000,0.000000,0.046357,0.463648,0.000000,0.280715,0.000000,0.574307,0.084578,-0.679919,0.420801,0.483506,-0.084829,0.854672,-0.039443,0.480810,0.243080,-0.817190,0.132095,-0.574307,-0.084578,-0.679919,0.420801,-0.483506,0.084829,0.854672,-0.039443,-0.480810,-0.243080,-0.817190,0.132095,0.000000,0.000000,0.000000,1.000000,0.000000,0.000000,0.000000
0.000000,0.000000,0.000000,0.998667,0.000000,0.000000,0.049768,0.463648,0.000000,0.262587,0.000000,0.605536,0.089786,-0.643376,0.431028,0.528994,-0.070480,0.825038,-0.033968,0.508564,0.203424,-0.808013,0.110159,-0.605536,-0.089786,-0.643376,0.431028,-0.528994,0.070480,0.825038,-0.033968,-0.508564,-0.203424,-0.808013,0.110159,0.000000,0.000000,0.000000,1.000000,0.000000,0.000000,0.000000
0.000000,0.000000,0.000000,0.998463,0.000000,0.000000,0.054239,0.463648,0.000000,0.249895,0.000000,0.639449,0.094919,-0.602535,0.439847,0.580907,-0.054911,0.785791,-0.027870,0.546196,0.160627,-0.790910,0.086360,-0.639449,-0.094919,-0.602535,0.439847,-0.580907,0.054911,0.785791,-0.027870,-0.546196,-0.160627,-0.790910,0.086360,0.000000,0.000000,0.000000,1.000000,0.000000,0.000000,0.000000
0.000000,0.000000,0.000000,0.998380,0.000000,0.000000,0.055862,0.463648,0.000000,0.234501,0.000000,0.671793,0.100573,-0.561262,0.445738,0.633807,-0.041964,0.740927,-0.022959,0.589273,0.124318,-0.763892,0.068410,-0.671793,-0.100573,-0.561262,0.445738,-0.633807,0.041964,0.740927,-0.022959,-0.589273,-0.124318,-0.763892,0.068410,0.000000,0.000000,0.000000,1.000000,0.000000,0.000000,0.000000
0.000000,0.000000,0.000000,0.998195,0.000000,0.000000,0.059197,0.463648,0.000000,0.225662,0.000000,0.698171,0.107318,-0.518533,0.458051,0.687040,-0.029542,0.687476,-0.015361,0.635406,0.087875,-0.727134,0.044334,-0.698171,-0.107318,-0.518533,0.458051,-0.687040,0.029542,0.687476,-0.015361,-0.635406,-0.087875,-0.727134,0.044334,0.000000,0.000000,0.000000,1.000000,0.000000,0.000000,0.000000
0.000000,0.000000,0.000000,0.997969,0.000000,0.000000,0.062385,0.463648,0.000000,0.221411,0.000000,0.720079,0.111378,-0.478948,0.468945,0.736745,-0.018616,0.631046,-0.007584,0.679463,0.054858,-0.689241,0.021018,-0.720079,-0.111378,-0.478948,0.468945,-0.736745,0.018616,0.631046,-0.007584,-0.679463,-0.054858,-0.689241,0.021018,0.000000,0.000000,0.000000,1.000000,0.000000,0.000000,0.000000
0.000000,0.000000,0.000000,0.997771,0.000000,0.000000,0.065894,0.463648,0.000000,0.225951,0.000000,0.740045,0.113950,-0.441868,0.477040,0.782948,-0.008442,0.574634,0.001837,0.720092,0.022698,-0.651380,-0.006331,-0.740045,-0.113950,-0.441868,0.477040,-0.782948,0.008442,0.574634,0.001837,-0.720092,-0.022698,-0.651380,-0.006331,0.000000,0.000000,0.000000,1.000000,0.000000,0.000000,0.000000
0.000000,0.000000,0.000000,0.997634,0.000000,0.000000,0.068074,0.463648,0.000000,0.225877,0.000000,0.756147,0.118509,-0.409777,0.482813,0.823295,-0.001238,0.521490,0.010113,0.759575,-0.001563,-0.611430,-0.029117,-0.756147,-0.118509,-0.409777,0.482813,-0.823295,0.001238,0.521490,0.010113,-0.759575,0.001563,-0.611430,-0.029117,0.000000,0.000000,0.000000,1.000000,0.000000,0.000000,0.000000
0.000000,0.000000,0.000000,0.997530,0.000000,0.000000,0.069639,0.463648,0.000000,0.233651,0.000000,0.770022,0.119539,-0.380311,0.489040,0.858899,0.004278,0.471535,0.017627,0.793559,-0.020680,-0.573710,-0.049994,-0.770022,-0.119539,-0.380311,0.489040,-0.858899,-0.004278,0.471535,0.017627,-0.793559,0.020680,-0.573710,-0.049994,0.000000,0.000000,0.000000,1.000000,0.000000,0.000000,0.000000
0.000000,0.000000,0.000000,0.997544,0.000000,0.000000,0.069452,0.463648,0.000000,0.239831,0.000000,0.780859,0.123164,-0.355589,0.493226,0.887970,0.008392,0.426795,0.024474,0.823491,-0.035759,-0.538069,-0.068804,-0.780859,-0.123164,-0.355589,0.493226,-0.887970,-0.008392,0.426795,0.024474,-0.823491,0.035759,-0.538069,-0.068804,0.000000,0.000000,0.000000,1.000000,0.000000,0.000000,0.000000
0.000000,0.000000,0.000000,0.997434,0.000000,0.000000,0.071125,0.463648,0.000000,0.250589,0.000000,0.789114,0.124000,-0.336790,0.495345,0.911813,0.010568,0.386936,0.029712,0.850112,-0.044672,-0.504260,-0.083298,-0.789114,-0.124000,-0.336790,0.495345,-0.911813,-0.010568,0.386936,0.029712,-0.850112,0.044672,-0.504260,-0.083298,0.000000,0.000000,0.000000,1.000000,0.000000,0.000000,0.000000
