0.000000,0.000000,0.000000,0.996861,0.000000,0.000000,0.079133,0.463648,0.000000,0.604296,0.000000,0.385478,0.121381,-0.873131,0.271821,0.240342,-0.115730,0.963208,-0.028751,0.332023,0.327925,-0.874968,0.124600,-0.385478,-0.121381,-0.873131,0.271821,-0.240342,0.115730,0.963208,-0.028751,-0.332023,-0.327925,-0.874968,0.124600,0.000000,0.000000,0.000000,1.000000,0.000000,0.000000,0.000000
0.000000,0.000000,0.000000,0.996968,0.000000,0.000000,0.077686,0.463648,0.000000,0.597007,0.000000,0.386644,0.117990,-0.872647,0.273125,0.237969,-0.117880,0.963512,-0.028970,0.332687,0.333320,-0.872196,0.127364,-0.386644,-0.117990,-0.872647,0.273125,-0.237969,0.117880,0.963512,-0.028970,-0.332687,-0.333320,-0.872196,0.127364,0.000000,0.000000,0.000000,1.000000,0.000000,0.000000,0.000000
0.000000,0.000000,0.000000,0.997094,0.000000,0.000000,0.075947,0.463648,0.000000,0.588634,0.000000,0.388292,0.115614,-0.871734,0.274705,0.235969,-0.118606,0.963920,-0.028903,0.335713,0.334660,-0.870222,0.129287,-0.388292,-0.115614,-0.871734,0.274705,-0.235969,0.118606,0.963920,-0.028903,-0.335713,-0.334660,-0.870222,0.129287,0.000000,0.000000,0.000000,1.000000,0.000000,0.000000,0.000000
0.000000,0.000000,0.000000,0.997231,0.000000,0.000000,0.074040,0.463648,0.000000,0.577645,0.000000,0.391693,0.113133,-0.869699,0.277195,0.234837,-0.119763,0.964061,-0.029054,0.339264,0.337100,-0.867472,0.132006,-0.391693,-0.113133,-0.869699,0.277195,-0.234837,0.119763,0.964061,-0.029054,-0.339264,-0.337100,-0.867472,0.132006,0.000000,0.000000,0.000000,1.000000,0.000000,0.000000,0.000000
0.000000,0.000000,0.000000,0.997395,0.000000,0.000000,0.071685,0.463648,0.000000,0.564280,0.000000,0.396259,0.107864,-0.867518,0.279302,0.235005,-0.122083,0.963706,-0.029684,0.342086,0.342766,-0.863467,0.136034,-0.396259,-0.107864,-0.867518,0.279302,-0.235005,0.122083,0.963706,-0.029684,-0.342086,-0.342766,-0.863467,0.136034,0.000000,0.000000,0.000000,1.000000,0.000000,0.000000,0.000000
0.000000,0.000000,0.000000,0.997557,0.000000,0.000000,0.069364,0.463648,0.000000,0.551732,0.000000,0.402069,0.101736,-0.864297,0.282784,0.235993,-0.124494,0.963116,-0.030461,0.344766,0.348768,-0.859356,0.140163,-0.402069,-0.101736,-0.864297,0.282784,-0.235993,0.124494,0.963116,-0.030461,-0.344766,-0.348768,-0.859356,0.140163,0.000000,0.000000,0.000000,1.000000,0.000000,0.000000,0.000000
0.000000,0.000000,0.000000,0.997723,0.000000,0.000000,0.066956,0.463648,0.000000,0.538060,0.000000,0.411207,0.097862,-0.858920,0.286554,0.239541,-0.125291,0.962019,-0.031137,0.347743,0.350772,-0.857101,0.142391,-0.411207,-0.097862,-0.858920,0.286554,-0.239541,0.125291,0.962019,-0.031137,-0.347743,-0.350772,-0.857101,0.142391,0.000000,0.000000,0.000000,1.000000,0.000000,0.000000,0.000000
0.000000,0.000000,0.000000,0.997888,0.000000,0.000000,0.064434,0.463648,0.000000,0.519867,0.000000,0.423356,0.093135,-0.851485,0.291010,0.244487,-0.126279,0.960452,-0.032069,0.351393,0.353298,-0.854230,0.145231,-0.423356,-0.093135,-0.851485,0.291010,-0.244487,0.126279,0.960452,-0.032069,-0.351393,-0.353298,-0.854230,0.145231,0.000000,0.000000,0.000000,1.000000,0.000000,0.000000,0.000000
0.000000,0.000000,0.000000,0.998055,0.000000,0.000000,0.061677,0.463648,0.000000,0.499905,0.000000,0.437148,0.087181,-0.841167,0.299482,0.256380,-0.128007,0.956388,-0.034436,0.362741,0.356758,-0.845951,0.153420,-0.437148,-0.087181,-0.841167,0.299482,-0.256380,0.128007,0.956388,-0.034436,-0.362741,-0.356758,-0.845951,0.153420,0.000000,0.000000,0.000000,1.000000,0.000000,0.000000,0.000000
0.000000,0.000000,0.000000,0.998256,0.000000,0.000000,0.058373,0.463648,0.000000,0.472914,0.000000,0.455149,0.086724,-0.829675,0.302122,0.273630,-0.126753,0.950906,-0.036775,0.376854,0.352440,-0.839643,0.159186,-0.455149,-0.086724,-0.829675,0.302122,-0.273630,0.126753,0.950906,-0.036775,-0.376854,-0.352440,-0.839643,0.159186,0.000000,0.000000,0.000000,1.000000,0.000000,0.000000,0.000000
0.000000,0.000000,0.000000,0.998451,0.000000,0.000000,0.055052,0.463648,0.000000,0.449463,0.000000,0.477233,0.085008,-0.812982,0.308740,0.296061,-0.123155,0.943164,-0.038482,0.392786,0.342601,-0.834989,0.161051,-0.477233,-0.085008,-0.812982,0.308740,-0.296061,0.123155,0.943164,-0.038482,-0.392786,-0.342601,-0.834989,0.161051,0.000000,0.000000,0.000000,1.000000,0.000000,0.000000,0.000000
0.000000,0.000000,0.000000,0.998615,0.000000,0.000000,0.051801,0.463648,0.000000,0.434826,0.000000,0.503915,0.082997,-0.791116,0.317192,0.324923,-0.118436,0.931975,-0.040465,0.413011,0.329877,-0.828473,0.162862,-0.503915,-0.082997,-0.791116,0.317192,-0.324923,0.118436,0.931975,-0.040465,-0.413011,-0.329877,-0.828473,0.162862,0.000000,0.000000,0.000000,1.000000,0.000000,0.000000,0.000000
0.000000,0.000000,0.000000,0.998765,0.000000,0.000000,0.048711,0.463648,0.000000,0.420263,0.000000,0.534923,0.079009,-0.763688,0.326710,0.358941,-0.113560,0.917280,-0.042412,0.432851,0.317380,-0.821250,0.163372,-0.534923,-0.079009,-0.763688,0.326710,-0.358941,0.113560,0.917280,-0.042412,-0.432851,-0.317380,-0.821250,0.163372,0.000000,0.000000,0.000000,1.000000,0.000000,0.000000,0.000000
0.000000,0.000000,0.000000,0.998906,0.000000,0.000000,0.045723,0.463648,0.000000,0.403605,0.000000,0.566774,0.077688,-0.733195,0.336123,0.397405,-0.105888,0.899139,-0.042949,0.458911,0.296761,-0.811665,0.159623,-0.566774,-0.077688,-0.733195,0.336123,-0.397405,0.105888,0.899139,-0.042949,-0.458911,-0.296761,-0.811665,0.159623,0.000000,0.000000,0.000000,1.000000,0.000000,0.000000,0.000000
0.000000,0.000000,0.000000,0.999032,0.000000,0.000000,0.042799,0.463648,0.000000,0.384509,0.000000,0.599450,0.079922,-0.701101,0.344294,0.439499,-0.095764,0.877415,-0.042328,0.491738,0.269023,-0.798771,0.152582,-0.599450,-0.079922,-0.701101,0.344294,-0.439499,0.095764,0.877415,-0.042328,-0.491738,-0.269023,-0.798771,0.152582,0.000000,0.000000,0.000000,1.000000,0.000000,0.000000,0.000000
0.000000,0.000000,0.000000,0.999153,0.000000,0.000000,0.040060,0.463648,0.000000,0.367508,0.000000,0.635966,0.080192,-0.661707,0.352062,0.488317,-0.084879,0.848379,-0.041480,0.528362,0.239418,-0.782534,0.144730,-0.635966,-0.080192,-0.661707,0.352062,-0.488317,0.084879,0.848379,-0.041480,-0.528362,-0.239418,-0.782534,0.144730,0.000000,0.000000,0.000000,1.000000,0.000000,0.000000,0.000000
0.000000,0.000000,0.000000,0.999241,0.000000,0.000000,0.038209,0.463648,0.000000,0.351162,0.000000,0.669166,0.078719,-0.623556,0.360478,0.538297,-0.075705,0.815412,-0.041196,0.572257,0.213519,-0.755072,0.140628,-0.669166,-0.078719,-0.623556,0.360478,-0.538297,0.075705,0.815412,-0.041196,-0.572257,-0.213519,-0.755072,0.140628,0.000000,0.000000,0.000000,1.000000,0.000000,0.000000,0.000000
0.000000,0.000000,0.000000,0.999338,0.000000,0.000000,0.035840,0.463648,0.000000,0.334896,0.000000,0.701170,0.079911,-0.581925,0.369455,0.593571,-0.065252,0.773274,-0.039880,0.623515,0.183723,-0.715796,0.133567,-0.701170,-0.079911,-0.581925,0.369455,-0.593571,0.065252,0.773274,-0.039880,-0.623515,-0.183723,-0.715796,0.133567,0.000000,0.000000,0.000000,1.000000,0.000000,0.000000,0.000000
0.000000,0.000000,0.000000,0.999417,0.000000,0.000000,0.033636,0.463648,0.000000,0.313696,0.000000,0.730849,0.085289,-0.541280,0.375519,0.648328,-0.051984,0.724086,-0.035910,0.673610,0.147251,-0.672473,0.117024,-0.730849,-0.085289,-0.541280,0.375519,-0.648328,0.051984,0.724086,-0.035910,-0.673610,-0.147251,-0.672473,0.117024,0.000000,0.000000,0.000000,1.000000,0.000000,0.000000,0.000000
0.000000,0.000000,0.000000,0.999455,0.000000,0.000000,0.032670,0.463648,0.000000,0.296887,0.000000,0.758178,0.088684,-0.498774,0.385054,0.703636,-0.038308,0.666661,-0.028278,0.722280,0.110296,-0.621974,0.089279,-0.758178,-0.088684,-0.498774,0.385054,-0.703636,0.038308,0.666661,-0.028278,-0.722280,-0.110296,-0.621974,0.089279,0.000000,0.000000,0.000000,1.000000,0.000000,0.000000,0.000000
0.000000,0.000000,0.000000,0.999450,0.000000,0.000000,0.032776,0.463648,0.000000,0.287690,0.000000,0.780503,0.090795,-0.460175,0.393081,0.754319,-0.028772,0.607821,-0.022858,0.770779,0.083633,-0.559164,0.070881,-0.780503,-0.090795,-0.460175,0.393081,-0.754319,0.028772,0.607821,-0.022858,-0.770779,-0.083633,-0.559164,0.070881,0.000000,0.000000,0.000000,1.000000,0.000000,0.000000,0.000000
0.000000,0.000000,0.000000,0.999416,0.000000,0.000000,0.033667,0.463648,0.000000,0.273036,0.000000,0.798004,0.093889,-0.426433,0.400309,0.798541,-0.020196,0.552458,-0.017118,0.814896,0.059449,-0.498462,0.052297,-0.798004,-0.093889,-0.426433,0.400309,-0.798541,0.020196,0.552458,-0.017118,-0.814896,-0.059449,-0.498462,0.052297,0.000000,0.000000,0.000000,1.000000,0.000000,0.000000,0.000000
0.000000,0.000000,0.000000,0.999377,0.000000,0.000000,0.034689,0.463648,0.000000,0.259397,0.000000,0.810699,0.097945,-0.398683,0.406195,0.837235,-0.013201,0.500497,-0.011702,0.857037,0.039092,-0.437669,0.035856,-0.810699,-0.097945,-0.398683,0.406195,-0.837235,0.013201,0.500497,-0.011702,-0.857037,-0.039092,-0.437669,0.035856,0.000000,0.000000,0.000000,1.000000,0.000000,0.000000,0.000000
0.000000,0.000000,0.000000,0.999336,0.000000,0.000000,0.035777,0.463648,0.000000,0.250468,0.000000,0.820797,0.099440,-0.375119,0.411276,0.870614,-0.008570,0.452249,-0.007478,0.892433,0.025758,-0.380014,0.022878,-0.820797,-0.099440,-0.375119,0.411276,-0.870614,0.008570,0.452249,-0.007478,-0.892433,-0.025758,-0.380014,0.022878,0.000000,0.000000,0.000000,1.000000,0.000000,0.000000,0.000000
0.000000,0.000000,0.000000,0.999283,0.000000,0.000000,0.037250,0.463648,0.000000,0.246355,0.000000,0.828905,0.100166,-0.353303,0.417982,0.899063,-0.005228,0.408080,-0.003932,0.921791,0.016315,-0.326922,0.011882,-0.828905,-0.100166,-0.353303,0.417982,-0.899063,0.005228,0.408080,-0.003932,-0.921791,-0.016315,-0.326922,0.011882,0.000000,0.000000,0.000000,1.000000,0.000000,0.000000,0.000000
