0.000000,0.000000,0.000000,0.999930,0.000000,0.000000,0.011714,0.463648,0.000000,0.573841,0.000000,0.290573,-0.000037,-0.892324,0.345400,0.231574,-0.103188,0.966990,-0.024721,0.474533,0.271460,-0.822276,0.156790,-0.290573,0.000037,-0.892324,0.345400,-0.231574,0.103188,0.966990,-0.024721,-0.474533,-0.271460,-0.822276,0.156790,0.000000,0.000000,0.000000,1.000000,0.000000,0.000000,0.000000
0.000000,0.000000,0.000000,0.999925,0.000000,0.000000,0.012125,0.463648,0.000000,0.564905,0.000000,0.291225,-0.001021,-0.891715,0.346391,0.231151,-0.106045,0.966737,-0.025356,0.474775,0.278238,-0.818619,0.161639,-0.291225,0.001021,-0.891715,0.346391,-0.231151,0.106045,0.966737,-0.025356,-0.474775,-0.278238,-0.818619,0.161639,0.000000,0.000000,0.000000,1.000000,0.000000,0.000000,0.000000
0.000000,0.000000,0.000000,0.999917,0.000000,0.000000,0.012690,0.463648,0.000000,0.553705,0.000000,0.294225,0.001834,-0.889842,0.348376,0.231537,-0.107214,0.966509,-0.025686,0.476511,0.280764,-0.816237,0.164189,-0.294225,-0.001834,-0.889842,0.348376,-0.231537,0.107214,0.966509,-0.025686,-0.476511,-0.280764,-0.816237,0.164189,0.000000,0.000000,0.000000,1.000000,0.000000,0.000000,0.000000
0.000000,0.000000,0.000000,0.999902,0.000000,0.000000,0.013661,0.463648,0.000000,0.541087,0.000000,0.298253,0.005127,-0.887327,0.350939,0.232760,-0.108535,0.966051,-0.026157,0.478849,0.283572,-0.813266,0.167261,-0.298253,-0.005127,-0.887327,0.350939,-0.232760,0.108535,0.966051,-0.026157,-0.478849,-0.283572,-0.813266,0.167261,0.000000,0.000000,0.000000,1.000000,0.000000,0.000000,0.000000
0.000000,0.000000,0.000000,0.999875,0.000000,0.000000,0.015144,0.463648,0.000000,0.527508,0.000000,0.301728,0.003673,-0.883912,0.356111,0.234342,-0.113292,0.965005,-0.027574,0.479802,0.294541,-0.806181,0.175993,-0.301728,-0.003673,-0.883912,0.356111,-0.234342,0.113292,0.965005,-0.027574,-0.479802,-0.294541,-0.806181,0.175993,0.000000,0.000000,0.000000,1.000000,0.000000,0.000000,0.000000
0.000000,0.000000,0.000000,0.999868,0.000000,0.000000,0.015666,0.463648,0.000000,0.510566,0.000000,0.307260,0.002852,-0.879456,0.361807,0.236237,-0.119908,0.963552,-0.029543,0.482009,0.308875,-0.794960,0.189075,-0.307260,-0.002852,-0.879456,0.361807,-0.236237,0.119908,0.963552,-0.029543,-0.482009,-0.308875,-0.794960,0.189075,0.000000,0.000000,0.000000,1.000000,0.000000,0.000000,0.000000
0.000000,0.000000,0.000000,0.999853,0.000000,0.000000,0.016619,0.463648,0.000000,0.487300,0.000000,0.312917,0.005504,-0.874417,0.368533,0.239806,-0.125158,0.961874,-0.031430,0.488148,0.319211,-0.783285,0.201567,-0.312917,-0.005504,-0.874417,0.368533,-0.239806,0.125158,0.961874,-0.031430,-0.488148,-0.319211,-0.783285,0.201567,0.000000,0.000000,0.000000,1.000000,0.000000,0.000000,0.000000
0.000000,0.000000,0.000000,0.999815,0.000000,0.000000,0.018363,0.463648,0.000000,0.460513,0.000000,0.322147,0.013710,-0.867757,0.374759,0.247327,-0.126386,0.959579,-0.032726,0.500750,0.319335,-0.772542,0.208950,-0.322147,-0.013710,-0.867757,0.374759,-0.247327,0.126386,0.959579,-0.032726,-0.500750,-0.319335,-0.772542,0.208950,0.000000,0.000000,0.000000,1.000000,0.000000,0.000000,0.000000
0.000000,0.000000,0.000000,0.999792,0.000000,0.000000,0.019596,0.463648,0.000000,0.441333,0.000000,0.335331,0.021972,-0.857469,0.383762,0.258182,-0.126609,0.956250,-0.034107,0.516810,0.316592,-0.760014,0.215621,-0.335331,-0.021972,-0.857469,0.383762,-0.258182,0.126609,0.956250,-0.034107,-0.516810,-0.316592,-0.760014,0.215621,0.000000,0.000000,0.000000,1.000000,0.000000,0.000000,0.000000
0.000000,0.000000,0.000000,0.999702,0.000000,0.000000,0.022855,0.463648,0.000000,0.420752,0.000000,0.352877,0.035091,-0.844308,0.392000,0.274757,-0.123612,0.951002,-0.034957,0.536745,0.306310,-0.747605,0.216891,-0.352877,-0.035091,-0.844308,0.392000,-0.274757,0.123612,0.951002,-0.034957,-0.536745,-0.306310,-0.747605,0.216891,0.000000,0.000000,0.000000,1.000000,0.000000,0.000000,0.000000
0.000000,0.000000,0.000000,0.999595,0.000000,0.000000,0.026205,0.463648,0.000000,0.392425,0.000000,0.372100,0.052947,-0.830020,0.398933,0.295568,-0.120075,0.943690,-0.036191,0.560550,0.293895,-0.731630,0.219031,-0.372100,-0.052947,-0.830020,0.398933,-0.295568,0.120075,0.943690,-0.036191,-0.560550,-0.293895,-0.731630,0.219031,0.000000,0.000000,0.000000,1.000000,0.000000,0.000000,0.000000
0.000000,0.000000,0.000000,0.999466,0.000000,0.000000,0.030012,0.463648,0.000000,0.368809,0.000000,0.395234,0.072351,-0.812230,0.406572,0.322713,-0.112737,0.933654,-0.036316,0.590918,0.272336,-0.712293,0.214046,-0.395234,-0.072351,-0.812230,0.406572,-0.322713,0.112737,0.933654,-0.036316,-0.590918,-0.272336,-0.712293,0.214046,0.000000,0.000000,0.000000,1.000000,0.000000,0.000000,0.000000
0.000000,0.000000,0.000000,0.999275,0.000000,0.000000,0.034748,0.463648,0.000000,0.345599,0.000000,0.419557,0.087877,-0.793253,0.412721,0.355901,-0.105006,0.919403,-0.035922,0.624778,0.250335,-0.686424,0.206687,-0.419557,-0.087877,-0.793253,0.412721,-0.355901,0.105006,0.919403,-0.035922,-0.624778,-0.250335,-0.686424,0.206687,0.000000,0.000000,0.000000,1.000000,0.000000,0.000000,0.000000
0.000000,0.000000,0.000000,0.999028,0.000000,0.000000,0.040020,0.463648,0.000000,0.318184,0.000000,0.446689,0.106154,-0.770170,0.418926,0.395758,-0.094836,0.899764,-0.033968,0.662695,0.223362,-0.654667,0.192269,-0.446689,-0.106154,-0.770170,0.418926,-0.395758,0.094836,0.899764,-0.033968,-0.662695,-0.223362,-0.654667,0.192269,0.000000,0.000000,0.000000,1.000000,0.000000,0.000000,0.000000
0.000000,0.000000,0.000000,0.998711,0.000000,0.000000,0.045813,0.463648,0.000000,0.295840,0.000000,0.473915,0.131765,-0.743802,0.427473,0.442992,-0.079997,0.873516,-0.029999,0.709037,0.185996,-0.611252,0.167846,-0.473915,-0.131765,-0.743802,0.427473,-0.442992,0.079997,0.873516,-0.029999,-0.709037,-0.185996,-0.611252,0.167846,0.000000,0.000000,0.000000,1.000000,0.000000,0.000000,0.000000
0.000000,0.000000,0.000000,0.998296,0.000000,0.000000,0.053461,0.463648,0.000000,0.274653,0.000000,0.500904,0.157621,-0.718043,0.433241,0.493988,-0.062553,0.843180,-0.024581,0.754395,0.144184,-0.570884,0.135749,-0.500904,-0.157621,-0.718043,0.433241,-0.493988,0.062553,0.843180,-0.024581,-0.754395,-0.144184,-0.570884,0.135749,0.000000,0.000000,0.000000,1.000000,0.000000,0.000000,0.000000
0.000000,0.000000,0.000000,0.997935,0.000000,0.000000,0.060155,0.463648,0.000000,0.259839,0.000000,0.531844,0.178326,-0.692211,0.433884,0.545894,-0.048463,0.809908,-0.021680,0.796277,0.109231,-0.529408,0.113223,-0.531844,-0.178326,-0.692211,0.433884,-0.545894,0.048463,0.809908,-0.021680,-0.796277,-0.109231,-0.529408,0.113223,0.000000,0.000000,0.000000,1.000000,0.000000,0.000000,0.000000
0.000000,0.000000,0.000000,0.997548,0.000000,0.000000,0.066385,0.463648,0.000000,0.246156,0.000000,0.556604,0.196129,-0.665592,0.440706,0.597198,-0.036439,0.772923,-0.017470,0.831671,0.081018,-0.488183,0.088467,-0.556604,-0.196129,-0.665592,0.440706,-0.597198,0.036439,0.772923,-0.017470,-0.831671,-0.081018,-0.488183,0.088467,0.000000,0.000000,0.000000,1.000000,0.000000,0.000000,0.000000
0.000000,0.000000,0.000000,0.997158,0.000000,0.000000,0.073058,0.463648,0.000000,0.225854,0.000000,0.577399,0.212918,-0.643167,0.443557,0.646008,-0.025289,0.735663,-0.012850,0.863818,0.055607,-0.447259,0.063323,-0.577399,-0.212918,-0.643167,0.443557,-0.646008,0.025289,0.735663,-0.012850,-0.863818,-0.055607,-0.447259,0.063323,0.000000,0.000000,0.000000,1.000000,0.000000,0.000000,0.000000
0.000000,0.000000,0.000000,0.996832,0.000000,0.000000,0.077841,0.463648,0.000000,0.210905,0.000000,0.593520,0.225361,-0.623889,0.446730,0.689156,-0.016760,0.700377,-0.008623,0.891853,0.036329,-0.407051,0.042509,-0.593520,-0.225361,-0.623889,0.446730,-0.689156,0.016760,0.700377,-0.008623,-0.891853,-0.036329,-0.407051,0.042509,0.000000,0.000000,0.000000,1.000000,0.000000,0.000000,0.000000
0.000000,0.000000,0.000000,0.996529,0.000000,0.000000,0.082156,0.463648,0.000000,0.206971,0.000000,0.607716,0.233681,-0.605538,0.451931,0.727434,-0.007963,0.667412,-0.003733,0.916142,0.017176,-0.371372,0.019474,-0.607716,-0.233681,-0.605538,0.451931,-0.727434,0.007963,0.667412,-0.003733,-0.916142,-0.017176,-0.371372,0.019474,0.000000,0.000000,0.000000,1.000000,0.000000,0.000000,0.000000
0.000000,0.000000,0.000000,0.996247,0.000000,0.000000,0.086037,0.463648,0.000000,0.198191,0.000000,0.618171,0.241032,-0.591045,0.455392,0.760362,-0.002031,0.637057,0.000143,0.933957,0.005032,-0.340217,0.002044,-0.618171,-0.241032,-0.591045,0.455392,-0.760362,0.002031,0.637057,0.000143,-0.933957,-0.005032,-0.340217,0.002044,0.000000,0.000000,0.000000,1.000000,0.000000,0.000000,0.000000
0.000000,0.000000,0.000000,0.996029,0.000000,0.000000,0.088835,0.463648,0.000000,0.191271,0.000000,0.625086,0.248421,-0.579002,0.459348,0.786437,0.001819,0.610894,0.003196,0.946787,-0.002417,-0.314321,-0.010711,-0.625086,-0.248421,-0.579002,0.459348,-0.786437,-0.001819,0.610894,0.003196,-0.946787,0.002417,-0.314321,-0.010711,0.000000,0.000000,0.000000,1.000000,0.000000,0.000000,0.000000
