0.000000,0.000000,0.000000,0.995930,0.000000,0.000000,0.090002,0.463648,0.000000,0.581241,0.000000,0.433510,0.065645,-0.842311,0.312565,0.282143,-0.196678,0.937087,-0.059224,0.331218,0.530955,-0.742747,0.236830,-0.433510,-0.065645,-0.842311,0.312565,-0.282143,0.196678,0.937087,-0.059224,-0.331218,-0.530955,-0.742747,0.236830,0.000000,0.000000,0.000000,1.000000,0.000000,0.000000,0.000000
0.000000,0.000000,0.000000,0.996041,0.000000,0.000000,0.088737,0.463648,0.000000,0.574043,0.000000,0.436286,0.064753,-0.842434,0.308424,0.282953,-0.197178,0.936715,-0.059566,0.330621,0.532340,-0.741904,0.237287,-0.436286,-0.064753,-0.842434,0.308424,-0.282953,0.197178,0.936715,-0.059566,-0.330621,-0.532340,-0.741904,0.237287,0.000000,0.000000,0.000000,1.000000,0.000000,0.000000,0.000000
0.000000,0.000000,0.000000,0.996154,0.000000,0.000000,0.087451,0.463648,0.000000,0.558204,0.000000,0.439399,0.065001,-0.842860,0.302528,0.285447,-0.198457,0.935592,-0.060571,0.330429,0.535488,-0.738998,0.239517,-0.439399,-0.065001,-0.842860,0.302528,-0.285447,0.198457,0.935592,-0.060571,-0.330429,-0.535488,-0.738998,0.239517,0.000000,0.000000,0.000000,1.000000,0.000000,0.000000,0.000000
0.000000,0.000000,0.000000,0.996265,0.000000,0.000000,0.086179,0.463648,0.000000,0.546518,0.000000,0.443657,0.064636,-0.841949,0.298854,0.289405,-0.201092,0.933595,-0.062437,0.332683,0.540536,-0.731558,0.246400,-0.443657,-0.064636,-0.841949,0.298854,-0.289405,0.201092,0.933595,-0.062437,-0.332683,-0.540536,-0.731558,0.246400,0.000000,0.000000,0.000000,1.000000,0.000000,0.000000,0.000000
0.000000,0.000000,0.000000,0.996381,0.000000,0.000000,0.084863,0.463648,0.000000,0.534831,0.000000,0.449430,0.064459,-0.839825,0.296036,0.294679,-0.203610,0.931129,-0.064612,0.335801,0.545187,-0.723672,0.253990,-0.449430,-0.064459,-0.839825,0.296036,-0.294679,0.203610,0.931129,-0.064612,-0.335801,-0.545187,-0.723672,0.253990,0.000000,0.000000,0.000000,1.000000,0.000000,0.000000,0.000000
0.000000,0.000000,0.000000,0.996476,0.000000,0.000000,0.083793,0.463648,0.000000,0.526535,0.000000,0.458649,0.066805,-0.834416,0.295369,0.302819,-0.203518,0.928174,-0.066467,0.341365,0.544313,-0.719899,0.258736,-0.458649,-0.066805,-0.834416,0.295369,-0.302819,0.203518,0.928174,-0.066467,-0.341365,-0.544313,-0.719899,0.258736,0.000000,0.000000,0.000000,1.000000,0.000000,0.000000,0.000000
0.000000,0.000000,0.000000,0.996572,0.000000,0.000000,0.082708,0.463648,0.000000,0.520066,0.000000,0.467319,0.065889,-0.828422,0.297676,0.308450,-0.203754,0.926151,-0.067848,0.346976,0.543675,-0.715825,0.263762,-0.467319,-0.065889,-0.828422,0.297676,-0.308450,0.203754,0.926151,-0.067848,-0.346976,-0.543675,-0.715825,0.263762,0.000000,0.000000,0.000000,1.000000,0.000000,0.000000,0.000000
0.000000,0.000000,0.000000,0.996597,0.000000,0.000000,0.082407,0.463648,0.000000,0.524615,0.000000,0.479469,0.066170,-0.818346,0.304130,0.316682,-0.201457,0.923609,-0.068929,0.355945,0.536952,-0.714820,0.267031,-0.479469,-0.066170,-0.818346,0.304130,-0.316682,0.201457,0.923609,-0.068929,-0.355945,-0.536952,-0.714820,0.267031,0.000000,0.000000,0.000000,1.000000,0.000000,0.000000,0.000000
0.000000,0.000000,0.000000,0.996665,0.000000,0.000000,0.081577,0.463648,0.000000,0.519149,0.000000,0.497820,0.068923,-0.803723,0.309290,0.330941,-0.195121,0.919314,-0.069571,0.366931,0.521714,-0.719830,0.264801,-0.497820,-0.068923,-0.803723,0.309290,-0.330941,0.195121,0.919314,-0.069571,-0.366931,-0.521714,-0.719830,0.264801,0.000000,0.000000,0.000000,1.000000,0.000000,0.000000,0.000000
0.000000,0.000000,0.000000,0.996735,0.000000,0.000000,0.080709,0.463648,0.000000,0.504254,0.000000,0.519141,0.073204,-0.786604,0.313241,0.348415,-0.188517,0.913394,-0.070697,0.379180,0.506038,-0.724063,0.263147,-0.519141,-0.073204,-0.786604,0.313241,-0.348415,0.188517,0.913394,-0.070697,-0.379180,-0.506038,-0.724063,0.263147,0.000000,0.000000,0.000000,1.000000,0.000000,0.000000,0.000000
0.000000,0.000000,0.000000,0.996778,0.000000,0.000000,0.080170,0.463648,0.000000,0.492985,0.000000,0.543721,0.075968,-0.764612,0.319546,0.371374,-0.180400,0.904545,-0.071963,0.394452,0.486793,-0.728197,0.260701,-0.543721,-0.075968,-0.764612,0.319546,-0.371374,0.180400,0.904545,-0.071963,-0.394452,-0.486793,-0.728197,0.260701,0.000000,0.000000,0.000000,1.000000,0.000000,0.000000,0.000000
0.000000,0.000000,0.000000,0.996808,0.000000,0.000000,0.079794,0.463648,0.000000,0.475048,0.000000,0.569231,0.078224,-0.740429,0.326425,0.396418,-0.171801,0.894182,-0.073019,0.412133,0.465795,-0.730957,0.258258,-0.569231,-0.078224,-0.740429,0.326425,-0.396418,0.171801,0.894182,-0.073019,-0.412133,-0.465795,-0.730957,0.258258,0.000000,0.000000,0.000000,1.000000,0.000000,0.000000,0.000000
0.000000,0.000000,0.000000,0.996827,0.000000,0.000000,0.079553,0.463648,0.000000,0.464041,0.000000,0.596693,0.077739,-0.711982,0.337101,0.425332,-0.161668,0.880734,-0.073960,0.431161,0.441898,-0.735026,0.254204,-0.596693,-0.077739,-0.711982,0.337101,-0.425332,0.161668,0.880734,-0.073960,-0.431161,-0.441898,-0.735026,0.254204,0.000000,0.000000,0.000000,1.000000,0.000000,0.000000,0.000000
0.000000,0.000000,0.000000,0.996853,0.000000,0.000000,0.079223,0.463648,0.000000,0.450262,0.000000,0.625098,0.077089,-0.680059,0.348257,0.456957,-0.148360,0.865128,-0.073379,0.452838,0.410823,-0.742332,0.243928,-0.625098,-0.077089,-0.680059,0.348257,-0.456957,0.148360,0.865128,-0.073379,-0.452838,-0.410823,-0.742332,0.243928,0.000000,0.000000,0.000000,1.000000,0.000000,0.000000,0.000000
0.000000,0.000000,0.000000,0.996875,0.000000,0.000000,0.078947,0.463648,0.000000,0.432406,0.000000,0.654523,0.076939,-0.644522,0.359391,0.492426,-0.132467,0.845763,-0.070917,0.477588,0.372647,-0.750252,0.228136,-0.654523,-0.076939,-0.644522,0.359391,-0.492426,0.132467,0.845763,-0.070917,-0.477588,-0.372647,-0.750252,0.228136,0.000000,0.000000,0.000000,1.000000,0.000000,0.000000,0.000000
0.000000,0.000000,0.000000,0.996922,0.000000,0.000000,0.078369,0.463648,0.000000,0.408306,0.000000,0.681059,0.075429,-0.609096,0.370467,0.529412,-0.118118,0.822537,-0.068337,0.506541,0.336444,-0.749093,0.214511,-0.681059,-0.075429,-0.609096,0.370467,-0.529412,0.118118,0.822537,-0.068337,-0.506541,-0.336444,-0.749093,0.214511,0.000000,0.000000,0.000000,1.000000,0.000000,0.000000,0.000000
0.000000,0.000000,0.000000,0.996986,0.000000,0.000000,0.077562,0.463648,0.000000,0.385420,0.000000,0.709717,0.075044,-0.569703,0.380258,0.572821,-0.102752,0.793942,-0.066025,0.541961,0.297467,-0.741849,0.200540,-0.709717,-0.075044,-0.569703,0.380258,-0.572821,0.102752,0.793942,-0.066025,-0.541961,-0.297467,-0.741849,0.200540,0.000000,0.000000,0.000000,1.000000,0.000000,0.000000,0.000000
0.000000,0.000000,0.000000,0.997044,0.000000,0.000000,0.076824,0.463648,0.000000,0.357212,0.000000,0.735898,0.075258,-0.529195,0.390787,0.618281,-0.087790,0.759392,-0.063162,0.580541,0.258910,-0.727265,0.186002,-0.735898,-0.075258,-0.529195,0.390787,-0.618281,0.087790,0.759392,-0.063162,-0.580541,-0.258910,-0.727265,0.186002,0.000000,0.000000,0.000000,1.000000,0.000000,0.000000,0.000000
0.000000,0.000000,0.000000,0.997076,0.000000,0.000000,0.076402,0.463648,0.000000,0.336538,0.000000,0.757327,0.074054,-0.490440,0.402042,0.662327,-0.075827,0.720486,-0.060731,0.622805,0.225938,-0.699496,0.176512,-0.757327,-0.074054,-0.490440,0.402042,-0.662327,0.075827,0.720486,-0.060731,-0.622805,-0.225938,-0.699496,0.176512,0.000000,0.000000,0.000000,1.000000,0.000000,0.000000,0.000000
0.000000,0.000000,0.000000,0.997096,0.000000,0.000000,0.076127,0.463648,0.000000,0.326695,0.000000,0.775361,0.070230,-0.452031,0.416235,0.706565,-0.063337,0.676740,-0.056766,0.667837,0.190882,-0.665485,0.163408,-0.775361,-0.070230,-0.452031,0.416235,-0.706565,0.063337,0.676740,-0.056766,-0.667837,-0.190882,-0.665485,0.163408,0.000000,0.000000,0.000000,1.000000,0.000000,0.000000,0.000000
0.000000,0.000000,0.000000,0.997125,0.000000,0.000000,0.075744,0.463648,0.000000,0.308132,0.000000,0.788758,0.070107,-0.419678,0.428083,0.746711,-0.052735,0.632495,-0.053136,0.712104,0.159902,-0.624897,0.152836,-0.788758,-0.070107,-0.419678,0.428083,-0.746711,0.052735,0.632495,-0.053136,-0.712104,-0.159902,-0.624897,0.152836,0.000000,0.000000,0.000000,1.000000,0.000000,0.000000,0.000000
0.000000,0.000000,0.000000,0.997210,0.000000,0.000000,0.074556,0.463648,0.000000,0.293150,0.000000,0.801245,0.070815,-0.389633,0.437153,0.785885,-0.043106,0.585425,-0.049435,0.755857,0.131317,-0.578918,0.142281,-0.801245,-0.070815,-0.389633,0.437153,-0.785885,0.043106,0.585425,-0.049435,-0.755857,-0.131317,-0.578918,0.142281,0.000000,0.000000,0.000000,1.000000,0.000000,0.000000,0.000000
0.000000,0.000000,0.000000,0.997351,0.000000,0.000000,0.072499,0.463648,0.000000,0.284355,0.000000,0.812170,0.072610,-0.362232,0.443767,0.820778,-0.033748,0.538816,-0.044203,0.799283,0.102557,-0.530131,0.128555,-0.812170,-0.072610,-0.362232,0.443767,-0.820778,0.033748,0.538816,-0.044203,-0.799283,-0.102557,-0.530131,0.128555,0.000000,0.000000,0.000000,1.000000,0.000000,0.000000,0.000000
0.000000,0.000000,0.000000,0.997535,0.000000,0.000000,0.069603,0.463648,0.000000,0.274857,0.000000,0.821959,0.075289,-0.339264,0.446037,0.852195,-0.026317,0.493094,-0.040148,0.837776,0.079417,-0.481586,0.117936,-0.821959,-0.075289,-0.339264,0.446037,-0.852195,0.026317,0.493094,-0.040148,-0.837776,-0.079417,-0.481586,0.117936,0.000000,0.000000,0.000000,1.000000,0.000000,0.000000,0.000000
0.000000,0.000000,0.000000,0.997759,0.000000,0.000000,0.065795,0.463648,0.000000,0.275314,0.000000,0.829570,0.075119,-0.319688,0.448067,0.879023,-0.021583,0.449736,-0.037864,0.872448,0.063866,-0.432246,0.112680,-0.829570,-0.075119,-0.319688,0.448067,-0.879023,0.021583,0.449736,-0.037864,-0.872448,-0.063866,-0.432246,0.112680,0.000000,0.000000,0.000000,1.000000,0.000000,0.000000,0.000000
0.000000,0.000000,0.000000,0.997994,0.000000,0.000000,0.061667,0.463648,0.000000,0.278153,0.000000,0.835504,0.075243,-0.304707,0.449053,0.901256,-0.017449,0.411567,-0.034414,0.900783,0.050565,-0.388132,0.103280,-0.835504,-0.075243,-0.304707,0.449053,-0.901256,0.017449,0.411567,-0.034414,-0.900783,-0.050565,-0.388132,0.103280,0.000000,0.000000,0.000000,1.000000,0.000000,0.000000,0.000000
0.000000,0.000000,0.000000,0.998210,0.000000,0.000000,0.057784,0.463648,0.000000,0.277963,0.000000,0.839867,0.077505,-0.294277,0.448350,0.919576,-0.014005,0.377835,-0.031171,0.922603,0.039803,-0.350405,0.093947,-0.839867,-0.077505,-0.294277,0.448350,-0.919576,0.014005,0.377835,-0.031171,-0.922603,-0.039803,-0.350405,0.093947,0.000000,0.000000,0.000000,1.000000,0.000000,0.000000,0.000000
0.000000,0.000000,0.000000,0.998426,0.000000,0.000000,0.053901,0.463648,0.000000,0.285169,0.000000,0.842711,0.078906,-0.287505,0.447546,0.932630,-0.011424,0.351065,-0.028233,0.938756,0.031635,-0.319245,0.085446,-0.842711,-0.078906,-0.287505,0.447546,-0.932630,0.011424,0.351065,-0.028233,-0.938756,-0.031635,-0.319245,0.085446,0.000000,0.000000,0.000000,1.000000,0.000000,0.000000,0.000000
0.000000,0.000000,0.000000,0.998624,0.000000,0.000000,0.050261,0.463648,0.000000,0.290953,0.000000,0.844655,0.080680,-0.283493,0.446296,0.941885,-0.009298,0.330284,-0.025312,0.949494,0.025200,-0.296265,0.076733,-0.844655,-0.080680,-0.283493,0.446296,-0.941885,0.009298,0.330284,-0.025312,-0.949494,-0.025200,-0.296265,0.076733,0.000000,0.000000,0.000000,1.000000,0.000000,0.000000,0.000000
0.000000,0.000000,0.000000,0.998832,0.000000,0.000000,0.046488,0.463648,0.000000,0.295257,0.000000,0.846550,0.083276,-0.281838,0.443464,0.947613,-0.008118,0.315969,-0.023460,0.956053,0.021634,-0.280060,0.071184,-0.846550,-0.083276,-0.281838,0.443464,-0.947613,0.008118,0.315969,-0.023460,-0.956053,-0.021634,-0.280060,0.071184,0.000000,0.000000,0.000000,1.000000,0.000000,0.000000,0.000000
