53.056525	-1.398155	-0.913609	45.75474	2.435619	2.201043	61.2513	-0.775306	6.182054	50.528259	10.038795	7.63511	53.268859	12.039178	11.677495	62.596446	23.973479	12.40485	62.391061	5.939884	14.441113	73.821115	23.326488	13.233458	73.19089	5.279492	13.15849	81.053103	12.112834	16.279321	72.194508	13.155106	13.907808	62.413189	14.72674	14.911288
52.981932	-1.408832	-1.011412	45.761348	2.312597	2.145227	61.310333	-0.758513	6.260901	50.440648	9.987919	7.631547	53.314201	11.924066	11.620777	62.645866	24.07976	12.315877	62.397456	5.863683	14.38882	73.764334	23.189306	13.132598	73.181452	5.15409	13.153604	81.111958	12.240099	16.350331	72.155808	13.070587	13.866558	62.382829	14.71421	14.943405
52.985181	-1.408571	-1.009738	45.760085	2.312527	2.145135	61.310333	-0.758513	6.260901	50.440665	9.990431	7.631291	53.314248	11.924381	11.622754	62.645183	24.08035	12.319304	62.396151	5.863285	14.386789	73.765955	23.189718	13.135895	73.181472	5.154448	13.155577	81.111041	12.240448	16.352411	72.155808	13.070587	13.866558	62.774355	14.676216	14.626858
52.985159	-1.406361	-1.011943	45.762272	2.314707	2.14284	61.310333	-0.758513	6.260901	50.440665	9.990431	7.631291	53.31642	11.924047	11.620696	62.64713	24.076055	12.307581	62.39839	5.863622	14.388685	73.766548	23.188781	13.129153	73.180515	5.154128	13.153706	81.112884	12.240077	16.350251	72.157063	13.070296	13.864599	62.827245	14.668674	14.568728
52.979785	-1.403297	-1.009981	45.75815	2.312716	2.145495	61.310333	-0.758513	6.260901	50.440665	9.990431	7.631291	53.313909	11.924247	11.622515	62.646036	24.077557	12.317768	62.396116	5.862932	14.384817	73.764894	23.187617	13.137873	73.180483	5.152008	13.155914	81.111031	12.240121	16.350411	72.154502	13.068408	13.868747	62.833584	14.668272	14.565028
52.98516	-1.411145	-1.009451	45.760076	2.309975	2.145412	61.31159	-0.758467	6.26096	50.440665	9.990431	7.631291	53.316374	11.923732	11.618719	62.647991	24.079242	12.312436	62.398355	5.863269	14.386713	73.765532	23.189217	13.132522	73.180515	5.154128	13.153706	81.111968	12.240427	16.352331	72.157063	13.070296	13.864599	62.82721	14.668366	14.566732
52.982673	-1.408687	-1.009887	45.759118	2.312622	2.145315	61.310298	-0.758887	6.258963	50.440617	9.990112	7.629327	53.31642	11.924047	11.620696	62.646793	24.07934	12.31249	62.397457	5.865802	14.386614	73.766196	23.189873	13.135974	73.180535	5.154486	13.155679	81.110629	12.237961	16.352538	72.157085	13.070615	13.866594	62.829739	14.668143	14.564853
52.982714	-1.403539	-1.01046	45.759118	2.312622	2.145315	61.310298	-0.758887	6.258963	50.441616	9.990349	7.631124	53.315141	11.92399	11.620617	62.645521	24.077065	12.314395	62.397386	5.862977	14.384876	73.764471	23.187116	13.134501	73.180483	5.152008	13.155914	81.111041	12.240448	16.352411	72.155779	13.068436	13.868783	62.764342	14.66564	14.559883
52.98295	-1.408548	-1.009653	45.760095	2.315079	2.144858	61.310333	-0.758513	6.260901	50.441616	9.990349	7.631124	53.317314	11.923656	11.618559	62.645417	24.07566	12.304263	62.399625	5.863314	14.386772	73.765063	23.186179	13.127759	73.180186	5.154062	13.153572	81.112831	12.237952	16.352473	72.157997	13.070257	13.864493	62.764376	14.665948	14.561879
52.981717	-1.406032	-1.010014	45.75815	2.312716	2.145495	61.310298	-0.758887	6.258963	50.439391	9.990369	7.631207	53.314248	11.924381	11.622754	62.644323	24.077163	12.31445	62.396081	5.86258	14.382845	73.765668	23.187026	13.134424	73.180483	5.152008	13.155914	81.109766	12.240435	16.352396	72.154502	13.068408	13.868747	62.764308	14.665332	14.557887
52.983927	-1.408629	-1.009813	45.76039	2.315243	2.14513	61.310298	-0.758887	6.258963	50.441568	9.99003	7.62916	53.316374	11.923732	11.618719	62.646447	24.076645	12.311008	62.399626	5.865433	14.384566	73.766261	23.18609	13.127683	73.179249	5.154101	13.153674	81.111555	12.237939	16.352458	72.158362	13.070642	13.86663	62.765274	14.665582	14.559751
52.982036	-1.400746	-1.010352	45.75917	2.312969	2.147244	61.310298	-0.758887	6.258963	50.440617	9.990112	7.629327	53.315141	11.92399	11.620617	62.64713	24.076055	12.307581	62.397015	5.862519	14.382711	73.766684	23.186591	13.131056	73.179249	5.154101	13.153674	81.110692	12.240413	16.352316	72.155808	13.070587	13.866558	62.763026	14.665289	14.557829
52.981738	-1.403459	-1.0103	45.75815	2.312716	2.145495	61.58629	-0.640575	6.207864	50.440665	9.990431	7.631291	53.315163	11.926475	11.620375	62.645249	24.076743	12.311063	62.396081	5.86258	14.382845	73.764471	23.187116	13.134501	73.18142	5.151969	13.155812	81.109766	12.240435	16.352396	72.155779	13.068436	13.868783	62.764308	14.665332	14.557887
52.983885	-1.413776	-1.00924	45.760095	2.315079	2.144858	61.58629	-0.640575	6.207864	50.441568	9.99003	7.62916	53.317699	11.924105	11.620776	62.648056	24.075635	12.304194	62.398356	5.865388	14.384508	73.765773	23.189372	13.132602	73.179249	5.154101	13.153674	81.111555	12.237939	16.352458	72.157063	13.070296	13.864599	62.765274	14.665582	14.559751
52.983927	-1.408629	-1.009813	45.759108	2.31007	2.145592	61.612997	-0.524792	6.190245	50.441585	9.992542	7.628905	53.315163	11.926475	11.620375	62.645249	24.076743	12.311063	62.398285	5.862564	14.382769	73.764471	23.187116	13.134501	73.18142	5.151969	13.155812	81.110125	12.240798	16.354491	72.154524	13.068727	13.870742	62.764308	14.665332	14.557887
52.985396	-1.41137	-1.011136	45.759127	2.315174	2.145038	61.61303	-0.52442	6.192185	50.441634	9.992861	7.630868	53.317674	11.926276	11.618556	62.64713	24.076055	12.307581	62.398356	5.865388	14.384508	73.766684	23.186591	13.131056	73.180535	5.154486	13.155679	81.110702	12.240741	16.354316	72.157085	13.070615	13.866594	62.764342	14.66564	14.559883
52.98295	-1.408548	-1.009653	45.757907	2.3129	2.147153	61.61303	-0.52442	6.192185	50.442842	9.990092	7.629245	53.317382	11.926457	11.620294	62.645932	24.076153	12.307636	62.397422	5.865449	14.384642	73.765486	23.18668	13.131132	73.179289	5.154817	13.157618	81.110712	12.241068	16.356315	72.155851	13.071224	13.870547	62.764308	14.665332	14.557887
52.982992	-1.403401	-1.010226	45.75694	2.312994	2.147332	61.61303	-0.52442	6.192185	50.44194	9.990493	7.631375	53.316442	11.926533	11.620454	62.646793	24.07934	12.31249	62.396152	5.865404	14.384584	73.764757	23.189807	13.135971	73.18146	5.152685	13.159757	81.109859	12.24387	16.358173	72.154596	13.071514	13.872505	62.764344	14.667796	14.557657
52.982993	-1.408184	-1.007735	45.761461	2.315843	2.148809	61.614287	-0.524373	6.192242	50.442891	9.990411	7.631208	53.318546	11.923398	11.61666	62.648158	24.07816	12.305636	62.399697	5.868257	14.386305	73.765108	23.188716	13.12915	73.180298	5.157615	13.159254	81.112923	12.241387	16.358249	72.157179	13.073721	13.870352	62.764413	14.668413	14.561649
52.983969	-1.408265	-1.007894	45.759465	2.313133	2.147516	61.613028	-0.526574	6.194385	50.441891	9.990174	7.629412	53.316442	11.926533	11.620454	62.645351	24.079267	12.312505	62.396152	5.865404	14.384584	73.764757	23.189807	13.135971	73.181572	5.156237	13.165439	81.10773	12.246659	16.360015	72.152501	13.07495	13.878327	62.764378	14.668105	14.559653
52.98327	-1.408046	-1.0075	45.75917	2.312969	2.147244	61.614251	-0.529055	6.194703	50.442891	9.990411	7.631208	53.318614	11.926199	11.618396	62.646547	24.08029	12.30376	62.397528	5.868626	14.388353	73.76462	23.191998	13.134069	73.18043	5.161525	13.166908	81.110868	12.246956	16.361869	72.15474	13.07709	13.876032	62.763201	14.671142	14.563356
52.984142	-1.416212	-1.00872	45.758193	2.310512	2.147701	61.613292	-0.531146	6.197037	50.442891	9.990411	7.631208	53.31736	11.923971	11.620536	62.645864	24.08088	12.307187	62.398532	5.869271	14.392162	73.766952	23.195601	13.142207	73.181776	5.162985	13.174831	81.111015	12.252517	16.365423	72.153477	13.075548	13.88221	62.763234	14.669294	14.567578
52.982972	-1.410758	-1.007448	45.756197	2.307801	2.146408	61.612264	-0.538292	6.199892	50.443197	9.988043	7.631715	53.31642	11.924047	11.620696	62.648608	24.082259	12.31725	62.400101	5.864831	14.394853	73.765891	23.193501	13.144186	73.184047	5.162642	13.186831	81.113319	12.256271	16.373134	72.152359	13.079581	13.891915	62.76455	14.669645	14.569633
52.982337	-1.412384	-1.002931	45.758722	2.30794	2.146592	61.612125	-0.550555	6.203135	50.444406	9.985273	7.630092	53.320789	11.921209	11.6188	62.652849	24.075245	12.303975	62.405655	5.866855	14.406398	73.771588	23.193953	13.147413	73.187603	5.162685	13.200838	81.118295	12.255709	16.385049	72.158164	13.081177	13.901783	62.767865	14.668957	14.581632
52.978264	-1.423084	-1.004985	45.756768	2.303025	2.147506	61.610856	-0.575391	6.207815	50.450341	9.982288	7.626591	53.326146	11.918608	11.618721	62.663749	24.069619	12.31617	62.410698	5.862444	14.40907	73.778543	23.188838	13.16309	73.195983	5.1628	13.228883	81.129158	12.258219	16.415211	72.161488	13.080327	13.927997	62.773255	14.667022	14.585573
52.978775	-1.4369	-1.007785	45.754425	2.299803	2.144011	61.608295	-0.602801	6.212699	50.460762	9.984287	7.622413	53.340552	11.917293	11.610407	62.679236	24.059673	12.316571	62.420095	5.860719	14.427173	73.793227	23.183304	13.175258	73.215687	5.167749	13.282732	81.157068	12.2604	16.473467	72.175258	13.08104	13.947894	62.781574	14.661835	14.601552
52.978671	-1.449769	-1.006354	45.751451	2.294635	2.143176	61.414183	-1.066705	6.286389	50.477166	9.983619	7.616697	53.360699	11.913826	11.604231	62.699116	24.045218	12.317378	62.431451	5.856508	14.431396	73.809336	23.170767	13.189765	73.231301	5.165843	13.313047	81.193841	12.260224	16.532051	72.208718	13.088298	14.022419	62.791898	14.652628	14.607708
52.974495	-1.473338	-1.006976	45.747258	2.287193	2.144455	61.414217	-1.066329	6.288327	50.503947	9.989428	7.617033	53.404382	11.910459	11.610952	62.728034	24.021118	12.322075	62.44434	5.847504	14.436337	73.828915	23.152139	13.21328	73.245392	5.154688	13.33417	81.241333	12.245085	16.559558	72.225378	13.07662	14.043294	62.807439	14.63779	14.610052
52.971163	-1.483894	-1.007505	45.745062	2.282461	2.147027	61.497352	-1.071883	6.276515	50.571516	10.003156	7.658578	53.47018	11.906185	11.624553	62.772481	23.98443	12.306949	62.463063	5.832946	14.439157	73.856516	23.122399	13.227416	73.261936	5.142154	13.347467	81.269516	12.210318	16.575495	72.252756	13.063784	14.056228	62.828844	14.615623	14.614481
52.968683	-1.509973	-1.006476	45.741858	2.276206	2.152982	61.491359	-1.51095	6.321816	50.598629	10.002023	7.634517	53.524399	11.873799	11.605646	62.894862	23.865404	12.282381	62.479494	5.810036	14.422993	73.893707	23.083426	13.376031	73.324366	5.112821	13.375408	81.317211	12.15099	16.594165	72.314211	13.042153	14.089092	62.886899	14.597214	14.588579
52.971342	-1.538891	-1.005724	45.746508	2.272442	2.161078	61.492648	-1.510526	6.32381	50.635484	10.00437	7.617304	53.560896	11.862446	11.581672	62.939595	23.827916	12.279287	62.560795	5.786549	14.423355	73.985413	22.971381	13.349925	73.342189	5.075763	13.378773	81.341611	12.015515	16.617548	72.349509	12.997584	14.09347	62.916021	14.55754	14.591173
52.98297	-1.614586	-1.000786	45.750108	2.269358	2.170351	61.502715	-1.553925	6.326707	50.749514	9.944083	7.645376	53.64556	11.856629	11.614253	63.000303	23.778598	12.294083	63.038474	5.905182	14.333728	74.122154	22.951826	13.392234	73.387425	4.930757	13.387365	81.382111	11.839813	16.652705	72.414712	12.82907	14.11005	62.95481	14.398147	14.592065
52.979535	-1.642793	-0.997393	45.754762	2.261771	2.183857	61.492615	-1.510904	6.321873	50.802881	9.954407	7.638178	53.707956	11.832576	11.60366	63.141108	23.739845	12.436951	62.894892	6.35516	14.308119	74.327512	22.913441	13.438042	73.470593	4.753271	13.398844	81.509331	11.794927	16.724142	72.508166	12.630394	14.127604	63.036997	14.215872	14.601997
52.980241	-1.671551	-0.996321	45.755552	2.260938	2.192397	61.492514	-1.512037	6.316064	50.848114	9.962749	7.623417	53.821828	11.753474	11.603664	63.308062	23.599454	12.396318	62.921472	6.355053	14.303391	74.440526	22.738552	13.510297	73.620651	4.671133	13.431736	81.658643	11.719355	16.776291	72.654657	12.454561	14.171451	63.164943	13.617227	14.653967
52.982629	-1.724364	-0.996827	45.765273	2.255551	2.217578	61.491057	-1.514349	6.304386	50.948077	9.976414	7.662809	53.919983	11.640402	11.617908	63.436875	23.509136	12.435001	63.03597	6.282157	14.295584	74.561796	22.548737	13.614674	73.795342	4.487442	13.487588	81.771313	11.547346	16.789184	72.782259	12.398085	14.248041	63.29965	13.376533	14.671516
52.985397	-1.777904	-0.999878	45.769035	2.268473	2.229051	61.490922	-1.51586	6.29664	51.070897	9.870476	7.664102	54.080426	11.451763	11.655046	63.574313	23.344361	12.538218	63.178307	6.177926	14.296312	74.667678	22.350023	13.574998	73.934278	4.370726	13.571359	81.871931	11.361796	16.822662	72.906331	12.356773	14.30946	63.445379	13.275751	14.671999
52.986775	-1.887623	-0.994551	45.774904	2.260623	2.258752	61.490754	-1.517749	6.286957	51.215151	9.647884	7.677554	54.194384	11.269614	11.645556	63.718558	23.186471	12.658781	63.333244	6.016515	14.292726	74.731028	22.261517	13.609018	74.039799	4.295683	13.609169	81.93687	11.185933	16.841972	72.992702	12.294072	14.335362	63.567528	13.211817	14.655989
52.987508	-1.932786	-0.997277	45.767716	2.26615	2.302385	61.491843	-1.519591	6.277332	51.337702	9.412832	7.665404	54.310569	11.228275	11.663496	63.863561	23.125336	12.720344	63.426823	5.821273	14.280212	74.883821	22.233492	13.82	74.101148	4.232848	13.622081	82.099372	11.114416	16.91766	73.088259	12.110693	14.376478	63.613051	13.160917	14.637703
52.989532	-1.981844	-0.990865	45.775963	2.263129	2.314344	61.48527	-1.922475	6.479391	51.492818	9.199186	7.694888	54.401287	11.191222	11.649739	64.003064	23.032909	12.743339	63.502309	5.631949	14.272135	75.016339	22.081943	13.94858	74.199833	4.125592	13.631943	82.278852	11.060706	17.02541	73.181298	11.90584	14.39961	63.805541	12.523539	14.63911
52.995231	-2.02668	-0.990553	45.782866	2.260623	2.327209	61.532225	-1.904462	6.564823	51.559065	9.029242	7.687807	54.534529	11.147404	11.661382	64.15184	22.884973	12.87418	63.542195	5.486746	14.236751	75.132699	21.920288	13.948084	74.373761	3.944769	13.689218	82.345489	10.877206	17.056696	73.29558	11.69959	14.444557	63.210019	12.225541	15.063098
52.988159	-2.108695	-0.994371	45.790126	2.252595	2.339902	61.617891	-1.909169	6.556964	51.654544	9.039426	7.704203	54.644696	11.122492	11.670402	64.284664	22.714305	12.971289	63.586114	5.386192	14.250834	75.190026	21.84036	13.971532	74.556517	3.771938	13.774405	82.446628	10.708554	17.130882	73.471308	11.538477	14.545258	63.644088	12.116415	15.085908
52.998632	-2.147827	-0.98991	45.802679	2.24466	2.351305	61.574275	-1.861545	6.806338	51.701803	9.041711	7.683983	54.75357	11.054007	11.660407	64.408458	22.55219	12.951809	63.694344	5.326449	14.256895	75.314118	21.763547	13.985493	74.666973	3.649075	13.853738	82.560112	10.666624	17.235819	73.60026	11.467406	14.597703	63.663439	12.038819	15.090276
52.986111	-2.16846	-0.990009	45.837863	2.243	2.348366	62.170853	-2.14267	6.486641	51.437358	8.965711	7.339614	54.845576	10.922489	11.686273	64.52488	22.486783	12.962427	63.807894	5.277395	14.294048	75.431019	21.594824	14.076784	74.715824	3.599343	13.896012	82.6933	10.634059	17.277342	73.729907	11.431459	14.693188	64.467171	12.015362	15.12641
52.994234	-2.23304	-0.983421	45.840126	2.238221	2.35076	62.282752	-2.380815	6.494233	51.513018	8.886071	7.259585	54.917008	10.899923	11.685228	64.652356	22.451066	12.979473	63.915646	5.231059	14.348156	75.531765	21.411901	14.01196	74.755012	3.565469	13.956587	82.820993	10.613919	17.419719	73.784767	11.40833	14.764756	64.550514	11.980654	15.1659
52.990502	-2.254402	-0.984953	45.849278	2.240792	2.362984	62.170853	-2.14267	6.486641	51.590781	8.811378	7.247468	54.985604	10.847803	11.6711	64.76267	22.417496	13.029333	63.992565	5.083253	14.373182	75.711466	21.386502	14.056118	74.798076	3.544193	14.044005	82.862626	10.563503	17.473712	73.815535	11.372094	14.817841	64.637048	11.938108	15.203492
53.007001	-0.513373	-1.174883	45.851345	2.248951	2.365654	62.076124	-2.117075	6.602415	51.618851	8.647056	7.263558	55.022926	10.824056	11.651307	64.851483	22.382449	13.203839	64.061786	4.94044	14.414564	75.855578	21.381567	14.130984	74.944648	3.482283	14.155936	82.912809	10.458962	17.589088	73.885778	11.236852	14.935039	64.701224	11.783351	15.292631
52.97492	-0.379786	-1.185711	45.859353	2.264248	2.363823	62.084641	-2.356668	6.521035	51.644735	8.540707	7.256808	55.097982	10.816317	11.676211	64.969649	22.255125	13.30955	64.085827	4.897295	14.453892	75.994797	21.390007	14.306315	75.10321	3.339308	14.292391	83.002942	10.435028	17.682532	73.960196	11.09329	15.046776	64.800246	11.632865	15.372769
52.977279	-0.383521	-1.177539	45.866185	2.275071	2.366312	62.114203	-2.382394	6.519234	51.927202	8.632099	7.503259	55.184191	10.765456	11.682709	65.089798	22.208145	13.322526	64.09751	4.869273	14.493922	76.060334	21.367361	14.506389	75.141895	3.218917	14.41475	83.086399	10.390521	17.842074	74.05645	11.054257	15.176566	64.884139	11.600572	15.388332
52.972867	-0.416444	-1.171491	45.873519	2.297641	2.365699	62.113773	-2.41271	6.522359	52.011834	8.760305	7.55352	55.222867	10.670934	11.680647	65.16736	22.170671	13.346645	64.126256	4.85039	14.56792	76.097561	21.283106	14.534166	75.156154	3.178993	14.496433	83.132416	10.248307	17.924429	74.13053	11.037013	15.263661	64.942251	11.576937	15.407611
52.968934	-0.409316	-1.162055	45.890842	2.326101	2.364336	62.101885	-2.416614	6.634727	52.02682	8.941495	7.487724	55.260743	10.67665	11.673172	65.269588	22.135527	13.371001	64.141519	4.827357	14.606161	76.119274	21.136774	14.544082	75.17246	3.143188	14.58604	83.198161	10.09452	18.097456	74.164821	11.021467	15.394305	64.989904	11.563635	15.47975
52.96615	-0.395845	-1.161088	45.898473	2.348835	2.363998	62.092255	-2.415011	6.748529	52.02543	9.1232	7.398368	55.337179	10.667765	11.673861	65.386394	22.034151	13.349516	64.143531	4.806884	14.647213	76.155722	20.975619	14.663371	75.189203	3.109692	14.687592	83.259391	9.95142	18.203932	74.185547	10.993216	15.45042	65.023414	11.552937	15.552219
52.957774	-0.381309	-1.154262	45.914106	2.37191	2.365418	62.094066	-2.424646	6.777429	52.158288	9.661798	7.264916	55.3727	10.674801	11.673014	65.683029	22.136424	14.192993	64.155643	4.772358	14.678211	76.199498	20.839888	14.802485	75.209024	3.051874	14.766955	83.289449	9.884345	18.318521	74.227467	10.937381	15.549593	65.035723	11.528528	15.573198
52.956964	-0.365425	-1.1539	45.936705	2.389972	2.3674	62.095778	-2.433285	6.798328	52.557047	10.063793	8.949314	55.423506	10.684629	11.686664	65.874321	22.153579	14.558352	64.167012	4.661779	14.707319	76.250724	20.768792	14.846502	75.25554	2.943352	14.882817	83.308272	9.835862	18.368403	74.351205	10.792965	15.671947	65.043764	11.498018	15.586988
52.959986	-0.360803	-1.144196	45.957848	2.399915	2.370786	62.099636	-2.440567	6.813083	52.788536	9.895678	7.926247	55.468596	10.682875	11.692855	65.935669	22.120662	14.662737	64.217226	4.646838	14.771898	76.364964	20.749784	14.895902	75.330737	2.813713	14.978418	83.366464	9.789647	18.502679	74.438441	10.622609	15.792721	64.950758	11.434471	15.460567
52.955989	-0.347032	-1.141381	45.998888	2.381877	2.380954	62.102133	-2.453325	6.826364	52.795082	9.904963	7.962005	55.460628	10.64797	11.608648	65.957549	21.988173	14.679777	64.298278	4.626039	14.826758	76.560013	20.737738	14.965461	75.46529	2.752718	15.105199	83.454652	9.642512	18.582301	74.452234	10.453953	15.859593	64.964259	11.387551	16.08832
52.957433	-0.338176	-1.136402	46.012736	2.398231	2.374853	62.104669	-2.461417	6.837192	52.798757	9.783335	7.954831	55.652704	10.687338	11.848469	65.999697	21.957848	14.71787	64.378445	4.601794	14.890084	76.768439	20.741574	15.154586	75.474519	2.716796	15.166803	83.4916	9.499791	18.73033	74.466232	10.350552	15.912853	64.956929	11.118825	15.488259
52.962169	-0.323916	-1.130317	46.032641	2.417966	2.385107	62.106836	-2.472523	6.846151	52.812381	9.775748	7.971087	55.801984	10.712701	12.055821	66.089781	21.936124	14.746734	64.396686	4.476225	14.931263	76.881696	20.700081	15.323948	75.486196	2.675405	15.239001	83.496253	9.448379	18.76267	74.481109	10.277784	15.98403	64.969409	11.134596	15.797681
52.96325	-0.315916	-1.129415	46.044688	2.43585	2.399671	62.106724	-2.484378	6.851318	52.853573	9.770943	7.96695	55.941547	10.734093	12.255395	66.109195	21.880219	14.749882	64.461727	4.432736	14.972715	76.876037	20.543329	15.316595	75.499227	2.546551	15.314304	83.502249	9.40785	18.800381	74.508393	10.235435	16.08558	64.974518	11.104763	15.799668
52.96051	-0.306877	-1.124031	46.054028	2.447465	2.42687	61.297644	-2.850903	7.55264	52.34223	9.622967	7.222547	55.903446	10.70848	12.18603	66.105495	21.742454	14.702893	64.454189	4.399167	14.995754	76.868483	20.379231	15.293003	75.494809	2.506356	15.366557	83.526652	9.359347	18.919978	74.552445	10.210496	16.155616	64.979627	11.07493	15.801655
52.959443	-0.293348	-1.121694	46.067966	2.464169	2.432685	61.774736	-2.949635	7.578701	52.567845	9.630732	7.236151	55.817274	10.679133	12.086641	66.122071	21.708936	14.709052	64.456556	4.364457	15.023873	76.881063	20.331566	15.347399	75.489814	2.453195	15.429909	83.507414	9.21197	18.983908	74.560433	10.194316	16.265009	64.981018	11.045314	15.804133
52.956742	-0.269583	-1.12187	46.083828	2.467351	2.42856	61.773539	-2.967211	7.580633	52.605409	9.609895	7.116913	55.790713	10.67056	12.071362	66.13817	21.683222	14.71633	64.436434	4.252255	15.057773	76.908929	20.320454	15.523164	75.48892	2.329642	15.519245	83.491953	9.055188	19.050469	74.545588	10.156737	16.308913	64.980589	11.018266	15.806629
52.956714	-0.253203	-1.118058	46.120605	2.439618	2.426788	61.771492	-2.977163	7.581927	52.795387	9.640698	7.249137	55.776816	10.668768	12.0787	66.15309	21.657787	14.726922	64.41465	4.231447	15.082005	76.919281	20.277007	15.558219	75.483654	2.198071	15.593053	83.48923	9.024332	19.185471	74.531025	10.112106	16.369777	64.878483	10.563418	15.861701
52.951471	-0.156554	-1.122159	46.13004	2.449996	2.428483	61.291984	-2.918351	7.214024	52.871929	9.661558	7.328456	55.741261	10.668555	12.068718	66.168334	21.635038	14.738968	64.3948	4.218623	15.121768	76.923211	20.230951	15.60746	75.469318	2.157949	15.671595	83.466211	8.991596	19.239372	74.533015	9.983873	16.494985	65.023766	11.26485	15.778495
52.952571	-0.141191	-1.124036	46.137701	2.467976	2.430654	61.481629	-2.884633	7.225887	52.874968	9.665205	7.319848	55.710526	10.673398	12.058322	66.239155	21.719542	15.379844	64.395091	4.223673	15.200993	76.918248	20.119917	15.714483	75.452842	2.132384	15.760761	83.465584	8.970516	19.387569	74.508503	9.814443	16.556153	65.018146	10.910205	15.811223
52.948185	-0.126267	-1.114002	46.152097	2.488435	2.442258	61.699223	-2.878757	7.236435	52.887852	9.683394	7.349206	55.688183	10.686247	12.063927	66.216177	21.626451	15.356885	64.381819	4.223403	15.238565	76.922993	20.094216	15.75304	75.550005	2.114756	15.856154	83.427926	8.921421	19.432902	74.429839	9.714436	16.589966	65.028207	10.853044	15.815
52.950582	-0.10091	-1.11887	46.156799	2.672282	2.421946	61.698303	-2.876171	7.23631	52.895441	9.692839	7.342762	55.67641	10.704496	12.071012	66.240271	21.638587	15.415326	64.310174	4.243092	15.272066	76.934784	20.071822	15.780881	75.571458	2.08333	15.872386	83.395574	8.806206	19.51005	74.419706	9.691235	16.673223	65.027316	10.855557	15.814895
52.954843	-0.081426	-1.111902	46.12375	2.890963	2.422466	61.697452	-2.868541	7.23567	52.905183	9.713554	7.357468	55.658757	10.721433	12.070274	65.964295	21.932541	15.559147	64.246687	4.252482	15.289375	76.939757	20.046288	15.819535	75.561547	2.065509	15.97503	83.364901	8.785985	19.578924	74.413924	9.664143	16.762766	65.025496	10.858124	15.814913
52.958824	-0.052502	-1.110156	46.092204	3.112983	2.424092	61.917169	-2.847826	7.244363	52.912497	9.735196	7.36218	55.637839	10.742324	12.064501	66.671741	21.941443	15.379794	64.234505	4.27433	15.339899	76.933257	19.9358	15.914511	75.545414	1.958761	16.034201	83.343716	8.759602	19.612071	74.413184	9.655726	16.873233	65.024684	10.865556	15.814354
52.964016	-0.014298	-1.115246	46.051971	3.342205	2.421686	61.698823	-2.83834	7.232438	52.921876	9.758049	7.358699	55.597292	10.754193	12.038334	66.674587	21.938964	15.366067	64.238221	4.293417	15.401079	76.946973	19.921602	15.931296	75.521132	1.945222	16.081852	83.329038	8.722691	19.641648	74.402471	9.646282	16.920591	65.024801	10.872933	15.813673
52.976095	0.092263	-1.118883	46.054807	3.457211	2.431125	61.70002	-2.820749	7.230497	52.922742	9.764633	7.36652	55.580948	10.766858	12.042103	66.356385	22.257958	15.544879	64.239056	4.300695	15.42535	76.952483	19.898063	15.952472	75.460621	1.924104	16.105539	83.317426	8.592752	19.66158	74.387227	9.63448	16.954141	65.022942	10.873041	15.813917
52.987748	0.116247	-1.115052	46.067467	3.47792	2.445976	61.703094	-2.805809	7.228546	52.927203	9.769788	7.364756	55.571864	10.774573	12.043444	66.359968	22.257662	15.54468	64.218127	4.300857	15.441285	76.959689	19.875571	15.964912	75.40481	1.942367	16.169724	83.322386	8.562616	19.672542	74.373149	9.619233	16.981966	65.021044	10.870691	15.814388
52.99887	0.133163	-1.120494	46.111925	3.371117	2.480595	61.705246	-2.788282	7.226471	52.929507	9.773089	7.367257	55.548296	10.778522	12.054717	66.3679	22.332927	15.588506	64.207476	4.295084	15.450408	76.959508	19.842056	15.983955	75.341218	1.957274	16.204001	83.303302	8.490325	19.51493	74.348266	9.603199	17.005789	65.019107	10.865881	15.815086
53.009184	0.146795	-1.11559	46.179208	3.163657	2.530055	61.706513	-2.765648	7.224014	52.934083	9.776691	7.371642	55.521082	10.77898	12.060302	66.415773	22.343934	15.617862	64.050183	3.90172	15.516662	76.956469	19.7979	16.028204	75.311282	1.930008	16.231592	83.276168	8.409585	19.449832	74.264818	9.584105	17.001062	65.014343	10.858775	15.816378
53.024959	0.172456	-1.116288	46.251351	2.949453	2.607887	61.703506	-2.636702	7.211515	52.938795	9.783854	7.365933	55.499466	10.78324	12.072099	66.422619	22.333668	15.61839	64.033328	4.344678	15.500258	76.952088	19.697835	16.125663	75.278008	1.895577	16.261526	83.23547	8.269561	19.426295	74.206472	9.580111	17.046407	65.010547	10.854075	15.817321
53.039694	0.200059	-1.120956	46.33855	2.730694	2.639332	61.709428	-2.559356	7.549225	52.929771	9.792302	7.371144	55.464427	10.786718	12.066873	66.430194	22.325377	15.629165	64.00115	4.350022	15.517266	76.956667	19.664892	16.16342	75.251524	1.842475	16.298748	83.470475	8.233267	20.161806	74.202667	9.561785	17.141907	65.017805	11.000012	16.741242
53.07988	0.207573	-1.11124	46.415431	2.622438	2.64993	61.710555	-2.54682	7.547806	52.948335	9.794028	7.376649	55.45471	10.794496	12.069739	66.441513	22.314629	15.641648	63.976704	4.301472	15.569319	76.966096	19.622698	16.189924	75.181061	1.722935	16.320271	83.567421	8.211329	20.326954	74.184828	9.530751	17.179286	65.014907	10.992816	16.74228
53.089876	0.261566	-1.030254	46.465816	2.571537	2.663941	61.710728	-2.534221	7.54652	52.951117	9.817093	7.376466	55.415994	10.808245	12.06843	66.508683	22.29747	15.637716	63.932353	4.298918	15.586782	76.967514	19.503683	16.320273	75.174358	1.699204	16.39133	83.817172	8.197916	20.549296	74.167974	9.379303	17.226638	65.012975	10.988018	16.742972
53.100176	0.36511	-1.036867	46.025001	4.349873	2.393794	61.711891	-2.519165	7.544844	52.935592	9.955696	7.354338	55.419149	10.828961	12.086666	66.52556	22.290468	15.655109	63.930621	4.301548	15.613391	76.996831	19.497506	16.507483	75.162384	1.669506	16.444771	83.875372	8.115309	20.526658	74.156846	9.213592	17.277324	65.213933	11.040689	17.059271
53.120195	0.398304	-1.038803	45.363852	5.651551	2.601939	61.714111	-2.496614	7.542263	52.924019	9.954625	7.333968	55.319479	10.830376	11.977588	66.559955	22.273877	15.666742	63.919	4.303571	15.639065	77.010268	19.459848	16.530184	75.157332	1.541586	16.483675	84.03615	7.993311	20.599028	74.175001	9.203478	17.375791	65.214781	11.035733	17.059594
53.136913	0.430668	-1.030823	45.796408	3.480923	2.868793	61.74583	-2.17739	7.505692	52.911414	9.959713	7.336599	55.277883	10.945147	11.915871	66.637713	22.292191	15.699115	63.920628	4.299875	15.645676	77.022187	19.411178	16.546988	75.147197	1.516726	16.510398	84.081286	7.820942	20.557657	74.157214	9.184221	17.395404	65.216515	11.028273	17.060019
53.16907	0.461892	-1.026429	46.494786	2.91001	2.398573	61.783149	-1.9211	7.474612	52.909935	9.96057	7.326442	56.010039	11.04588	12.340644	66.657048	22.280332	15.71691	63.916108	4.30377	15.681168	77.014123	19.276467	16.502695	75.140796	1.498921	16.560493	84.071814	7.781489	20.599381	74.138804	9.167633	17.416527	65.217323	11.020866	17.060566
53.210852	0.472755	-1.02822	46.878282	2.079024	2.138122	61.785889	-1.860747	7.468177	52.907776	9.963424	7.328232	56.326811	11.112575	12.69001	66.479442	21.970213	15.745217	63.919361	4.30201	15.711718	77.026046	19.241698	16.514632	75.138929	1.478904	16.637211	83.346058	7.690695	20.375798	74.076698	9.147219	17.419027	65.217205	11.013514	17.061235
53.235064	0.500321	-1.019207	46.180865	3.347122	2.018775	61.789429	-1.881162	7.469703	52.909276	9.965081	7.338132	55.241626	11.165462	13.211442	66.472725	21.824114	15.869761	63.916506	4.296946	15.738466	77.03525	19.208123	16.548847	75.125049	1.452127	16.680057	83.143361	7.578129	20.071328	74.06235	9.130159	17.46507	65.216121	11.003764	17.062251
53.245832	0.53311	-1.022947	46.048226	3.588009	0.467489	61.791511	-1.868688	7.468152	52.913393	9.96498	7.352376	55.853807	11.340593	14.16388	66.48421	21.80538	15.89016	63.912019	4.294543	15.779272	77.041264	19.156301	16.561035	75.115263	1.334636	16.733894	83.027182	7.449238	20.197331	74.060266	9.117368	17.535066	65.215964	10.99396	17.063143
53.260506	0.632658	-1.024435	45.679733	3.80973	2.067775	61.792638	-1.856152	7.466734	52.912444	9.960349	7.355012	55.986629	11.39028	14.458936	66.534319	21.80524	15.91028	63.912508	4.291226	15.814383	77.05115	19.066299	16.73138	75.113715	1.325109	16.825686	82.845396	7.300628	20.243577	74.055282	9.093449	17.626601	65.213836	10.976912	17.06495
53.276671	0.645807	-1.020436	45.70502	3.780639	2.115844	61.794685	-1.846199	7.46544	52.916066	9.95202	7.350123	56.135769	11.433064	14.693167	66.565076	21.854958	15.961131	63.909777	4.291151	15.868549	77.082473	19.069176	16.957072	75.105372	1.31235	16.901454	83.128265	7.225605	20.102582	74.072864	8.96838	17.765059	65.213679	10.967108	17.065843
53.330402	0.645928	-1.020757	45.772154	3.69213	2.144423	62.01077	-1.894765	7.135008	52.920682	9.948643	7.344561	55.893368	11.375569	14.374837	66.587675	21.840173	15.977308	63.912234	4.285338	15.918953	77.113916	19.057829	17.156523	74.90203	1.366774	17.338898	83.272308	7.240626	20.400077	74.064678	8.80418	17.837473	65.215256	10.949844	17.06716
53.350324	0.660808	-1.009906	45.819864	3.597564	2.157435	62.013847	-1.879822	7.133059	52.924564	9.944354	7.334594	55.751801	11.346657	14.214268	66.621081	21.819674	15.990208	63.932302	4.286778	15.980633	77.120848	18.93087	17.174677	74.880551	1.349267	17.39206	83.412408	7.239736	20.595619	74.063314	8.796969	17.910771	65.215948	10.819784	17.07862
53.356581	0.674122	-1.00541	45.862546	3.609307	2.16079	62.018833	-1.865004	7.130843	52.937805	9.929634	7.336519	55.64281	11.316636	14.042702	66.717261	21.802567	15.997945	63.961996	4.287013	16.035976	77.152692	18.901698	17.219948	74.903664	1.334927	17.483836	83.577432	7.226606	20.818438	74.087574	8.804589	18.039411	65.222353	10.814504	17.078209
53.380609	0.756373	-0.540142	45.920451	3.622215	2.167177	62.02474	-1.852772	7.128753	52.944199	9.911013	7.332175	55.622473	11.315225	14.015799	66.791129	21.732083	15.988666	63.991972	4.24188	16.104711	77.187683	18.870936	17.27045	74.69422	1.202016	17.346679	83.714427	7.126039	21.048875	74.117574	8.819336	18.194	66.013962	10.780181	16.802096
53.357191	0.768575	-0.432477	45.963649	3.625943	2.191585	62.031707	-1.833036	7.125755	52.948945	9.873131	7.319724	55.775898	11.332513	14.157376	67.008642	21.724748	16.080099	64.093308	4.272857	16.222283	77.247207	18.849092	17.34366	74.696678	1.187179	17.347733	83.342808	7.308208	22.287609	74.158686	8.843599	18.374102	65.438096	10.863991	17.392756
52.860319	-1.238553	-0.112578	46.038539	3.600331	2.213494	62.00456	-2.025217	7.135259	53.0389	10.570067	7.181825	55.840018	11.352308	14.215055	67.181563	21.739895	16.249553	64.193204	4.306516	16.328815	77.379013	18.86941	17.59797	74.927501	1.313851	18.043402	83.279455	7.280383	22.408217	74.234063	8.874883	18.592327	65.845769	10.924797	17.715602
53.030564	-2.163754	-0.020722	46.123771	3.630062	2.22162	62.075091	-2.148934	7.15112	53.096461	10.752754	7.010587	55.976478	11.386502	14.337396	67.357347	21.767801	16.426799	64.258344	4.330901	16.448369	77.593518	18.80377	17.813191	75.009373	1.3698	18.388914	83.15631	7.160049	22.616983	74.273417	8.900463	18.811204	66.012813	10.948703	17.869282
53.093222	-2.365618	0.00515	46.181179	3.660755	2.263625	62.085358	-2.303605	7.165144	53.156213	10.745572	6.864451	56.141869	11.397876	14.451255	67.541417	21.769198	16.490853	64.364525	4.342351	16.597316	77.848735	18.811165	18.087674	75.063193	1.408876	18.676382	83.293766	7.171382	23.013984	74.372526	8.905049	19.068704	66.125625	10.976397	18.057532
53.182652	-2.456978	0.027434	46.34276	3.654582	2.418147	62.055131	-2.325389	7.151563	53.166658	10.679102	6.674006	56.341166	11.417483	14.602632	67.729179	21.760014	16.573497	64.573644	4.358695	16.81909	78.127762	18.797476	18.396191	74.952016	1.499533	19.079011	83.657717	7.10328	23.611324	74.555347	8.910813	19.441692	66.306003	10.995951	18.26449
53.224133	-2.470794	0.043884	46.490235	3.719549	2.596334	62.0888	-2.37997	7.145867	53.211087	10.511653	6.500471	56.598932	11.43012	14.770145	68.002313	21.757362	16.81161	64.828883	4.366518	17.074794	78.444244	18.750371	18.737929	75.123334	1.617928	19.535973	83.986405	7.020514	24.249504	75.428704	8.877738	20.171059	66.56094	11.010017	18.522763
53.240721	-2.458494	0.06211	46.702042	3.730566	2.800459	62.101739	-2.472096	7.150004	53.893681	10.503019	7.48256	57.552698	11.429697	14.765013	68.389353	21.712558	17.074281	65.299636	3.826428	17.503736	78.810961	18.63988	19.212809	75.486644	1.606951	20.222839	84.327124	6.957388	25.04513	75.735216	8.810074	20.906382	66.949205	11.024342	18.918816
53.321682	-2.450704	0.079362	47.250748	3.868717	3.717701	63.419056	-2.242484	7.135217	54.08479	10.404393	8.161988	57.749531	11.416231	15.04603	69.224986	21.935083	17.55167	65.808907	3.915982	18.383538	79.35269	18.44644	19.369407	75.729492	1.623232	21.184925	84.727011	7.02193	26.08059	76.137121	8.764605	21.817011	67.521186	10.941503	19.469278
53.317434	-2.427008	0.087719	47.58953	3.920598	4.203967	63.680935	-2.393737	7.1137	54.573526	10.180211	7.451744	58.219094	11.314841	15.28286	70.04591	21.742711	18.046671	66.559887	3.97234	19.236078	80.320087	18.519747	20.792051	76.591074	1.501837	21.893972	85.184082	6.97976	27.478907	76.676578	8.671943	22.665476	67.963704	10.887287	20.496408
53.176793	-0.767899	-0.06994	48.062471	3.936958	4.732471	63.81823	-3.613835	7.009759	56.509505	10.349526	10.279558	59.201802	11.105001	16.171354	71.060019	21.395874	18.934396	67.408778	3.470045	20.203033	81.314076	18.367551	22.268961	76.86204	1.381061	23.286974	85.69465	6.912973	29.302345	77.750688	8.712601	24.533432	68.756249	10.75032	21.543612
53.179222	-1.682592	0.02759	48.648419	3.771524	5.322507	64.092045	-4.572044	6.759577	57.785977	9.714777	12.794589	60.159066	10.768649	16.893745	72.334636	20.987969	20.193202	68.822865	3.277645	21.525033	82.417431	18.108852	24.062314	78.28717	1.429198	25.366243	86.34382	6.721484	31.572164	78.766832	8.622689	26.359413	70.059357	10.413469	22.378694
53.319757	-2.076298	0.070294	49.274171	3.485901	5.962177	64.570172	-5.350164	6.716555	59.258641	9.179428	14.541917	62.285089	10.488329	19.420614	73.465624	19.696989	20.857036	70.166532	2.839216	23.333694	83.669891	17.769604	26.60211	80.05955	1.467992	28.529957	87.581458	6.573469	34.543979	80.158598	7.485876	28.329282	70.653573	10.750272	25.171866
53.53948	-2.469453	0.192458	49.913922	3.149659	6.620633	64.767083	-5.472934	6.702259	60.975583	8.671351	16.397776	64.273163	10.028385	21.74106	75.420154	19.21272	23.006498	71.861772	2.484968	25.803593	85.694382	17.530148	29.176621	81.203481	1.154586	31.003333	89.377865	6.501676	38.264674	82.123257	6.913724	30.228176	72.428401	9.775357	27.590947
53.425766	-1.623804	0.370101	50.014367	2.780798	7.375573	65.901309	-5.950738	7.097548	62.874508	8.004585	18.272163	66.257656	9.401043	24.118175	77.443872	18.725985	25.37912	73.884455	1.959947	28.638458	87.597748	17.150925	32.353562	83.36027	0.727068	34.198749	90.351262	5.989564	40.533743	83.478205	6.683493	33.994485	74.131152	9.187595	30.07863
53.441807	-1.115037	0.667331	51.161993	2.567134	8.758339	67.100822	-5.873273	8.808946	65.122525	7.474686	21.665465	68.535597	8.729389	26.828455	79.904889	18.294719	28.996793	76.207936	1.314421	31.481677	89.16644	16.843637	36.214153	84.907822	0.259156	37.748807	91.867894	5.78213	45.285706	85.666099	6.37415	37.777461	76.638517	8.50606	32.795589
53.766515	-1.425834	1.348109	52.527015	3.9799	8.196086	68.308625	-5.571329	10.463337	67.828478	6.730102	24.69415	71.129098	7.978765	29.87273	82.419428	17.712237	32.274148	78.648486	0.679514	35.382451	91.605086	16.410898	39.938261	87.006724	-0.12012	42.369866	93.476909	5.368666	49.921214	87.566441	6.060443	42.51443	79.072472	7.982386	36.577848
54.329738	-1.611324	2.011059	53.108098	4.198082	9.471323	69.890174	-4.516609	12.10942	70.68967	5.752316	27.796899	74.092874	7.180972	33.278514	85.215289	17.095599	36.07379	81.00237	0.029424	39.27705	94.5556	15.844613	44.54823	89.287706	-0.532682	47.009151	95.223315	4.713415	55.049649	90.185001	5.781226	47.574127	82.266868	7.677892	40.323744
54.85384	-1.54378	3.117321	54.839454	3.626651	10.981234	71.528429	-3.774829	16.534689	74.513331	5.0094	32.347452	76.87637	6.219683	36.624208	88.626106	16.606347	40.762114	83.311264	-1.572239	43.369955	97.348643	14.981784	48.631282	91.526106	-1.19937	51.787866	97.077642	4.242389	60.635077	92.502394	5.345973	52.602639	84.911539	7.405077	44.106553
56.518622	-1.746915	4.395583	57.273201	2.938402	12.168374	73.864929	-4.301755	20.441513	77.453942	4.241998	37.322425	80.294753	5.568931	41.791696	91.976683	16.334988	45.486864	87.100302	-2.387679	48.637072	100.259646	13.959689	52.917459	93.841086	-1.642654	57.779722	99.266922	3.66088	66.230255	94.943285	4.076955	58.122731	87.852026	5.582443	49.884782
59.108583	-1.74795	6.68238	60.755416	2.418256	14.348338	76.831807	-3.954344	25.86719	80.596344	3.266737	42.231208	83.448909	4.74603	46.573858	95.888686	15.228386	50.046753	90.002338	-3.198831	54.358368	NaN	NaN	NaN	96.8065	-3.303471	63.584847	101.951982	2.875445	72.129878	97.791293	2.785858	61.648762	91.047053	4.754741	55.306
62.45102	-2.893677	10.060326	63.933489	1.617135	19.102753	79.444065	-4.101336	31.135932	84.071625	3.092342	48.382494	87.209398	4.241833	53.1968	NaN	NaN	NaN	93.051424	-4.089235	59.380061	NaN	NaN	NaN	100.030326	-4.539949	69.387283	104.978691	1.986277	77.891633	101.260699	2.369655	69.008976	94.017924	3.873893	60.739051
67.333452	-4.001602	13.413455	67.592349	0.81259	22.855954	82.184883	-4.146053	36.516685	87.261103	2.52918	54.255846	90.656126	3.606659	59.33202	NaN	NaN	NaN	96.483483	-4.787988	65.478595	NaN	NaN	NaN	103.232261	-5.641059	75.192338	108.572042	1.089008	83.832402	103.987028	1.508122	74.817385	96.94568	2.713006	64.584571
72.289113	-6.200924	17.828204	71.438743	0.317098	27.579493	85.825701	-5.380423	40.977832	90.641	1.890959	60.213504	93.555626	2.760925	64.366408	NaN	NaN	NaN	99.514606	-5.408495	71.614927	NaN	NaN	NaN	106.71372	-6.276773	80.229781	112.225631	0.020279	89.319771	107.102582	0.614095	80.809646	99.775161	2.203021	71.012306
75.014735	-7.430076	22.265557	75.203974	-0.193566	32.291686	90.012475	-6.126605	45.556497	93.967503	0.840186	64.225181	96.669628	1.931302	69.165888	NaN	NaN	NaN	102.867982	-5.671503	77.009745	NaN	NaN	NaN	109.612453	-6.872596	87.521699	115.843226	-0.450371	96.152522	110.168281	-0.261817	86.882926	103.180732	1.61966	76.792406
78.677769	-8.588357	26.707033	79.71228	-3.688376	37.081506	93.030595	-6.902748	50.87379	97.400083	-0.052239	68.735191	100.549842	0.02101	74.639485	NaN	NaN	NaN	105.958131	-6.526792	83.55325	NaN	NaN	NaN	112.619846	-8.88193	93.032369	119.514698	-1.518534	101.003588	113.016107	-1.33562	91.988093	107.045551	1.274851	83.551087
82.543392	-9.565866	31.106247	83.5894	-4.764539	41.565273	96.507444	-7.873535	55.492027	100.808495	-0.969873	73.261629	103.451609	-1.066732	78.822268	NaN	NaN	NaN	107.956024	-7.518367	86.48554	NaN	NaN	NaN	116.177882	-8.540559	99.177744	122.690744	-3.152361	106.82208	115.720149	-1.282216	97.250715	109.794295	0.550332	87.748394
86.10439	-10.384339	35.518902	87.741267	-6.607019	46.051645	99.831396	-9.365646	60.259617	104.236757	-1.91846	77.836844	107.049856	-1.836759	84.283212	NaN	NaN	NaN	110.756954	-9.687696	88.953102	NaN	NaN	NaN	118.233792	-9.496341	103.994468	125.448517	-3.981596	111.417654	118.944227	-2.425264	103.365042	112.959243	-1.080243	92.646754
90.02594	-12.230927	39.996152	91.231881	-7.197088	50.372863	103.783169	-10.197877	65.113529	107.720073	-2.813305	82.404751	110.432304	-2.542393	89.436393	NaN	NaN	NaN	113.766347	-10.824727	96.003053	NaN	NaN	NaN	121.23486	-9.958803	109.084065	128.064518	-4.627651	117.019731	121.946725	-3.338272	108.504013	116.125468	-2.288928	97.508309
93.894291	-13.815291	44.626306	94.942082	-8.123448	54.520133	107.272674	-11.118876	69.383479	111.256624	-3.694692	86.964025	113.668327	-3.867112	91.992946	NaN	NaN	NaN	117.593456	-10.941759	100.304154	NaN	NaN	NaN	124.563706	-11.014814	113.144516	131.136416	-5.535123	121.246925	124.749868	-4.36279	110.852774	118.980699	-2.417521	102.370191
96.667409	-15.930169	48.095802	98.702811	-10.319459	58.662114	111.098935	-11.958001	73.70758	114.814067	-5.047435	91.53425	117.067606	-4.641486	96.501367	NaN	NaN	NaN	120.043414	-12.639853	102.509003	NaN	NaN	NaN	126.78661	-12.050206	116.89618	134.365953	-5.224031	126.458186	127.543877	-4.648169	116.434149	122.000849	-2.860736	106.735733
100.130026	-17.079844	53.879647	102.019561	-12.120318	62.900274	114.579247	-13.326431	77.944372	118.464609	-6.05408	96.084469	120.315809	-5.918158	100.726139	NaN	NaN	NaN	123.186368	-13.106982	106.228331	NaN	NaN	NaN	130.58314	-12.730585	122.720815	136.563664	-7.196224	131.137952	130.812958	-5.452066	121.27036	125.394238	-4.014426	111.144943
103.79673	-17.75905	57.582103	105.64831	-12.386006	65.581074	118.536298	-15.272317	81.154855	121.894009	-6.965986	100.481269	123.845799	-7.122406	104.572707	NaN	NaN	NaN	126.324806	-14.033905	109.612906	NaN	NaN	NaN	133.896268	-13.547499	125.94742	139.453372	-7.968952	134.741573	133.903373	-6.443155	124.939424	129.092223	-4.885785	115.987284
107.162587	-18.877883	61.999165	108.775839	-13.83053	68.713535	122.313754	-16.594269	85.436232	125.639577	-8.008298	104.254904	127.25094	-8.104888	108.311833	NaN	NaN	NaN	129.771054	-16.204093	112.994902	NaN	NaN	NaN	136.483048	-14.506301	131.166992	142.194412	-8.795989	138.702432	136.927539	-7.248387	128.957004	132.05461	-6.045229	119.245994
110.159886	-20.098261	65.768683	112.048672	-15.054959	71.779537	126.180061	-18.477174	88.642918	128.951692	-8.822613	108.475387	130.824379	-9.025645	112.117122	NaN	NaN	NaN	133.15647	-16.72781	116.274396	NaN	NaN	NaN	140.028935	-15.766393	134.427065	145.003173	-8.72212	143.709879	140.161016	-7.669897	134.055575	135.495615	-7.045723	122.89532
113.24677	-21.152157	69.525403	116.128466	-15.775577	76.528178	129.079717	-19.350324	92.552525	132.995225	-10.271401	110.547835	134.504659	-9.98513	115.801982	NaN	NaN	NaN	136.963616	-19.082713	119.609257	NaN	NaN	NaN	142.739057	-15.576819	138.944387	147.331325	-9.711517	146.939967	143.20106	-7.943828	139.317558	138.661366	-8.231633	125.697654
115.816389	-21.573078	73.58781	119.735653	-15.781807	80.252472	132.944461	-20.659366	95.431601	136.892108	-10.928869	113.237477	137.952067	-11.819668	116.620455	NaN	NaN	NaN	140.616467	-18.19282	122.927901	NaN	NaN	NaN	145.685048	-16.953605	141.504687	150.191981	-9.301349	152.387486	146.097859	-8.784487	142.5912	142.12853	-8.820602	129.040273
118.897959	-22.243913	76.293591	123.246915	-16.166539	83.318111	137.224874	-22.179718	98.931013	139.629001	-13.057968	114.565238	141.637726	-12.917478	119.790928	NaN	NaN	NaN	144.109902	-19.558393	126.172528	NaN	NaN	NaN	148.609182	-16.971292	144.51458	153.797545	-10.967773	152.811333	149.116143	-9.578889	145.850676	145.370259	-10.54613	132.168442
122.143051	-22.719285	79.314864	126.957123	-16.634616	86.644449	140.77348	-23.677885	102.512553	143.53446	-14.243008	116.97594	145.282968	-14.082452	122.555448	NaN	NaN	NaN	147.902811	-20.475997	129.489256	NaN	NaN	NaN	NaN	NaN	NaN	156.175293	-11.479425	155.710815	152.403239	-11.117763	146.6941	149.006017	-10.692234	135.284452
126.628028	-22.756449	83.759311	130.749956	-16.985925	90.488559	144.518572	-25.158924	106.42168	147.322742	-15.275402	119.585497	149.201909	-14.293903	125.462717	NaN	NaN	NaN	151.566296	-19.51821	132.797111	NaN	NaN	NaN	NaN	NaN	NaN	159.118123	-11.348743	158.342073	155.233882	-12.060004	149.723433	152.405241	-11.902765	138.054736
130.550428	-22.881485	87.814851	134.77436	-17.485407	93.886543	148.271084	-27.106692	108.867452	151.001191	-16.339061	122.163586	152.705522	-15.886069	128.230468	NaN	NaN	NaN	155.083249	-19.628576	135.916069	NaN	NaN	NaN	NaN	NaN	NaN	NaN	NaN	NaN	158.131216	-12.478478	152.298638	155.765558	-12.865407	140.721202
134.784266	-22.664593	90.981103	138.675092	-18.363494	95.922903	151.47637	-28.045964	112.088747	154.558804	-17.040085	124.466659	155.977011	-16.068128	130.962483	NaN	NaN	NaN	NaN	NaN	NaN	NaN	NaN	NaN	NaN	NaN	NaN	NaN	NaN	NaN	161.365674	-11.892572	154.984814	158.796884	-14.339856	140.334343
138.730803	-23.733533	94.053402	142.811604	-18.872512	98.99028	NaN	NaN	NaN	158.103521	-17.432945	127.712755	159.338122	-16.741898	133.25191	NaN	NaN	NaN	NaN	NaN	NaN	NaN	NaN	NaN	NaN	NaN	NaN	NaN	NaN	NaN	NaN	NaN	NaN	162.675543	-14.178849	143.913481
143.224741	-23.969027	97.420006	147.354435	-19.680103	101.361269	NaN	NaN	NaN	161.649744	-18.172225	130.770754	162.207847	-17.627692	134.709857	NaN	NaN	NaN	NaN	NaN	NaN	NaN	NaN	NaN	NaN	NaN	NaN	NaN	NaN	NaN	NaN	NaN	NaN	165.557771	-15.063194	146.086972
147.184043	-24.613207	99.448529	151.528571	-20.512814	104.010202	NaN	NaN	NaN	165.622372	-18.616381	132.954202	166.898785	-17.795269	136.179104	NaN	NaN	NaN	NaN	NaN	NaN	NaN	NaN	NaN	NaN	NaN	NaN	NaN	NaN	NaN	NaN	NaN	NaN	168.94252	-14.502909	148.088969
151.037303	-27.05883	100.374737	155.980763	-21.342066	107.42875	NaN	NaN	NaN	168.312538	-19.207952	134.667463	170.118953	-18.481974	137.66056	NaN	NaN	NaN	NaN	NaN	NaN	NaN	NaN	NaN	NaN	NaN	NaN	NaN	NaN	NaN	NaN	NaN	NaN	NaN	NaN	NaN
156.122299	-28.97239	102.446878	160.464864	-22.819576	108.99389	NaN	NaN	NaN	172.067295	-19.354004	135.943409	NaN	NaN	NaN	NaN	NaN	NaN	NaN	NaN	NaN	NaN	NaN	NaN	NaN	NaN	NaN	NaN	NaN	NaN	NaN	NaN	NaN	NaN	NaN	NaN
160.553951	-29.398131	104.143911	164.761495	-24.14287	110.603853	NaN	NaN	NaN	NaN	NaN	NaN	NaN	NaN	NaN	NaN	NaN	NaN	NaN	NaN	NaN	NaN	NaN	NaN	NaN	NaN	NaN	NaN	NaN	NaN	NaN	NaN	NaN	NaN	NaN	NaN
165.693669	-31.003995	105.95712	169.540434	-25.749882	111.424303	NaN	NaN	NaN	NaN	NaN	NaN	NaN	NaN	NaN	NaN	NaN	NaN	NaN	NaN	NaN	NaN	NaN	NaN	NaN	NaN	NaN	NaN	NaN	NaN	NaN	NaN	NaN	NaN	NaN	NaN
NaN	NaN	NaN	173.344685	-26.603134	113.10215	NaN	NaN	NaN	NaN	NaN	NaN	NaN	NaN	NaN	NaN	NaN	NaN	NaN	NaN	NaN	NaN	NaN	NaN	NaN	NaN	NaN	NaN	NaN	NaN	NaN	NaN	NaN	NaN	NaN	NaN
NaN	NaN	NaN	NaN	NaN	NaN	NaN	NaN	NaN	NaN	NaN	NaN	NaN	NaN	NaN	NaN	NaN	NaN	NaN	NaN	NaN	NaN	NaN	NaN	NaN	NaN	NaN	NaN	NaN	NaN	NaN	NaN	NaN	NaN	NaN	NaN
NaN	NaN	NaN	NaN	NaN	NaN	NaN	NaN	NaN	NaN	NaN	NaN	NaN	NaN	NaN	NaN	NaN	NaN	NaN	NaN	NaN	NaN	NaN	NaN	NaN	NaN	NaN	NaN	NaN	NaN	NaN	NaN	NaN	NaN	NaN	NaN
NaN	NaN	NaN	NaN	NaN	NaN	NaN	NaN	NaN	NaN	NaN	NaN	NaN	NaN	NaN	NaN	NaN	NaN	NaN	NaN	NaN	NaN	NaN	NaN	NaN	NaN	NaN	NaN	NaN	NaN	NaN	NaN	NaN	NaN	NaN	NaN
NaN	NaN	NaN	NaN	NaN	NaN	NaN	NaN	NaN	NaN	NaN	NaN	NaN	NaN	NaN	NaN	NaN	NaN	NaN	NaN	NaN	NaN	NaN	NaN	NaN	NaN	NaN	NaN	NaN	NaN	NaN	NaN	NaN	NaN	NaN	NaN
NaN	NaN	NaN	NaN	NaN	NaN	NaN	NaN	NaN	NaN	NaN	NaN	NaN	NaN	NaN	NaN	NaN	NaN	NaN	NaN	NaN	NaN	NaN	NaN	NaN	NaN	NaN	NaN	NaN	NaN	NaN	NaN	NaN	NaN	NaN	NaN