55.606513	-10.372474	-1.634372	49.139188	-7.902659	3.948585	66.757997	-8.953137	3.407597	55.028589	0.555744	8.899383	59.887319	6.047693	14.588197	66.728305	16.565974	15.273314	69.445203	-1.221183	13.541796	78.562067	16.618925	12.42401	79.54727	0.555028	11.011457	87.706528	9.549236	11.910952	78.83206	10.313035	14.499505	68.864186	8.921484	14.301854	59.408793	-10.461061	-4.304179
55.619319	-10.429453	-1.586903	48.699476	-6.877364	3.864133	66.708163	-9.01717	3.391741	54.946778	0.50832	8.947284	60.438237	6.302223	15.694175	66.806627	16.477523	15.256502	69.382461	-1.238856	13.629319	78.52686	16.515322	12.46501	79.556609	0.528782	11.028996	87.668757	9.631706	11.979121	78.788797	10.367971	14.505688	68.814289	8.780364	14.190433	59.450631	-10.494221	-4.386665
55.617391	-10.421625	-1.587342	48.657443	-6.92318	3.877021	66.708226	-9.014227	3.393404	54.944872	0.458561	8.953009	60.404283	6.265477	15.592438	66.805963	16.47822	15.260055	69.38261	-1.237275	13.637081	78.525406	16.515252	12.464983	79.555379	0.529146	11.030927	87.669296	9.630243	11.971834	78.790242	10.368044	14.505721	68.813948	8.777567	14.188929	59.452262	-10.497345	-4.38968
55.615182	-10.424163	-1.586999	48.4599	-6.226952	3.84982	66.708226	-9.014227	3.393404	54.944051	0.341692	8.963625	60.183362	5.918092	14.19199	66.807169	16.478121	15.259978	69.38283	-1.240437	13.633557	78.527002	16.513147	12.466993	79.556631	0.529166	11.03094	87.668183	9.628207	11.974012	78.788797	10.367971	14.505688	68.926	9.210477	14.426783	59.453105	-10.498643	-4.395449
55.620613	-10.423868	-1.585463	48.461415	-6.221689	3.849706	66.707294	-9.011648	3.393295	54.948016	0.308773	8.964115	60.177198	5.853541	14.157368	66.806981	16.48027	15.258002	69.383787	-1.238029	13.63324	78.526432	16.514726	12.461495	79.556631	0.529166	11.03094	87.667722	9.629646	11.968383	78.790524	10.370828	14.507221	68.888567	8.911058	14.259356	59.452171	-10.49107	-4.384787
55.61226	-10.429057	-1.586014	48.422371	-6.023641	3.840431	66.708226	-9.014227	3.393404	54.952228	0.289346	8.97035	60.173135	5.783499	14.119701	66.806317	16.480967	15.261555	69.382905	-1.239647	13.637438	78.527002	16.513147	12.466993	79.555379	0.529146	11.030927	87.669412	9.628118	11.973884	78.789455	10.368819	14.509372	68.924778	9.210576	14.426865	59.446245	-10.496349	-4.384352
55.620617	-10.421309	-1.585716	48.411803	-6.023081	3.840544	66.707332	-9.01123	3.395193	54.956776	0.263784	8.968737	60.178648	5.792171	14.124173	66.808065	16.481464	15.264955	69.382822	-1.238376	13.631416	78.525406	16.515252	12.464983	79.557905	0.529571	11.032898	87.668951	9.629556	11.968255	78.790674	10.36872	14.509259	68.860149	9.163903	14.399984	59.451793	-10.499742	-4.387958
55.620819	-10.426712	-1.586859	48.414918	-6.031158	3.839083	66.707269	-9.014173	3.393529	54.953905	0.199161	8.975927	60.310153	5.801679	14.128867	66.805963	16.47822	15.260055	69.382934	-1.23719	13.637238	78.524623	16.515943	12.468606	79.554467	0.529559	11.032955	87.668951	9.629556	11.968255	78.789229	10.368647	14.509227	68.883648	9.336467	14.489577	59.452239	-10.495408	-4.380517
55.617433	-10.426331	-1.58496	48.458858	-6.219691	3.8474	66.707269	-9.014173	3.393529	54.944872	0.08023	8.986524	60.378074	5.896965	14.504755	66.805962	16.482086	15.268506	69.38194	-1.239994	13.635614	78.527002	16.513147	12.466993	79.556653	0.52955	11.032885	87.668757	9.631706	11.979121	78.78801	10.368746	14.50934	68.883269	9.337777	14.496664	59.452308	-10.496934	-4.387806
55.618353	-10.426819	-1.586997	48.525536	-6.452415	3.858024	66.707269	-9.014173	3.393529	54.95632	0.056313	8.982928	60.378873	5.871895	14.491199	66.807523	16.480867	15.261478	69.382897	-1.237586	13.635297	78.525406	16.515252	12.464983	79.556653	0.52955	11.032885	87.669296	9.630243	11.971834	78.787578	10.368069	14.505801	68.88418	9.337159	14.493123	59.449846	-10.497028	-4.387923
55.618409	-10.423847	-1.585372	48.590226	-6.700885	3.866697	66.708289	-9.011284	3.395068	54.989549	0.018922	8.981619	60.374282	5.88003	14.495772	66.808607	16.482062	15.268432	69.382942	-1.239251	13.639379	78.525977	16.513674	12.470481	79.555449	0.532005	11.032664	87.669102	9.632393	11.982701	78.78801	10.368746	14.50934	68.883269	9.337777	14.496664	59.452434	-10.495472	-4.393482
55.618086	-10.429506	-1.586972	48.65589	-6.915828	3.875959	66.706375	-9.011176	3.395317	55.027991	-0.107034	8.979082	60.559809	6.100117	15.585643	66.808065	16.481464	15.264955	69.38286	-1.237981	13.633356	78.525406	16.515252	12.464983	79.556653	0.52955	11.032885	87.668757	9.631706	11.979121	78.789023	10.368142	14.505834	68.882737	9.337086	14.493118	59.453424	-10.495771	-4.382332
55.619422	-10.428627	-1.583149	48.718501	-7.111117	3.880142	66.707332	-9.01123	3.395193	55.028264	-0.198756	8.990342	60.554332	6.091501	15.581235	66.806859	16.481564	15.265032	69.382971	-1.236795	13.639178	78.525406	16.515252	12.464983	79.555401	0.52953	11.032871	87.669296	9.630243	11.971834	78.790674	10.36872	14.509259	68.882737	9.337086	14.493118	59.453585	-10.496477	-4.385873
55.619637	-10.426353	-1.585051	48.714726	-7.105321	3.882275	66.704461	-9.011067	3.395567	55.039906	-0.260278	8.988329	60.53589	6.07519	15.601917	66.801712	16.473274	15.260605	69.373532	-1.244471	13.637062	78.528215	16.513053	12.466885	79.556653	0.52955	11.032885	87.669755	9.626148	11.976106	78.78801	10.368746	14.50934	68.872771	9.330025	14.483167	59.447488	-10.493723	-4.384554
55.613171	-10.434664	-1.587545	48.705342	-7.127698	3.885209	66.679107	-9.021233	3.37255	55.016791	-0.397124	8.970599	60.467113	5.993229	15.490269	66.759126	16.411962	15.237424	69.31632	-1.308165	13.617596	78.506998	16.483305	12.469991	79.550093	0.498825	11.02994	87.652282	9.605923	11.978011	78.767313	10.340638	14.494497	68.823053	9.276627	14.429982	59.446966	-10.503743	-4.382949
55.606575	-10.459157	-1.592277	48.654135	-7.159043	3.877948	66.632194	-9.067051	3.294481	55.011048	-0.50237	8.860524	60.122266	5.578208	15.143496	66.525761	15.981381	15.01651	69.212869	-1.44648	13.472964	78.457892	16.415213	12.471504	79.517429	0.420764	11.004152	87.602631	9.538385	12.012237	78.724114	10.279129	14.477799	68.852812	8.905095	14.218714	59.438811	-10.545698	-4.383209
55.596138	-10.492554	-1.602889	48.565585	-7.18288	3.873114	66.566742	-9.105264	3.241756	54.861295	0.666163	8.187659	59.949141	5.436445	14.894234	66.333061	15.725976	14.921683	69.048266	-1.627447	13.33409	78.355823	16.240451	12.44647	79.465484	0.260461	10.957769	87.505379	9.375536	12.017026	78.640912	10.071787	14.395565	68.834841	8.908799	14.230717	59.430908	-10.597443	-4.380343
55.397148	-10.542357	-1.615388	48.450074	-7.17507	3.854416	66.492077	-9.168279	3.211326	54.175873	0.398016	8.189985	59.785879	5.340356	14.752811	66.129844	15.404712	14.816292	68.852217	-1.83136	13.295771	78.225757	16.056519	12.535778	79.314695	0.11354	10.904991	87.457211	9.214059	12.135391	78.529	9.855935	14.328089	68.750228	8.924021	14.276156	59.41786	-10.693212	-4.36377
55.194816	-10.779058	-1.57631	48.35007	-7.18703	3.788508	66.417806	-9.307909	3.198013	54.409239	0.196997	7.774222	59.652568	5.225563	14.590828	65.920344	15.203139	14.906898	68.716327	-2.062203	13.190303	78.065903	15.872288	12.664142	79.162335	0.014403	10.889974	87.403697	9.176358	12.359767	78.393096	9.660068	14.278164	68.553033	8.731941	14.22163	59.346044	-10.741205	-4.352412
55.105345	-10.951964	-1.580564	48.249371	-7.255808	3.71245	66.302925	-9.349611	3.198707	54.32687	0.053646	7.666936	59.536344	4.9931	14.26071	65.730263	15.032025	14.997935	68.576004	-2.259494	13.093853	77.894598	15.779716	12.764062	79.082806	-0.065523	10.871475	87.27843	9.130818	12.557438	78.226559	9.622931	14.469368	68.322725	8.513878	14.147426	59.279774	-10.772892	-4.34003
55.05095	-11.140527	-1.57527	48.207613	-7.334604	3.57139	66.266357	-9.366889	3.12163	54.305548	0.01076	7.617834	59.444835	4.762854	13.969405	65.693306	14.959431	14.984394	68.438673	-2.344836	12.958593	77.792568	15.661688	12.938944	79.033028	-0.187341	10.844044	87.170768	8.9978	12.587254	78.13968	9.629723	14.709324	68.05535	8.068332	13.9703	59.273072	-10.805412	-4.333501
55.092194	-11.150668	-1.570158	48.214267	-7.533121	3.479793	66.237354	-9.370366	3.03709	54.330083	-0.021253	7.641906	59.416367	4.716484	13.907011	65.677938	14.917992	14.974714	68.313201	-2.415167	12.7747	77.795731	15.635353	13.016926	79.023507	-0.229469	10.810051	87.07131	8.891385	12.593661	78.06342	9.633455	14.855121	68.058844	8.083141	14.042102	59.269814	-10.810892	-4.33461
55.087419	-11.154146	-1.573703	48.234659	-7.668748	3.46751	66.205123	-9.360714	3.001134	54.323732	-0.096533	7.648176	59.405826	4.690952	13.871313	65.674939	14.887916	14.974154	68.1865	-2.448476	12.711004	77.804356	15.618848	13.036371	79.022636	-0.242414	10.771147	87.094412	8.957219	12.921399	78.070748	9.622474	14.861826	68.010188	7.985858	14.000138	59.271313	-10.79104	-4.339293
55.103934	-11.112356	-1.582614	48.286601	-7.74605	3.478825	66.167925	-9.342189	2.995838	54.347819	-0.16551	7.644714	59.408049	4.678558	13.848641	65.68376	14.867533	14.984951	68.341612	-2.497777	12.50283	77.823644	15.599962	12.974233	79.052299	-0.22561	10.766752	87.130641	9.017942	13.044965	78.073634	9.599619	14.716018	68.019921	7.97393	14.01582	59.281152	-10.776133	-4.343245
55.132663	-11.081037	-1.5901	48.299359	-7.695872	3.583693	66.180442	-9.331066	2.975445	54.366127	-0.18139	7.640299	59.422443	4.669981	13.830834	65.702253	14.859009	14.989314	68.371487	-2.488089	12.548515	77.849412	15.605191	12.976455	79.120232	-0.190707	10.776034	87.19299	9.135863	13.060871	78.11551	9.612505	14.712861	68.034191	7.965269	14.020416	59.293253	-10.743721	-4.350105
55.173541	-10.950476	-1.59598	48.321014	-7.637481	3.725281	66.217536	-9.31371	2.959543	54.498709	-0.236152	7.369213	59.444313	4.67782	13.840674	65.883803	14.652094	14.89364	68.396014	-2.483678	12.557302	77.941886	15.593048	12.91515	79.240922	-0.163315	10.798959	87.276011	9.265605	13.01629	78.217752	9.619907	14.70939	67.933287	8.091951	14.132396	59.305272	-10.707721	-4.350929
55.206705	-10.936692	-1.599977	48.351675	-7.577726	3.847976	66.298517	-9.320298	2.889254	54.572156	-0.232252	7.424257	59.468145	4.687987	13.839013	66.287103	14.604755	14.855003	68.431973	-2.472716	12.573198	78.120564	15.621809	12.869053	79.408549	-0.091678	10.839611	87.380002	9.309171	13.040494	78.417536	9.628724	14.718877	68.036385	8.162259	14.152023	59.365886	-10.70025	-4.367118
55.246315	-10.920327	-1.591562	48.39016	-7.421168	3.885647	66.366259	-9.258335	2.892209	54.644644	-0.208426	7.513523	59.501702	4.710346	13.859686	66.538002	14.694607	14.950044	68.463415	-2.454644	12.611941	78.303837	15.66126	12.86118	79.563895	-0.081594	10.862089	87.641698	9.263115	12.745687	78.626048	9.630808	14.724131	68.283798	8.080643	14.105367	59.439422	-10.67683	-4.382025
55.270821	-10.877908	-1.585609	48.43525	-7.229734	3.888556	66.437574	-9.109889	2.886963	54.720538	-0.186618	7.608698	59.550397	4.737411	13.898212	66.670671	14.711582	15.003946	68.511174	-2.432052	12.708818	78.473025	15.791222	12.971546	79.687134	-0.071891	10.893328	87.99762	9.255017	12.725518	78.774625	9.629923	14.746666	68.440768	8.008462	14.085106	59.448957	-10.631017	-4.37635
55.293974	-10.875007	-1.571886	48.486795	-7.184103	3.909397	66.552438	-8.908827	2.864296	54.850893	-0.176925	7.648066	59.659001	4.735295	13.902728	66.761955	14.725641	15.047604	68.634291	-2.415467	12.791468	78.551195	15.775045	13.021447	79.761134	-0.054268	10.967241	88.267651	9.247339	12.693698	78.92149	9.626325	14.767858	68.581624	8.008801	14.123615	59.456749	-10.54563	-4.394113
55.388044	-10.851891	-1.55746	48.581423	-7.158455	3.918507	66.702527	-9.57414	2.949444	54.946706	-0.164716	7.68069	59.783969	4.736482	13.921463	66.835156	14.749303	15.112697	68.793673	-2.390753	12.90989	78.627828	15.737374	13.094426	79.839221	-0.044009	11.068428	88.418364	9.258335	12.740393	79.101613	9.62689	14.816516	68.788477	8.228405	15.231216	59.461814	-10.502649	-4.400265
55.52153	-10.693393	-1.556629	48.688973	-7.139797	3.950222	66.761555	-9.617837	3.024605	55.053668	-0.134692	7.777052	59.795446	4.782421	13.917048	66.947465	14.795289	15.264872	68.708146	-2.473087	12.477447	78.784041	15.700312	13.275842	80.037215	-0.034748	11.212244	88.634145	9.261274	12.775928	79.339487	9.625851	14.882929	68.934195	8.277256	15.475902	59.47621	-10.455003	-4.397456
55.516505	-10.61306	-1.628832	48.845211	-7.133521	3.96942	66.838988	-9.578516	3.034603	55.144335	-0.110168	7.831758	59.839838	4.850993	13.896616	67.102465	14.84089	15.330199	68.757545	-2.412278	12.699924	79.039323	15.723427	13.409957	80.240843	-0.031539	11.338413	88.81202	9.280122	12.893536	79.613166	9.66287	15.143859	69.073319	8.314992	15.632525	59.493169	-10.386511	-4.407013
55.513622	-10.415971	-1.607195	48.948007	-7.095831	4.10699	66.921123	-9.514739	3.05341	55.271985	-0.012783	7.808822	59.99273	4.855525	13.297212	67.368129	14.905022	15.39074	68.949942	-2.364329	12.858355	79.316547	15.736531	13.505771	80.457236	-0.064958	11.532471	89.001713	9.318847	13.162951	79.882899	9.709757	15.435811	69.239008	8.355754	15.748954	59.562598	-10.264426	-4.427096
55.577381	-10.216631	-1.617467	49.05458	-6.953012	4.243998	67.050676	-9.409202	3.048795	55.423417	0.009789	7.80572	60.402651	5.036565	13.38848	67.672278	15.047957	15.496515	69.187155	-1.839434	13.003888	79.613494	15.745582	13.59545	80.687682	-0.040292	11.752887	89.210145	9.359815	13.465619	80.11786	9.770149	15.740142	69.510492	8.384344	15.79604	59.646301	-10.196684	-4.441167
55.657038	-10.013044	-1.617266	49.150834	-6.711006	4.39524	67.167927	-9.360462	3.108987	55.58207	0.046299	7.797964	60.775449	5.117173	13.549256	68.014716	15.226737	15.617742	69.480341	-1.725671	13.212329	79.941242	15.744565	13.713781	80.939767	-0.013329	11.996516	89.538715	9.375762	13.76672	80.34822	9.827289	16.043443	69.831063	8.420162	15.88386	59.727272	-10.084629	-4.470457
55.232097	-10.567092	-1.344734	49.295409	-6.473337	4.526189	67.337679	-9.331842	3.157249	55.783861	0.053624	7.779893	61.206715	5.225513	13.782548	68.41543	15.291727	15.678547	69.83419	-1.635705	13.410181	80.381739	15.763621	13.915893	81.275453	0.013525	12.235624	90.054018	9.361561	14.370163	80.673087	9.879158	16.352784	70.606557	8.468485	16.018992	59.814805	-10.04035	-4.482558
55.208575	-10.560147	-1.189022	49.476218	-6.261081	4.553189	67.534808	-9.379151	3.174456	56.182455	0.538542	8.839161	61.684791	5.459424	14.123431	68.98563	15.350822	15.91535	70.340809	-1.952778	13.648309	80.938345	15.796252	14.177792	81.700951	0.036233	12.543237	90.578904	9.401507	14.788612	81.331433	9.786816	16.103205	71.315015	8.460556	16.267523	59.909981	-10.0133	-4.499743
55.253999	-10.483355	-1.073024	49.684171	-6.061705	4.595685	67.751464	-9.549971	3.203112	56.549691	0.635054	9.121381	62.024111	5.602856	14.629242	69.672842	15.396875	16.195624	71.265334	-1.975329	14.002843	81.617402	15.819136	14.50179	82.213341	0.033232	12.870376	91.227022	9.401696	15.16812	81.960249	9.65498	16.167245	71.92295	8.521826	16.596362	59.497076	-9.840035	-4.444877
55.302661	-10.329733	-1.058642	49.951349	-5.886084	4.779389	67.985684	-9.754178	3.210103	57.035608	0.812629	9.295956	62.759492	5.780213	15.358319	70.422111	15.433957	16.500653	71.995551	-1.918751	14.295906	82.356608	15.793665	14.861052	82.727691	-0.235071	13.251955	91.936261	9.297463	15.526166	82.747565	9.528609	16.522756	72.557194	8.569722	16.942073	59.49215	-9.840223	-4.445112
55.3144	-10.199508	-1.04366	50.279527	-5.770065	4.945224	67.899587	-9.569358	2.954067	57.992235	1.399861	9.447826	63.485888	5.822618	15.599083	71.284822	15.441365	16.824264	72.697885	-1.854437	14.55673	83.236267	15.694593	15.28841	83.451909	-0.357014	13.641699	92.696632	9.15717	15.969556	83.602018	9.408238	16.962197	73.185081	8.428393	17.155261	59.441172	-9.837401	-4.439808
55.369069	-10.097423	-1.033656	50.669711	-5.708803	5.137255	68.147716	-9.941514	2.904049	59.265455	1.049406	10.107184	64.280201	5.820941	15.725848	72.494075	15.886257	17.431033	73.503816	-1.954023	14.788764	84.315053	15.449946	15.213424	84.331801	-0.486556	14.070398	93.802773	8.968288	16.341612	84.576899	9.283148	17.503705	73.967509	8.379271	17.476952	59.42913	-9.835429	-4.429144
55.51193	-10.110139	-1.015606	51.324083	-5.689739	5.354558	68.500943	-10.269709	2.843285	60.145155	1.146822	10.67825	66.029714	5.910221	16.653612	73.607525	15.859666	18.055834	74.411614	-2.070838	15.125068	85.472892	15.277705	15.750524	85.319425	-0.616613	14.563096	94.885463	8.788601	16.858994	85.623299	9.154716	18.189686	75.222628	8.353552	18.035408	59.416711	-9.777524	-4.15983
55.7155	-10.2236	-1.006724	51.765108	-5.783467	5.620947	69.069053	-10.628386	2.791605	61.303455	0.960282	11.234331	67.020537	5.653209	16.492831	74.744884	15.674146	18.573701	75.468472	-2.041468	15.494976	86.705938	15.093083	16.42847	86.41863	-0.812236	15.106774	96.102855	8.590745	17.564464	86.767805	9.027963	18.975158	76.484056	7.918391	18.457641	59.411627	-9.822853	-4.368741
55.858698	-10.229192	-1.003242	52.290478	-5.926944	5.819756	69.553929	-10.917992	2.678088	62.546908	0.860676	11.680934	68.061315	5.544616	17.056942	75.963678	15.406934	19.278803	76.741405	-2.244462	15.974362	88.004131	14.830457	17.22812	87.847802	-1.208886	15.684726	97.405981	8.351068	18.353053	87.974514	8.894623	19.764375	77.881551	7.655001	19.137814	59.411627	-9.822853	-4.368741
56.453182	-10.188463	-0.787053	52.752453	-5.941147	5.974932	70.006057	-11.201959	2.467641	63.759118	0.712509	12.180109	69.487861	5.474717	17.955728	77.338352	15.094614	20.009024	77.924645	-2.523555	16.666345	89.436552	14.543727	18.158528	89.13913	-1.567068	16.309591	98.64144	8.166774	19.681164	89.501549	8.617517	20.115198	79.340906	7.510435	19.963406	59.411627	-9.822853	-4.368741
56.419273	-9.875621	-0.571693	53.13684	-5.891563	6.44758	70.466741	-11.496023	2.281633	65.002769	0.83642	12.756554	71.59873	5.299207	18.779796	78.935027	14.756974	20.736473	79.340676	-2.769524	17.272897	91.011435	14.249004	19.12102	90.576768	-1.867145	17.20492	100.601165	7.890526	20.74421	91.044002	8.340985	21.021275	80.850065	7.364378	20.773049	59.411627	-9.822853	-4.368741
56.445936	-9.84824	-0.450016	53.651896	-5.90791	6.572597	70.940711	-11.792972	2.17367	66.380097	0.848067	13.344522	73.535454	5.124996	19.828534	80.678838	14.420293	21.472688	80.903011	-3.044935	17.934587	92.756065	13.928892	20.050376	92.097669	-1.700786	17.964648	102.438346	7.61614	21.855842	92.715445	8.035934	21.885135	82.44692	7.244993	21.594621	59.411627	-9.822853	-4.368741
56.571219	-10.089654	-0.352734	54.177327	-6.083669	6.77103	71.567915	-12.054987	2.157419	68.609515	0.348467	14.053002	74.900178	4.793394	20.043271	82.630684	14.105164	22.268854	82.677895	-3.33066	18.599187	94.648957	13.593798	20.909533	93.907139	-2.022979	18.723111	104.311565	7.314654	22.844222	94.496938	7.756236	22.837448	84.336454	7.019276	22.365998	59.411627	-9.822853	-4.368741
56.598975	-10.073238	-0.281729	54.413307	-5.422918	6.972282	72.10591	-11.341679	1.86343	70.335208	-0.229589	14.820538	77.428719	4.13556	20.601277	84.590058	14.059049	23.238209	84.779189	-3.413048	19.284057	96.71122	13.288031	21.863079	95.779968	-3.057803	19.559769	106.271426	7.011925	23.836497	96.93481	7.378346	23.417079	86.42809	6.792877	23.141573	60.157405	-9.87562	-4.608873
56.761105	-10.283761	-0.081395	54.871989	-5.217256	7.323287	72.581607	-11.616341	1.836218	72.381556	0.180057	15.573736	79.628312	3.874452	21.458177	86.68621	13.80468	24.011851	86.853454	-3.969607	20.053868	98.913287	12.98087	22.81897	98.055538	-2.88334	20.315919	108.318702	6.667853	24.685387	98.98778	7.117182	24.504196	88.607155	6.425118	23.861559	59.927648	-9.956591	-4.3791
56.912516	-10.228658	0.148265	55.285634	-5.198588	7.509988	73.506072	-11.303112	2.031597	74.286795	-0.063623	16.77577	81.88343	3.740893	22.231433	89.043023	13.520764	24.735267	89.005364	-4.040238	20.799835	101.270421	12.686083	23.675019	100.040977	-2.946933	21.108641	110.825405	6.049146	24.615237	101.237293	6.865242	25.489379	90.880942	6.062426	24.587044	60.347307	-9.956046	-4.38788
57.020501	-10.137932	0.576751	55.869219	-5.100409	7.807062	74.281358	-11.728003	2.395294	76.693734	0.121259	17.635826	83.537781	3.879216	22.88359	91.474656	13.277835	25.647003	91.164127	-3.862111	21.565167	103.820996	12.416252	24.593063	102.579801	-2.994469	21.94433	112.903717	5.802035	25.731559	103.603821	6.617554	26.442064	93.628107	5.710574	25.277977	60.347307	-9.956046	-4.38788
57.432158	-10.114216	0.994318	57.211088	-4.802305	9.065691	75.345752	-11.773454	3.663132	79.193045	0.059822	18.494155	86.924737	3.580287	23.913225	94.024096	12.860079	26.345362	93.73472	-4.399982	22.371675	106.516946	12.205945	25.439053	105.093677	-3.51167	22.838904	115.684155	5.525953	26.763904	106.304839	6.216775	26.704525	96.341499	5.44947	26.027277	62.128288	-9.787282	-4.24112
57.654499	-10.425106	1.622488	57.998535	-4.764152	9.260441	76.419515	-11.338028	4.040994	81.697276	-0.246293	19.325984	89.867061	3.473091	24.756751	97.163916	12.566982	26.699301	96.492296	-4.44698	23.189658	109.313667	11.922949	26.219185	107.633833	-3.549504	23.714678	118.386234	5.233988	27.673191	109.072468	5.907988	27.379766	99.013399	5.242992	26.731257	62.968391	-9.658757	-4.271848
58.620341	-10.456359	2.588294	59.705645	-4.668062	10.522874	78.167577	-10.646452	4.824143	84.43185	-0.320791	20.092129	92.734189	3.380104	25.519461	100.185097	12.427172	27.415721	99.242611	-4.507599	23.938715	112.223358	11.655352	27.039785	110.417922	-4.058011	24.613538	121.172381	4.952309	28.525239	111.887002	5.639765	28.175061	102.07499	5.143817	27.811612	62.976563	-9.103066	-4.113946
58.825632	-9.323591	3.135082	60.677983	-4.574337	10.949492	79.912976	-10.389185	5.909787	87.125249	-0.135348	20.916559	95.55567	3.304723	26.249708	103.305826	12.430306	28.134031	102.193279	-4.81016	24.667248	115.304429	11.425054	27.735617	113.289538	-4.119421	25.354533	124.474837	4.642015	29.215962	114.785465	5.364681	28.887436	105.108186	5.062053	28.731905	64.471914	-8.847944	-4.174526
60.01683	-9.514568	4.521445	62.273898	-4.967683	11.412065	81.408983	-9.889928	6.940285	90.129024	-0.193186	21.748049	98.458178	3.19309	26.84515	106.40811	12.401339	28.827664	105.110134	-4.642106	25.363015	118.488074	11.180795	28.324942	116.222636	-4.662559	26.079673	127.431026	4.288988	29.616512	117.876049	5.107981	29.492538	108.199048	4.956714	29.45825	65.324421	-8.712108	-3.563804
61.048331	-9.162599	5.624978	64.176174	-4.399121	12.910658	83.398784	-9.567102	8.057071	93.048732	0.001754	22.614093	101.756687	2.974468	27.039619	109.621788	12.25856	29.321459	108.292475	-5.201222	25.994413	121.763795	10.991465	28.856733	119.521052	-4.512014	26.657588	130.409832	4.122688	30.728424	121.061013	4.92833	30.095928	111.342235	4.805427	29.952429	67.328129	-8.552657	-4.066055
62.71846	-8.7766	6.660979	66.40043	-4.49013	13.574765	85.544179	-9.445925	9.135165	96.37919	-0.520882	23.501585	105.091036	2.860949	27.667446	112.930695	12.113097	29.778025	111.450095	-4.829356	26.520306	125.140343	10.808274	29.248604	122.835507	-5.086896	27.183687	133.823963	3.687603	30.426918	124.337638	4.75286	30.51191	114.694363	4.674816	30.462298	69.613257	-8.651515	-4.556046
64.244334	-8.222188	7.964927	68.776731	-4.566301	14.335531	87.920872	-9.220321	10.437449	99.520045	-1.301039	24.291928	108.373339	2.73248	28.219358	116.312259	11.960413	30.188599	114.776811	-4.939576	27.002496	128.578439	10.618954	29.487898	126.154366	-5.221247	27.568975	137.192044	3.400965	30.408342	127.706808	4.557133	30.76831	117.986901	4.512958	30.837475	69.613257	-8.651515	-4.556046
66.74513	-9.076325	8.647402	71.120117	-4.869211	15.166305	90.924563	-9.069252	11.494076	102.686729	-1.157391	24.894094	111.64856	2.582574	28.660809	119.723321	11.793935	30.507722	117.972737	-5.320557	27.345064	131.994556	10.444344	29.596441	129.413554	-5.165865	27.766221	140.451715	3.20841	30.51246	131.132881	4.345173	30.906958	121.326547	4.33753	31.064033	69.89502	-8.554244	-4.128523
69.165907	-9.151381	9.414936	73.554371	-4.969677	15.789588	93.258845	-9.354305	12.378627	106.087606	-0.792852	25.395658	115.002721	2.454169	29.114492	123.140131	11.612613	30.676578	121.589114	-5.567404	27.233845	135.350414	10.295362	29.583155	132.736089	-5.589383	27.926689	143.711279	3.06296	30.532313	134.558495	4.141315	30.922589	124.716513	4.161099	31.184016	69.89502	-8.554244	-4.128523
71.527304	-9.983903	10.143256	76.243324	-5.218782	16.866147	96.097259	-9.385864	13.262338	109.323356	-0.926063	25.827351	118.348904	2.251288	29.125206	126.556953	11.405888	30.644898	125.070617	-5.745157	27.417747	138.628631	10.209809	29.419495	136.188431	-5.320709	27.979652	146.958952	2.939879	30.360877	137.906421	3.947958	30.756813	128.095379	3.995346	31.23829	71.625796	-8.721137	-3.727137
74.091563	-10.025634	11.031072	79.171138	-5.820784	17.428228	99.004021	-9.471289	13.902669	112.624759	-1.342312	26.02454	121.594878	2.061607	29.159073	129.888299	11.140966	30.407184	128.424558	-6.183147	27.548021	141.930449	10.125642	29.042595	139.510476	-5.786467	27.953148	150.202505	2.838211	30.10813	141.211608	3.845425	30.488765	131.3825	3.527936	29.80837	72.003114	-8.856152	-3.738281
77.050831	-10.612007	11.692362	82.240372	-5.463062	17.861583	101.910484	-9.347507	14.37631	115.555977	-1.537958	26.182933	124.870224	1.866621	29.03021	133.157007	10.889536	30.074201	131.856104	-6.417806	27.626409	145.126277	9.993596	28.569214	142.858777	-5.812993	27.773605	153.42422	2.760717	29.85826	144.443523	3.742048	30.120826	134.503317	3.612041	30.413607	74.838455	-9.334583	-4.195672
79.351197	-10.935977	12.344948	85.091425	-6.947357	17.7216	105.076973	-9.980718	14.772149	118.89894	-1.974729	26.279055	128.07149	1.827973	28.957405	136.41451	10.792853	29.662972	135.269172	-6.497224	27.606417	148.281701	9.845658	27.958474	146.117759	-5.875478	27.464317	156.627391	2.635018	29.376528	147.54582	3.601739	29.547982	137.656958	3.53105	30.123916	74.747649	-9.239551	-3.76572
82.69834	-11.652362	12.383002	88.216035	-7.380408	17.903526	108.341625	-10.166503	14.953973	122.30198	-1.270571	26.127153	131.227603	1.770807	28.728119	139.666077	10.692433	29.139003	137.958692	-6.480589	27.75461	151.433257	9.670949	27.191971	149.275267	-6.219004	26.995302	159.775811	2.43274	28.559355	150.619612	3.449625	28.924031	140.742112	3.243044	28.89492	75.020835	-9.670541	-3.949955
86.363372	-11.877656	12.423205	91.595068	-7.12074	17.888075	111.881538	-10.044541	15.428871	125.416729	-1.783608	25.920255	134.204744	1.688941	28.207504	142.906845	10.582911	28.522849	140.937994	-6.176079	27.373781	154.598198	9.454968	26.304664	152.466412	-6.561061	25.937029	162.670524	2.326755	28.208885	153.672653	3.273502	28.194837	143.900485	3.223243	28.803431	75.721479	-9.591731	-4.194617
89.829583	-11.827886	12.558597	95.279074	-7.378889	17.739435	115.277303	-10.264798	14.425806	128.678096	-1.154386	25.454028	137.214008	1.631062	27.473116	146.068764	10.508951	27.789388	144.03943	-6.257142	26.749505	157.64535	9.207146	25.440993	155.59226	-6.755144	24.99179	165.607705	2.081332	27.293169	156.693818	3.075712	27.339268	147.210444	3.090365	28.010791	75.705602	-10.693056	-3.870241
93.278035	-11.77501	12.700937	98.956426	-7.363823	17.721313	118.619001	-10.423908	13.663768	131.789246	-1.040633	24.824507	140.567352	1.686326	26.794238	149.244385	10.44059	26.79442	147.134945	-6.325625	25.945339	160.676729	9.005561	24.427902	158.662473	-6.888519	24.017652	168.578128	1.729761	26.192744	159.676624	2.874341	26.330332	150.18525	2.697072	25.905779	NaN	NaN	NaN
96.650005	-11.995756	12.741267	102.822512	-7.584739	17.733599	122.017042	-11.050757	13.031682	135.054735	-0.953958	24.00868	143.051134	1.953835	26.636877	152.384181	10.458093	25.696845	150.2955	-6.375958	24.969666	163.716839	8.916812	23.315954	161.669968	-6.970505	22.97575	171.572707	1.556173	25.128438	162.636754	2.699192	25.169867	153.231834	2.651132	24.742883	NaN	NaN	NaN
100.749976	-11.834975	13.320784	106.895341	-6.841844	17.653207	125.889852	-11.423386	12.41286	137.902894	-1.155484	23.055482	146.289639	2.092158	25.336308	155.370583	10.643048	24.599075	153.393475	-6.15373	23.94163	166.695756	9.032535	22.300267	164.650328	-6.965435	22.071674	174.50771	1.538103	24.031513	165.591766	2.790957	24.228799	156.250154	2.816571	23.674142	NaN	NaN	NaN
104.753134	-11.027707	13.484835	110.481393	-5.917853	17.326077	129.298333	-12.286765	11.904745	141.123793	-0.130879	22.075191	148.732507	2.598558	24.634292	158.019608	11.351097	23.529814	156.444194	-5.789367	22.939506	169.566269	9.262046	21.232803	167.443018	-6.814403	21.432542	177.526064	1.708847	23.40629	168.37676	3.041578	23.393027	159.033474	3.427555	23.848095	NaN	NaN	NaN
108.736189	-10.72029	13.64357	114.858541	-5.345542	17.57414	132.795449	-12.815682	11.601257	143.832308	0.168293	21.210944	151.649174	3.079643	23.498864	160.67153	11.928039	22.378928	158.611219	-5.503669	21.659197	172.344343	9.54059	20.477642	170.024666	-6.548267	21.082039	179.672826	1.92351	22.931696	170.984623	3.476578	23.26714	161.476771	4.105586	23.830059	NaN	NaN	NaN
113.046185	-9.677835	13.729101	119.156672	-3.921373	17.23714	136.328474	-13.197777	11.21229	146.701325	0.686762	20.395446	153.875527	3.741014	23.168393	162.838152	12.304379	21.680944	161.001599	-5.133115	21.104169	174.828894	9.792098	20.214654	172.448264	-6.308183	21.04871	181.77605	2.329656	23.734941	173.345843	3.85566	23.157912	163.842905	4.648514	23.623738	NaN	NaN	NaN
117.320092	-8.418109	13.707541	123.464131	-2.974928	16.952179	139.849456	-13.416919	10.893368	148.960769	1.212986	19.137495	155.96957	4.317047	22.774646	164.984321	12.436992	21.074084	163.269729	-4.81013	20.838812	176.93735	9.924073	20.104273	174.79472	-6.205478	20.965475	183.82529	2.527225	23.994666	175.459615	4.112255	23.185207	165.920186	4.976418	23.316156	NaN	NaN	NaN
121.769148	-7.335002	12.908709	127.837112	-1.078974	16.496234	143.246108	-13.53096	10.587909	151.157524	1.706276	18.494378	157.81112	4.876975	22.413194	167.096883	12.556391	20.599056	165.235245	-4.561909	20.86903	178.870281	9.992814	20.254669	176.808007	-6.181325	21.101553	185.725161	2.50809	24.225862	177.279437	4.181397	23.356212	167.744424	5.208801	23.213987	NaN	NaN	NaN
126.302385	-5.453132	12.301977	132.018599	0.028843	15.817317	146.323113	-13.477983	10.309043	152.824025	2.032174	17.332006	159.44639	5.258384	21.96182	168.977727	12.698425	20.395818	167.060365	-3.969648	20.975123	180.54725	9.896296	20.446174	178.409883	-6.041597	21.295048	187.40527	2.363743	24.433229	178.881892	4.109434	23.552734	169.33339	5.422161	23.296201	NaN	NaN	NaN
130.449802	-4.216328	11.02929	136.459324	1.426689	14.147623	149.803284	-12.642755	10.056401	154.561125	2.362715	16.391014	160.869114	5.645712	21.521045	170.619058	12.892745	20.815241	168.201498	-3.836914	20.979952	181.994295	9.823155	20.637151	179.617423	-5.57182	21.383458	188.765152	2.200219	24.644888	180.273049	3.972883	23.668744	170.700821	5.581548	23.408907	NaN	NaN	NaN
134.299636	-2.271627	9.407091	140.490918	2.901928	12.744501	152.452916	-12.729087	9.667423	156.288768	2.602486	15.294437	161.840299	5.33974	20.670599	172.444362	13.060361	20.774291	169.263806	-3.71939	20.921155	183.241846	9.697386	20.841514	180.805775	-6.012683	21.576868	189.772826	2.070984	24.986271	181.455404	3.805538	23.828541	171.917296	5.572645	23.336023	NaN	NaN	NaN
137.811801	-1.138247	7.554991	144.23355	4.448965	11.602053	155.185831	-12.182376	9.287943	158.045373	2.896031	15.18807	163.066368	5.223153	19.940042	173.706884	13.111515	20.926596	170.393531	-3.793508	20.702276	184.358091	9.535144	21.021478	181.860641	-6.244218	21.651828	190.841718	1.910094	25.138968	182.51324	3.631903	23.980974	173.193871	5.464714	22.947298	NaN	NaN	NaN
141.572158	0.772367	5.650982	147.953148	5.791753	9.454259	157.347849	-12.509742	8.373473	159.449184	3.181907	14.883589	164.236402	5.246771	19.258145	174.672296	13.19743	21.15178	171.496702	-3.862393	20.370255	185.373802	9.427846	21.197812	183.114767	-6.458572	21.704176	191.780883	1.764752	25.339264	183.479739	3.475729	24.030368	174.205426	5.426392	22.647937	NaN	NaN	NaN
144.545456	1.786592	4.300824	151.336021	6.678132	7.553309	159.535199	-12.316254	7.57645	160.870393	3.151494	13.213504	165.355087	5.352779	18.536994	175.586217	13.284072	21.115865	172.632423	-3.919755	19.965793	186.30503	9.393444	21.288187	183.970975	-6.029652	21.571883	192.659558	1.627208	25.537511	184.380254	3.451717	24.00247	175.151188	5.391411	22.294512	NaN	NaN	NaN
146.46625	3.132351	3.385241	153.928999	7.208235	6.085754	161.343772	-12.169346	6.69713	162.378932	2.921105	11.298468	166.347062	5.381717	17.713008	176.417497	13.353208	20.855355	173.427793	-4.080782	19.344153	187.207636	9.345076	21.160992	184.905175	-6.057521	21.417732	193.508442	1.528764	25.723331	185.196555	3.418017	23.819118	175.951389	5.408299	22.220722	NaN	NaN	NaN
148.02291	1.58161	3.341263	155.716568	7.124498	5.326067	162.981963	-12.074724	5.856971	163.067992	2.650988	11.302303	166.82625	5.734731	17.57903	177.229928	13.15957	20.478713	174.62216	-4.170339	18.800004	188.032919	9.213956	20.954822	185.786121	-6.581802	21.183695	194.303261	1.491485	25.875377	185.980025	3.334492	23.671021	176.76678	5.152358	21.458885	NaN	NaN	NaN
149.171199	0.737794	3.366201	156.578317	6.294074	5.324309	164.371654	-12.320448	5.109253	163.920175	2.27973	10.89413	167.877192	5.046729	16.786474	177.945	12.830962	20.088331	175.367341	-4.585295	18.117116	188.837043	8.962133	20.612983	186.62133	-6.681839	20.733033	194.912731	1.174126	24.833434	186.748058	3.201683	23.363025	177.593615	4.832688	21.051483	NaN	NaN	NaN
150.180855	0.595125	3.536721	157.067242	5.043256	5.581366	165.38975	-12.787697	4.645619	164.555208	1.855433	10.375496	168.293962	4.64643	16.625894	178.536386	12.464207	19.819861	176.31673	-5.389957	17.75166	189.522471	8.716164	20.197245	187.634481	-6.762385	20.255724	195.784631	1.053889	24.420963	187.502755	3.039056	22.968647	178.36735	4.578302	20.944848	NaN	NaN	NaN
150.100759	-0.422457	3.54774	156.843066	4.715436	6.55302	165.599203	-13.112729	4.953032	164.999761	1.449725	10.444878	169.287718	4.215084	16.614702	179.027667	12.271631	19.869342	177.047329	-5.236059	17.464718	190.069959	8.61085	19.822135	188.231665	-7.168003	19.692667	196.489581	0.960118	23.850108	188.262529	2.77589	22.46107	179.018437	4.329154	20.815885	NaN	NaN	NaN
150.074305	-1.269519	3.922916	156.799174	4.532471	6.942986	165.503022	-12.793142	5.138595	165.326691	1.189399	11.078434	169.544088	3.96198	16.838543	179.456116	12.136742	19.987064	177.992892	-5.447279	17.611937	190.527688	8.566998	19.439233	189.194951	-7.025406	19.189892	197.350097	0.705579	22.32993	188.913251	2.546011	21.925323	179.605607	4.163977	20.835439	NaN	NaN	NaN
150.04548	-2.242372	4.349956	156.521988	4.10213	7.405306	166.007393	-12.675338	5.59277	165.498105	1.093736	11.51717	169.851111	3.923819	17.233255	179.774052	12.144615	20.190238	178.436517	-5.444842	17.604391	190.886495	8.5705	19.079147	189.766483	-7.120745	18.752512	197.489797	0.925929	22.473752	189.456582	2.492458	21.440249	180.129809	4.02864	20.739763	NaN	NaN	NaN