40.484303	4.999534	1.889355	32.672359	14.244489	2.292334	49.655738	9.084195	7.699506	43.374913	18.126812	7.942144	44.902384	27.360618	9.858849	52.449563	34.592888	11.433906	54.761449	12.560207	12.462769	71.526393	33.069158	14.01386	69.141439	14.715013	14.885144	80.019466	24.175302	15.140829	71.318241	26.219416	16.463389	53.061268	25.327077	13.840338
40.423244	5.863863	1.746476	32.390036	14.2619	2.337108	49.095114	8.265116	7.866448	43.340595	18.006795	7.960263	45.379995	27.289722	9.844594	52.558896	34.700571	11.451008	54.301879	12.019878	12.559337	71.42242	33.024105	14.044118	68.135232	14.298642	14.179256	79.961223	24.090201	15.112164	71.232585	26.303465	16.532677	53.107113	25.411261	13.733049
40.402169	4.704848	1.863987	33.184677	14.190688	2.156273	49.541171	8.234582	7.785161	43.340595	18.006795	7.960263	45.457597	27.310606	9.999545	52.56032	34.700619	11.450939	54.836155	11.425175	12.521841	71.42242	33.024105	14.044118	69.25699	14.953699	14.645991	79.961595	24.090762	15.115549	71.231693	26.302395	16.525975	53.107269	25.407952	13.7282
40.407739	4.994203	1.832728	33.072366	14.200837	2.181477	49.549331	8.519424	7.757944	43.341509	18.004254	7.960304	45.494311	27.31124	10.017038	52.563647	34.697849	11.449362	54.867494	12.548773	12.418886	71.423138	33.023577	14.040731	69.255748	14.953325	14.643947	79.96264	24.090238	15.112162	71.234265	26.302365	16.525895	53.108683	25.407996	13.728129
40.408992	4.994262	1.832852	32.740607	14.810369	2.199185	49.549331	8.519424	7.757944	43.342475	18.004183	7.960108	45.518875	27.313522	10.041361	52.560885	34.700104	11.447599	54.647724	12.561851	12.453984	71.425431	33.024531	14.047362	69.258255	14.95372	14.646045	79.961595	24.090762	15.115549	71.233238	26.300313	16.527877	53.10929	25.408543	13.731514
40.408992	4.994262	1.832852	32.722879	13.652071	2.316116	49.55059	8.51947	7.758048	43.341509	18.004254	7.960304	45.524442	27.311737	10.031038	52.563647	34.697849	11.449362	54.646459	12.561811	12.453891	71.423138	33.023577	14.040731	69.257013	14.953345	14.644001	79.96264	24.090238	15.112162	71.234511	26.302477	16.52593	53.111272	25.407966	13.728056
40.410246	4.994321	1.832977	32.836393	13.641908	2.290553	49.55059	8.51947	7.758048	43.341561	18.006723	7.960068	45.520812	27.312967	10.037882	52.560727	34.697566	11.446039	54.647724	12.561851	12.453984	71.424995	33.024076	14.044038	69.25699	14.953699	14.645991	79.962748	24.088118	15.114108	71.233955	26.299707	16.524468	53.109858	25.407922	13.728127
40.408992	4.994262	1.832852	32.62393	14.530944	2.254289	49.55059	8.51947	7.758048	43.341509	18.004254	7.960304	45.461388	27.3105	9.999492	52.562309	34.700152	11.44753	54.647724	12.561851	12.453984	71.424995	33.024076	14.044038	69.25699	14.953699	14.645991	79.962748	24.088118	15.114108	71.234647	26.300354	16.527855	53.110704	25.408587	13.731443
40.410246	4.994321	1.832977	32.62393	14.530944	2.254289	49.55059	8.51947	7.758048	43.342475	18.004183	7.960108	45.463108	27.307354	9.994391	52.56305	34.697411	11.446027	54.647724	12.561851	12.453984	71.424245	33.020971	14.039252	69.257013	14.953345	14.644001	79.965226	24.090208	15.112078	71.235228	26.301871	16.522522	53.111684	25.410653	13.729517
40.410234	4.993942	1.831062	32.623908	14.530618	2.252359	49.549334	8.519797	7.759889	43.342527	18.006652	7.959872	45.460418	27.308389	10.001372	52.564068	34.700513	11.450859	54.646459	12.561811	12.453891	71.426852	33.024575	14.047345	69.259498	14.954094	14.648089	79.963012	24.090798	15.115547	71.234647	26.300354	16.527855	53.110097	25.40804	13.728058
40.410246	4.994321	1.832977	32.62393	14.530944	2.254289	49.55059	8.51947	7.758048	43.342475	18.004183	7.960108	45.459909	27.305854	9.984149	52.562486	34.697926	11.449367	54.536589	12.568379	12.471692	71.424559	33.02362	14.040714	69.257013	14.953345	14.644001	79.965226	24.090208	15.112078	71.234511	26.302477	16.52593	53.111272	25.407966	13.728056
40.408981	4.993884	1.830937	32.62393	14.530944	2.254289	49.772445	8.504677	7.720257	43.342527	18.006652	7.959872	45.460206	27.310576	9.999472	52.559899	34.697955	11.449442	54.29438	11.739057	12.585105	71.426899	33.027108	14.04876	69.258233	14.954074	14.648035	79.963012	24.090798	15.115547	71.233548	26.302971	16.529304	53.110097	25.40804	13.728058
40.408992	4.994262	1.832852	32.964515	14.500621	2.177619	49.773702	8.50435	7.718415	43.341561	18.006723	7.960068	45.458513	27.311253	10.00284	52.559899	34.697955	11.449442	54.419222	12.29446	12.5174	71.426463	33.026652	14.045436	69.258255	14.95372	14.646045	79.964429	24.090835	15.115544	71.233102	26.302436	16.525952	53.111116	25.411275	13.732904
40.408992	4.994262	1.832852	32.828785	13.062928	2.349145	49.780613	8.789193	7.691093	43.341561	18.006723	7.960068	45.459534	27.310051	9.996065	52.563647	34.697849	11.449362	54.419222	12.29446	12.5174	71.423888	33.026681	14.045516	69.255726	14.953679	14.645936	79.963809	24.090171	15.11208	71.235674	26.302406	16.525873	53.111684	25.410653	13.729517
40.414575	5.28402	1.803506	32.836393	13.641908	2.290553	49.779356	8.789518	7.692936	43.341561	18.006723	7.960068	45.457841	27.310727	9.999432	52.56032	34.700619	11.450939	54.417957	12.294419	12.517306	71.426058	33.029829	14.050284	69.258233	14.954074	14.648035	79.963012	24.090798	15.115547	71.233548	26.302971	16.529304	53.109702	25.411231	13.732975
40.425741	5.863606	1.744808	32.84085	13.931795	2.263255	49.779354	8.789146	7.69099	43.341561	18.006723	7.960068	45.459534	27.310051	9.996065	52.564665	34.700951	11.454193	54.417957	12.294419	12.517306	71.424728	33.02396	14.043992	69.255726	14.953679	14.645936	79.964181	24.090732	15.115465	71.233102	26.302436	16.525952	53.11027	25.410609	13.729588
40.538226	5.854296	1.721957	32.839564	13.931402	2.26118	49.778095	8.7891	7.690886	43.341561	18.006723	7.960068	45.457087	27.311207	10.002932	52.560057	34.700493	11.451002	54.417957	12.294419	12.517306	71.423483	33.029858	14.050364	69.256968	14.954054	14.64798	79.963756	24.09192	15.122317	71.232139	26.30293	16.529326	53.109702	25.411231	13.732975
40.65198	5.845062	1.699398	32.839564	13.931402	2.26118	49.666529	8.796637	7.710616	43.340595	18.006795	7.960263	45.458026	27.311009	10.003065	52.558896	34.700571	11.451008	54.416692	12.294379	12.517213	71.424637	33.029786	14.050301	69.256968	14.954054	14.64798	79.960426	24.090828	15.115631	71.232139	26.30293	16.529326	53.107681	25.41064	13.729662
40.527061	5.275055	1.782568	32.61381	13.951769	2.312613	49.666529	8.796637	7.710616	43.340647	18.009264	7.960027	45.456203	27.312868	9.997626	52.557137	34.70021	11.447679	54.416689	12.29474	12.519182	71.422903	33.027093	14.048857	69.255726	14.953679	14.645936	79.960798	24.091389	15.119016	71.230976	26.303001	16.529383	53.108288	25.411187	13.733047
40.639551	5.265731	1.759882	32.738075	14.810241	2.198894	49.666529	8.796637	7.710616	43.340595	18.006795	7.960263	45.457466	27.314923	10.011347	52.557892	34.703186	11.452573	54.416689	12.29474	12.519182	71.423919	33.030314	14.053688	69.256968	14.954054	14.64798	79.959381	24.091352	15.119018	71.231176	26.303424	16.532699	53.107481	25.41169	13.736503
40.639551	5.265731	1.759882	32.739362	14.810629	2.20097	49.666529	8.796637	7.710616	43.340595	18.006795	7.960263	45.454989	27.310636	9.999618	52.557471	34.700522	11.451076	54.415424	12.2947	12.519089	71.421313	33.02671	14.045596	69.254461	14.953659	14.645882	79.959381	24.091352	15.119018	71.232139	26.30293	16.529326	53.106874	25.411143	13.733118
40.405244	4.994464	1.834394	32.847192	14.510849	2.204505	49.66527	8.796591	7.710512	43.340647	18.009264	7.960027	45.453942	27.314306	10.008126	52.555306	34.703215	11.452648	53.983598	12.602119	12.566871	71.421344	33.030342	14.053768	69.255703	14.954034	14.647926	79.959381	24.091352	15.119018	71.230013	26.303495	16.532756	53.105699	25.411217	13.73312
40.405244	4.994464	1.834394	32.847172	14.510523	2.202574	49.66527	8.796591	7.710512	43.338064	17.964356	7.699959	45.45238	27.310666	9.999691	52.554885	34.700551	11.451151	54.407922	12.013851	12.544856	71.421749	33.027166	14.04892	69.255726	14.953679	14.645936	79.958212	24.091419	15.1191	71.228604	26.303455	16.532779	53.107481	25.41169	13.736503
40.405244	4.994464	1.834394	32.847172	14.510523	2.202574	49.658364	8.511761	7.737835	43.170286	17.957675	7.683449	45.453563	27.31059	9.999711	52.555148	34.700677	11.451088	54.406657	12.01381	12.544762	71.419174	33.027194	14.048999	69.253196	14.953639	14.645827	79.959381	24.091352	15.119018	71.228158	26.30292	16.529427	53.106306	25.411765	13.736505
40.403991	4.994406	1.83427	33.074282	14.490348	2.151962	49.657106	8.511714	7.737731	43.169319	17.957747	7.683645	45.452727	27.312074	10.010119	52.55358	34.703808	11.455993	54.407922	12.013851	12.544856	71.421344	33.030342	14.053768	69.255703	14.954034	14.647926	79.95754	24.092504	15.125872	71.22905	26.303989	16.53613	53.104892	25.411721	13.736576
40.403991	4.994406	1.83427	32.847172	14.510523	2.202574	49.658362	8.511388	7.73589	43.169267	17.955276	7.683881	45.452299	27.31167	10.006598	52.556907	34.701037	11.454416	54.406657	12.01381	12.544762	71.419297	33.025001	14.050862	69.253196	14.953639	14.645827	79.958584	24.09198	15.122485	71.229767	26.303384	16.532721	53.105499	25.412268	13.739961
40.405244	4.994464	1.834394	32.847212	14.511175	2.206436	49.65962	8.511434	7.735994	43.170182	17.952733	7.683923	45.453562	27.313725	10.02032	52.56009	34.701447	11.457676	54.407922	12.013851	12.544856	71.422197	33.026751	14.064094	69.254438	14.954014	14.647871	79.959189	24.090879	15.131122	71.231241	26.302865	16.544699	53.104888	25.410631	13.74534
40.407728	4.993825	1.830813	32.740712	14.811991	2.208841	49.662137	8.511527	7.736202	43.171046	17.947719	7.684201	45.457993	27.311837	10.025687	52.564013	34.699115	11.459433	54.406657	12.01381	12.544762	71.425937	33.025779	14.075801	69.253129	14.954703	14.651796	79.96121	24.089814	15.139757	71.232986	26.301206	16.549917	53.104516	25.409112	13.750651
40.413949	4.992606	1.823773	32.735729	14.234312	2.275462	49.665915	8.51204	7.73846	43.17089	17.940305	7.684912	45.455976	27.310261	10.015465	52.565845	34.696109	11.454464	54.402851	12.015142	12.552358	71.421986	33.017406	14.068174	69.253017	14.956476	14.661744	79.959513	24.084521	15.13696	71.231203	26.295961	16.547121	53.103102	25.409069	13.750722
40.422631	4.989991	1.809322	32.845637	13.64864	2.32822	49.668428	8.511387	7.734777	43.17165	17.930349	7.685664	45.44347	27.307341	10.010709	52.566284	34.694009	11.456239	54.395246	12.017078	12.563612	71.420919	33.011883	14.080534	69.25399	14.961106	14.687664	79.95589	24.077788	15.155068	71.228904	26.288641	16.561658	53.09851	25.40271	13.756641
40.436281	4.986097	1.787707	32.638638	14.543378	2.325394	49.673443	8.508588	7.71963	43.172254	17.912979	7.687127	45.438975	27.304614	10.009368	52.573338	34.687137	11.458075	54.378776	12.020183	12.582089	71.416856	32.987703	14.101136	69.248258	14.971663	14.747139	79.953976	24.060396	15.182825	71.230612	26.276976	16.579908	53.094327	25.397949	13.772784
40.44983	4.9788	1.748857	33.214201	14.221918	2.335157	49.679717	8.505836	7.704588	43.167613	17.720563	6.647991	45.430359	27.301235	10.035987	52.578913	34.678817	11.468554	54.361045	12.022883	12.598503	71.414269	32.95458	14.144459	69.243589	14.985434	14.824586	79.951404	24.038196	15.254406	71.232524	26.256428	16.633298	53.088182	25.387971	13.801543
40.441722	4.95841	1.646615	33.220732	14.225846	2.35712	49.687249	8.50313	7.68965	43.168929	17.690678	6.650474	45.427385	27.293425	10.066258	52.589855	34.663452	11.481002	54.613663	11.439034	12.590168	71.421053	32.889922	14.296372	69.240566	14.993197	14.868261	80.157374	23.966693	15.40129	71.254867	26.237571	16.819179	52.921913	25.44363	14.219853
40.467943	4.956611	1.633909	33.229812	14.23023	2.381302	49.692254	8.498839	7.666723	43.167613	17.581555	6.660816	45.419949	27.285198	10.093175	52.601036	34.647774	11.50864	54.289	11.74876	12.66673	71.431129	32.808551	14.451226	69.231898	15.010102	14.963472	80.1698	23.884478	15.575978	71.257352	26.105651	16.96609	53.225853	25.57108	15.270161
40.480337	4.952657	1.612175	32.896742	13.978594	2.527968	49.793749	7.916432	7.674747	43.168981	17.55415	6.663059	45.418214	27.280281	10.159777	52.613337	34.636343	11.551239	54.29264	11.766404	12.761524	71.429928	32.661178	14.48366	69.228403	15.025316	15.048962	80.141491	23.722085	15.720418	71.245293	25.943543	16.971298	53.258171	25.476282	15.544599
40.435977	4.933225	1.519751	32.939843	14.002112	2.658243	49.818838	7.903827	7.606833	43.170245	17.521788	6.66578	45.465943	27.289858	10.355721	52.671687	34.61919	11.778914	54.286289	11.769483	12.778778	71.458821	32.625051	14.699956	69.219554	15.045063	15.16013	80.146339	23.553619	15.74714	71.266992	25.904575	17.075642	53.330591	25.501393	15.885992
40.405468	4.916704	1.440192	32.965335	14.026382	2.796168	49.877918	7.899624	7.578647	43.176358	17.489069	6.667523	45.527577	27.296678	10.59619	52.689561	34.470367	11.968292	54.286232	11.776054	12.814225	71.49579	32.582101	14.902943	69.225866	15.065414	15.273963	80.169502	23.514309	15.861289	71.313543	25.890521	17.303144	53.183854	25.351533	15.15212
40.394095	4.912776	1.421845	32.976039	14.036117	2.851404	49.881695	7.900516	7.582845	43.185173	17.446221	6.669637	45.577749	27.158013	10.727337	52.708362	34.287047	12.138259	54.300026	11.78965	12.886154	71.523543	32.439409	14.968052	69.21656	14.535323	15.469144	80.222985	23.51087	16.086501	71.372726	25.861348	17.540414	53.122152	25.245597	14.768651
40.375272	4.910765	1.414237	32.87481	13.4808	3.004937	49.887995	7.903006	7.595025	43.197227	17.326189	6.678199	45.595125	26.975744	10.727033	52.748584	34.094878	12.31516	54.342865	11.809306	12.987823	71.588317	32.396159	15.185419	69.232822	14.558896	15.599324	80.158121	23.891606	16.524637	71.453542	25.733084	17.729899	53.116049	25.077419	14.676391
40.194282	4.947866	1.627485	32.966879	14.39329	3.171986	49.893053	7.908458	7.622653	43.251521	17.275021	6.671628	45.63396	26.851125	10.761063	52.841105	33.890815	12.495822	54.434937	11.842613	13.158172	71.681669	32.255246	15.351277	69.364715	14.296999	15.720186	80.485296	23.016532	15.8197	71.576137	25.583045	17.912659	53.319726	25.06914	15.645646
40.131062	4.945299	1.623365	33.37905	14.658079	3.03539	49.89563	7.920214	7.683125	43.271871	17.226359	6.671897	45.793727	26.824185	11.024105	52.960752	33.648191	12.670756	54.554844	11.878997	13.342436	71.899443	32.173788	15.454569	69.484523	14.324893	15.868731	80.606842	22.823082	16.041546	71.834716	25.449519	18.098191	53.404211	25.008168	15.606853
40.102078	4.937885	1.589858	33.382347	14.665427	3.078375	49.891924	7.932867	7.748918	43.517567	17.272025	7.461441	46.038642	26.826234	11.363203	53.245308	33.200799	12.744219	54.689955	11.917307	13.535739	72.169713	32.023147	15.656659	69.61617	14.346095	15.979926	81.126111	22.682874	16.274269	72.131759	25.383521	18.337064	53.703768	24.992936	15.919275
40.4137	4.53345	1.077762	33.46035	14.701236	3.276563	49.739035	7.797506	7.066077	43.601316	17.177755	7.717289	46.334842	26.8444	11.709199	53.566722	32.951237	12.922795	54.845337	11.958421	13.7424	72.487008	31.848453	15.859671	69.974477	14.092484	16.146997	81.454837	22.598032	16.435951	72.452205	25.301973	18.447634	54.234381	24.997736	16.566743
40.361269	4.510186	0.967735	33.466016	14.434291	3.432174	49.760423	7.782499	6.986163	44.032776	17.119803	8.265822	46.681402	26.86963	12.066148	53.869639	32.760166	13.140154	55.375676	11.983658	13.910488	72.889905	31.671882	16.111591	70.292955	13.857574	16.40323	81.77393	22.393012	16.663757	72.814018	25.122788	18.679331	54.246166	24.712404	15.754206
40.356083	4.502746	0.930903	33.489505	14.466566	3.618388	50.028062	7.762293	6.91571	44.811478	17.112449	8.575952	47.130263	26.920702	12.593658	54.190569	32.551148	13.353617	55.608085	12.031175	14.144342	73.378422	31.476881	16.464623	70.631949	13.906162	16.6674	82.166045	22.177509	17.017369	73.231139	24.936936	19.013026	55.031343	24.844254	17.76309
40.016428	4.5283	0.985895	33.731632	15.073948	3.754122	50.21075	6.891237	6.932162	44.767819	17.194571	9.586643	47.708206	26.955341	13.1954	54.563276	32.29813	13.628891	56.287417	11.776967	14.348425	73.933093	31.285461	16.995127	70.879225	13.707918	17.110754	82.623207	21.979308	17.606092	73.762574	24.759398	19.543381	55.23742	24.500244	16.92105
40.023997	4.530549	0.996205	34.227526	15.774754	4.354941	50.419857	6.589213	6.882984	44.591707	16.946213	9.278469	48.328974	26.83714	13.737221	55.504013	32.655073	14.43992	56.446757	11.56975	14.716427	74.551026	31.112465	17.701228	71.925802	12.847502	17.047307	83.126551	21.684909	18.286578	74.354748	24.571512	20.209103	55.67531	24.447938	17.846688
40.032863	4.534373	1.014288	34.512039	15.847594	4.74271	50.537872	6.587515	6.861437	45.837936	16.915223	10.392932	49.022483	26.689256	14.248877	56.379224	32.807903	15.290656	57.229525	11.359397	15.163936	75.253313	30.951102	18.443665	72.253297	12.945183	17.548692	83.800336	21.400275	19.042276	75.000062	24.321756	20.912685	56.04936	24.134489	17.339582
40.072234	4.554775	1.111859	34.767154	15.917482	5.118547	50.625714	6.714668	7.497429	46.273171	16.639975	10.380529	49.812898	26.527868	14.746171	57.243945	32.686848	16.061473	57.972994	11.431493	15.555188	76.098005	30.793408	19.204292	73.266627	12.501487	18.1913	84.636722	21.194113	19.889238	75.804541	24.047028	21.613103	57.09983	24.144805	18.943156
40.132646	4.567835	1.169492	35.612638	15.947598	5.414879	51.158896	5.276323	7.596057	47.06176	16.428512	10.922353	50.70517	26.364538	15.25732	58.122509	32.438971	16.776724	58.842464	10.430582	16.233135	77.068046	30.646511	19.993397	73.817373	12.637319	18.896854	85.651303	21.058367	20.714	76.771715	23.910584	22.380896	58.402816	23.939721	19.464786
40.422892	5.442147	1.141109	36.253823	16.019139	5.837048	51.323218	5.301179	7.70197	47.636887	16.31548	11.088488	51.722112	26.191476	15.788749	59.050676	32.117661	17.454831	60.271815	10.935679	17.393275	78.168703	30.502441	20.769837	75.104816	11.944524	19.676838	86.802747	20.933482	21.521645	77.877959	23.78459	23.161373	59.296185	23.768291	19.990148
40.497079	5.455346	1.198218	36.860199	16.086253	6.238355	51.790247	3.873798	7.856052	49.889203	16.744746	11.719508	52.886678	26.022376	16.358037	60.161715	31.82275	18.143271	61.374741	11.07543	18.10055	79.420023	30.369332	21.577051	75.885022	12.102813	20.490075	88.202738	20.806378	22.232405	79.114306	23.665322	23.934665	60.523952	23.584586	20.507883
40.531095	5.46367	1.236037	37.278067	16.177963	6.717614	51.931249	4.206032	8.046667	50.983514	15.939247	12.035224	54.247109	25.876175	17.127495	61.461249	31.481564	18.638361	62.63348	10.666405	18.877192	80.828317	30.236179	22.38801	77.806792	11.695359	21.285213	89.732304	20.732974	23.219901	80.517524	23.516914	24.578354	62.039152	23.320966	20.660174
40.613378	5.497449	1.397326	38.051251	16.255352	7.202521	52.244424	4.259277	8.274257	51.55175	15.382329	13.854559	55.791213	25.71442	17.950483	62.931074	31.107836	19.120219	64.09012	10.795797	19.540071	82.403839	30.059119	23.211515	79.427806	11.854759	22.114394	91.350923	20.62676	24.172008	82.17723	23.400698	25.45342	63.505418	23.31103	22.216071
41.173087	5.215173	1.5491	38.481043	16.219595	7.015936	53.628391	3.695644	8.406213	53.796434	15.950934	13.682224	57.470947	25.425859	18.754751	64.576988	30.711629	19.875401	66.164213	10.685678	20.384101	84.218145	29.840874	24.142646	81.141041	11.76155	23.063729	93.122526	20.512355	25.186758	83.977084	23.246258	26.353446	65.439114	23.041267	22.992252
41.23315	4.821936	2.459902	39.242635	16.310781	7.535026	53.871351	4.094418	8.831756	54.490554	15.762058	14.278532	59.397419	25.121525	19.669344	66.740068	31.010415	21.10119	67.801498	9.483913	21.322842	86.245428	29.584961	25.126905	82.936997	11.403284	24.056931	95.426346	20.587871	26.713462	85.973669	22.963455	27.303234	67.171593	22.683882	23.399346
41.474377	5.188112	2.788592	40.2156	16.101709	8.049488	55.027343	3.624997	9.378727	56.212016	15.336648	15.092623	61.525681	24.715157	20.128624	68.862521	30.824959	22.15796	70.143054	9.37361	22.181042	88.476052	29.244741	26.190845	84.983753	11.587564	25.003308	97.385848	20.256394	27.660629	88.166111	22.626698	28.316893	69.343537	22.409949	24.480301
42.144049	5.80546	2.99959	41.116382	17.046431	8.514489	56.253829	4.293115	9.831367	58.45623	14.348368	15.954796	63.886865	24.521214	21.891996	71.215685	30.459581	23.136607	72.43833	9.809562	22.983002	90.902856	28.828033	27.200785	87.614678	10.696383	26.033465	99.773196	19.138209	28.30832	90.563193	22.17132	29.340797	71.602766	22.069746	25.409311
42.11584	5.66091	3.725829	41.921803	15.449872	9.278331	57.402728	4.308728	11.293664	60.613629	13.947426	16.868826	66.336317	24.303304	23.629876	73.730963	30.032742	24.268045	74.468129	8.386826	24.15827	93.493264	28.338008	28.278813	89.633627	10.791984	27.883252	102.537398	19.383873	29.620706	93.148704	21.683452	30.418998	74.422299	21.794779	26.896983
42.460409	5.44296	4.101547	43.394937	16.185679	10.264961	58.559653	4.506423	12.218261	62.3939	13.840689	19.392102	68.934058	23.98934	24.925241	76.442725	29.547125	25.426669	77.18032	8.961452	25.602853	96.287346	27.81912	29.385036	92.500264	10.129263	28.641198	105.378564	19.088591	30.678539	95.869082	21.158289	31.375644	77.228592	21.410647	28.074618
43.095022	4.936135	4.532497	44.509645	16.297903	10.892123	60.006178	4.7135	13.188114	64.613199	12.942458	20.562116	71.774468	23.485426	26.113617	79.312766	29.032977	26.560772	80.248393	8.711818	27.058086	99.265619	27.295947	30.506638	95.479299	9.533469	29.693115	108.284365	18.264957	31.520978	98.820716	20.653523	32.48747	80.109657	20.927545	29.210164
43.779406	5.030105	4.91428	46.128708	15.828755	11.51927	61.90914	4.34629	14.160026	67.681629	13.073093	21.2541	74.700444	22.963796	27.206603	82.385998	28.505084	27.718806	82.482654	7.98351	27.476021	102.396151	26.76091	31.631698	98.469367	9.473702	30.701975	111.401384	17.461846	32.440037	101.976449	20.142705	33.617932	83.117179	20.422529	30.341693
44.857203	5.432758	5.476253	47.557744	15.103477	12.248963	64.569886	5.140794	15.227391	70.435355	12.23479	22.677359	77.785473	22.410373	28.233334	85.60626	27.965659	28.908683	85.559959	7.751294	28.954485	105.735442	26.224294	32.741881	101.964301	8.481211	32.387812	114.582629	16.930435	33.481408	105.69264	19.548016	34.388954	86.209647	19.80844	31.420236
45.385513	4.78322	6.574289	49.610435	13.816022	13.068627	67.07241	5.094784	16.357005	72.839948	12.235596	24.08727	81.036712	21.732202	29.378811	88.998647	27.444253	30.274294	89.510223	6.299216	29.756254	109.173418	25.675084	33.808474	105.106678	7.925206	33.566997	118.228116	16.400596	34.495343	109.151888	18.8751	35.297462	89.53474	19.275262	32.484513
46.922093	4.362834	7.391779	51.922965	13.00262	14.887769	69.682211	4.521587	17.651734	76.275856	11.398853	25.442099	84.752792	21.043762	30.660546	92.493425	26.895322	31.621335	92.482182	6.160768	31.619512	112.738716	25.077869	34.790506	108.734311	7.876407	34.559731	121.765083	15.870667	35.360902	112.668573	18.193538	36.19844	93.068219	18.733882	33.685162
48.994368	4.591527	8.471338	54.070588	12.042011	15.797282	72.199109	4.823971	19.056287	79.298127	10.591742	26.888919	87.674587	20.546441	31.60418	95.982925	26.280741	32.927171	96.360934	5.373426	32.893772	116.330726	24.42528	35.598091	112.118688	7.00986	35.464133	125.320369	15.313713	36.075219	116.217933	17.652392	37.125908	96.312279	18.125235	34.87923
50.875627	4.566553	9.743388	57.27731	10.795169	16.682474	75.328857	5.15722	20.62785	82.776823	10.873591	28.302288	91.8105	20.080203	33.123411	99.566696	25.634669	34.186994	99.811204	5.606864	33.952699	120.025829	23.83456	36.368751	115.602382	5.874171	36.303213	129.021905	14.632848	36.570682	119.840605	17.087018	37.854726	100.107264	17.527384	36.348223
53.250756	3.551901	10.425269	59.789835	10.207957	17.965967	77.531592	4.405504	22.284874	86.19586	10.106555	29.869716	95.0626	19.499894	34.324899	103.243678	25.008364	35.291068	103.509858	4.76433	34.930625	124.235384	23.145839	36.596655	118.792192	5.490652	36.868039	132.76102	13.906272	36.904638	123.550486	16.491512	38.458162	103.889739	16.864618	37.583566
56.436346	3.333219	12.082414	62.996848	10.119731	18.97996	80.23463	3.930375	23.908528	89.40773	9.614975	31.414829	98.386768	17.751027	34.935406	106.940365	24.302564	36.334982	106.899069	3.886174	35.696088	127.997675	22.484872	36.983021	122.744274	5.088645	37.517818	136.461123	13.265132	37.162616	127.324089	15.863416	38.881165	107.595275	15.960626	37.583314
59.240254	2.503983	13.513593	65.8381	8.735064	20.425216	83.751949	4.276004	25.478421	92.543485	8.814199	32.728891	102.148571	17.806778	36.46645	110.260825	23.952029	37.479705	110.735391	3.164881	36.03345	131.681337	21.744632	37.332853	126.761217	3.885415	36.778645	140.080333	12.605224	37.285235	131.071385	15.229337	39.160384	111.783131	15.364234	39.004307
62.437345	1.943774	14.878606	69.184174	8.728902	21.767169	87.117593	4.252197	26.604943	95.823169	8.479581	33.668535	106.402609	17.503516	37.405169	113.763987	23.315696	38.374136	114.632806	2.250279	36.613356	135.30227	21.08215	37.495681	129.614995	3.94507	37.068424	143.605419	11.914886	37.222331	134.768768	14.556976	39.291833	114.948451	14.633892	39.558842
65.273579	1.130455	16.316158	72.380113	7.611168	23.063695	90.403291	3.317517	27.324753	99.599983	7.584373	34.427423	110.044161	16.689614	38.165799	117.351132	22.658917	38.888838	117.38511	1.40943	37.538743	138.814389	20.423488	37.55358	134.28007	3.009844	37.705271	147.017651	11.206962	37.01907	138.346353	13.890816	39.246369	118.463762	13.963765	39.799247
68.276674	0.53083	17.434567	76.148686	6.505219	24.382287	94.387942	1.884797	28.191521	102.912307	7.191088	35.064771	113.703765	15.991452	38.772771	120.940753	21.944276	39.295209	121.065061	0.355857	37.526428	142.23687	19.76294	37.445832	136.930325	1.574574	37.054144	150.366907	10.8152	36.905671	141.51759	13.356237	39.850718	122.145473	13.230844	39.668144
71.738509	-0.535716	18.901237	79.60164	5.975035	25.747977	97.528734	1.211862	28.833682	106.499226	6.491704	35.507893	116.868329	15.379841	39.243645	124.541365	21.300883	39.495154	124.387631	0.246299	37.066653	145.634084	19.176614	37.207965	140.456681	2.429421	37.301625	153.753459	10.363147	36.651171	144.791541	12.703165	39.819408	126.066836	12.664091	40.183234
75.65276	-1.878421	20.360505	83.298536	5.418861	26.961882	101.07139	-0.02965	29.32503	110.255625	5.231456	35.77461	120.550156	14.609992	38.787178	128.091096	20.673811	39.39874	127.783191	-0.077571	36.831167	149.006211	18.599705	36.803969	143.898735	1.306466	36.944692	157.0857	9.807089	36.257411	148.53475	11.705763	37.979411	129.604679	12.154326	40.776996
78.69183	-2.366688	21.817806	86.656142	4.579894	28.10362	104.746591	-0.776307	29.591493	113.736043	5.234091	35.798979	124.155885	13.907249	38.593526	131.625524	20.095542	39.264444	131.589883	-1.167463	36.620751	152.394663	18.022485	36.244052	147.827042	0.439938	35.663498	160.290161	9.133541	35.344994	151.757732	11.18506	37.691146	133.230141	11.623756	40.684881
82.687661	-3.109369	23.345505	90.660633	3.7006	29.018892	108.621895	-2.352405	29.752995	118.086864	4.245981	36.148226	127.728012	13.254668	38.456139	135.066605	19.533983	38.905392	135.617545	-1.392084	36.864095	155.775787	17.41144	35.524196	151.052573	0.154275	35.359672	163.755482	8.611542	34.992143	154.679374	10.522087	36.504749	136.788878	11.053728	40.306252
86.437588	-3.188163	24.142656	95.566591	3.304387	29.666002	112.844719	-2.90082	29.674383	121.674075	3.3778	35.766502	131.264721	12.698667	38.25405	138.473294	18.962199	38.350284	138.766211	-2.348687	36.128808	159.058594	16.823886	34.598964	154.446374	-0.20264	34.938959	166.70911	7.954586	34.072387	158.518076	10.016563	35.767186	140.3361	10.454117	39.69244
90.582384	-4.284454	25.267237	100.103182	2.657225	30.346807	116.241118	-3.789523	29.441757	124.75515	3.023202	35.347739	134.737644	12.094021	37.707812	141.855582	18.39123	37.658742	142.719345	-3.136246	34.99963	162.296876	16.289522	33.655817	157.659251	-0.976887	33.937029	170.46431	6.918484	32.718821	161.868717	9.444603	34.487013	143.808765	9.820432	38.858527
95.140026	-4.627608	26.049627	104.13998	2.246176	30.92614	120.6936	-5.460973	29.175573	128.726462	1.693349	34.196858	137.719746	11.705447	38.016566	145.203788	17.828855	36.768252	146.29316	-3.706894	33.795764	165.491351	15.752708	32.481201	160.781037	-1.29466	32.717685	173.694089	6.384712	31.663384	165.230292	8.917485	33.215321	147.201947	9.187362	37.879787
99.562044	-5.587691	26.597983	108.55884	1.779971	31.216461	124.9011	-6.653287	28.717531	132.554314	1.448063	33.167254	141.32369	10.972644	36.634543	148.513383	17.328833	35.779474	149.739117	-4.002398	32.659869	168.648256	15.287975	31.206908	164.447131	-1.836993	31.494269	176.892502	5.860249	30.465277	168.081928	8.639204	33.042703	150.518642	8.639573	36.751462
104.405618	-6.393569	27.690352	113.253768	1.543933	31.305561	128.83185	-7.905187	28.103583	136.077209	1.03496	32.530167	144.577309	10.406474	35.398386	151.755003	16.828502	34.537647	153.288281	-4.412402	32.452398	171.787396	14.837531	29.834529	167.748654	-2.2107	30.012205	180.035363	5.412519	29.243709	171.150833	7.986021	31.132416	153.792212	8.128914	35.616336
108.915729	-6.419038	27.58408	118.897332	1.05183	31.56951	133.053858	-9.268291	26.565596	139.358231	0.719505	31.245455	148.104835	9.631584	33.068935	155.013622	16.286048	33.090121	156.667118	-4.405995	30.95465	174.920916	14.31073	28.280445	171.178322	-2.567381	28.492872	183.174477	4.869437	27.822317	174.30704	7.70174	30.569412	157.057585	7.591183	34.264641
113.73078	-7.445302	27.827859	123.424932	0.879196	30.875424	137.382852	-10.247507	25.783133	143.326781	-0.379432	29.854667	151.138305	9.279388	32.563976	158.256505	15.742345	31.453727	160.019396	-5.281387	28.619665	178.098631	13.776239	26.531392	174.022941	-3.05007	26.698666	186.284485	5.190035	26.571172	177.122205	6.936186	27.751116	160.355666	7.002632	32.635567
118.019757	-8.345368	27.506744	127.906429	0.567768	30.567339	141.944539	-11.114012	24.962892	146.800285	-0.70879	28.451071	154.770666	8.68012	30.889619	161.49402	15.234502	29.716069	163.28781	-5.739859	27.073243	181.205205	13.348727	24.731792	177.726468	-3.921103	25.149054	189.430857	4.226607	24.616497	180.290128	6.716445	26.887794	163.351515	6.54956	31.251018
123.467946	-8.81284	27.372781	131.808546	0.751544	30.004787	146.298729	-11.850471	24.16452	150.747495	-1.244923	26.28733	157.516014	8.420245	30.165876	164.697452	14.897166	27.954287	166.656651	-6.119946	24.80763	184.273605	13.023984	22.990586	180.881641	-4.052799	23.556881	192.020816	3.744225	22.953694	183.62716	6.149117	24.30772	166.698747	6.135824	29.383302
127.969906	-9.338443	26.498841	135.353672	0.560635	30.2537	150.686422	-12.550098	23.002481	154.30106	-1.420306	25.430154	160.472248	7.680234	27.444569	167.70341	14.598285	26.256894	169.114212	-5.992153	24.696677	187.308662	12.684487	21.609583	184.599589	-4.222087	22.612506	195.364782	3.437721	21.976165	186.467753	5.873724	23.201876	169.431757	5.916627	28.038681
133.144077	-9.835083	25.559829	139.617591	0.651581	28.236659	154.832032	-13.018177	22.226658	157.987572	-1.756048	23.790494	162.565976	7.502224	27.083471	170.271136	14.226193	24.890873	172.222083	-6.353665	23.115333	190.001935	12.405499	20.71554	187.395437	-4.736469	20.473446	197.87354	3.031031	20.786353	189.781149	5.692795	22.557696	171.935533	5.319242	26.996673
138.200805	-10.385558	24.280928	144.129964	0.060972	26.970595	159.196861	-13.481567	21.050094	161.991456	-2.056612	21.962474	165.529544	7.067255	25.446397	172.713364	13.796478	23.562464	174.833306	-6.617197	21.611775	192.399439	12.149812	20.402907	188.916868	-5.247847	20.886076	199.992494	2.695149	20.100686	191.777832	5.687234	22.935969	174.44971	4.956938	25.47675
143.653872	-11.115784	22.068366	148.621932	-0.052008	25.207163	163.936517	-14.166965	19.897652	164.157806	-2.084672	20.925757	167.8823	6.698508	24.491411	174.550627	13.307646	22.161498	177.618699	-7.036575	20.070808	194.638267	11.905173	20.366112	192.249442	-5.826059	20.256332	NaN	NaN	NaN	193.728119	5.42292	22.84584	176.015607	4.925515	25.548479
147.933687	-10.908666	20.466565	151.587529	-0.239454	23.223777	167.623546	-13.699695	20.32552	166.577786	-2.1537	19.823521	169.526149	6.533702	24.064405	176.182863	13.180274	22.401525	179.46232	-7.340591	19.695609	196.086702	11.630165	20.597932	193.586073	-5.883947	20.872234	NaN	NaN	NaN	196.016214	5.164929	22.87731	178.340012	4.373014	25.19077
151.959598	-11.534066	18.15115	154.818844	0.302941	20.523307	170.575305	-14.230743	19.499572	168.679652	-2.176194	19.505455	170.786538	6.167192	22.988794	178.038563	12.789652	21.180472	180.939644	-7.57269	20.056185	198.027523	11.31166	20.664028	194.767673	-6.442386	20.504393	NaN	NaN	NaN	197.731526	4.795284	22.683046	179.080729	4.31732	24.847285
156.847784	-12.319019	15.786421	158.226682	-1.945368	18.379782	173.705316	-14.205773	18.758746	170.143355	-2.249935	18.797632	172.190202	5.770853	22.133601	180.045447	12.386868	20.182412	182.383372	-7.95771	20.059051	199.10962	10.919688	20.608852	NaN	NaN	NaN	NaN	NaN	NaN	198.971901	4.458507	22.880831	180.734212	4.018703	24.668624
160.519426	-13.129626	13.623191	161.050576	-2.107168	15.441744	177.293298	-13.094883	17.414689	172.302476	-2.517895	17.66303	174.109866	5.107903	20.063723	180.83478	12.110547	20.169117	184.333155	-8.576231	19.271506	NaN	NaN	NaN	NaN	NaN	NaN	NaN	NaN	NaN	200.018737	4.096551	23.099735	182.001392	3.395345	22.908843
164.418305	-13.556835	10.534346	163.098184	-2.943052	13.724464	178.354447	-13.331154	16.819399	173.630241	-2.711114	17.130743	174.959641	4.932098	20.055142	182.516402	11.987552	20.569663	186.480885	-9.121789	18.903069	NaN	NaN	NaN	NaN	NaN	NaN	NaN	NaN	NaN	NaN	NaN	NaN	183.30055	3.045621	22.383021
167.580786	-14.509117	7.906931	164.7464	-3.630917	12.317742	180.554608	-13.70894	15.361286	175.581403	-3.59888	16.357024	176.805409	4.756594	19.142078	183.200632	11.97004	20.678595	187.46575	-9.266308	18.618775	NaN	NaN	NaN	NaN	NaN	NaN	NaN	NaN	NaN	NaN	NaN	NaN	185.219605	2.444985	22.36946
170.073474	-15.557137	6.22987	166.136006	-4.860606	9.759207	181.254165	-13.645281	15.079091	177.380253	-4.191117	13.94175	177.78089	4.638051	18.46365	184.589968	11.687304	19.213992	188.322384	-9.466757	18.667284	NaN	NaN	NaN	NaN	NaN	NaN	NaN	NaN	NaN	NaN	NaN	NaN	186.016036	2.438818	22.271484
172.311954	-16.129651	3.850881	167.777992	-5.403937	7.329236	182.838341	-13.859443	14.268117	178.048732	-4.150859	13.963459	179.361514	4.098948	15.485038	186.336665	11.287851	17.222749	189.640798	-9.974301	17.55839	NaN	NaN	NaN	NaN	NaN	NaN	NaN	NaN	NaN	NaN	NaN	NaN	186.480465	1.857463	19.855964