16.209846	0.079995	5.00343	12.663411	6.843096	9.146759	28.468172	6.085974	10.748897	18.800624	19.844256	11.019046	21.742383	22.132167	15.148768	142.73787	56.317082	16.959233	28.007824	11.042295	15.744762	126.714434	57.896678	19.021056	45.054278	10.062896	18.333378	55.6572	17.806454	19.382241	45.70907	18.216004	19.596344	29.484819	19.643336	19.080389
16.014784	0.824046	5.007095	12.359917	6.564098	9.369289	28.432395	6.129967	10.664496	18.82332	19.809449	11.02816	21.683131	22.201921	15.132248	142.745237	56.35496	17.074348	27.849015	10.016776	15.778264	126.703165	57.943942	18.92815	45.020557	10.159472	18.271531	55.689475	17.747505	19.386226	45.693514	18.261107	19.609428	29.428265	19.621394	19.136452
16.02667	0.795874	5.005535	12.337186	6.634983	9.373774	28.433677	6.130298	10.666298	18.821066	19.809716	11.031487	21.681291	22.202341	15.135915	142.747907	56.352047	17.078755	27.83885	10.01649	15.781879	126.704705	57.948377	18.928716	45.01983	10.159803	18.273455	55.687522	17.747762	19.388132	45.695374	18.261917	19.615044	29.426422	19.621853	19.140133
15.927257	0.930781	5.026598	12.336457	6.609277	9.379022	28.433842	6.130844	10.669761	18.823192	19.809878	11.033112	21.682373	22.202822	15.141013	142.743399	56.351925	17.081694	27.840114	9.947149	15.78995	126.703165	57.943942	18.92815	45.022387	10.160413	18.277081	55.68764	17.748232	19.391733	45.696166	18.261859	19.614893	29.427482	19.624715	19.145143
15.989372	0.835727	5.018208	12.336078	6.635995	9.381894	28.435124	6.131175	10.671563	18.820844	19.809945	11.034684	21.68124	22.202951	15.142695	142.745389	56.352094	17.078662	27.837899	10.019537	15.786905	126.703001	57.946057	18.929936	45.02256	10.163262	18.280487	55.687325	17.750708	19.393258	45.696805	18.262636	19.620468	29.424406	19.622811	19.148887
15.990056	0.831173	5.021428	12.335523	6.639272	9.387094	28.436407	6.131506	10.673366	18.820219	19.810449	11.038414	21.680619	22.205772	15.146299	142.744806	56.349869	17.080016	27.836775	10.019736	15.78858	126.704308	57.945952	18.929961	45.023908	10.163836	18.284072	55.68665	17.751218	19.396984	45.698096	18.262897	19.622304	29.424588	19.625546	19.152311
16.028009	0.799865	5.015289	12.337252	6.639285	9.38833	28.439709	6.134166	10.674876	18.821112	19.812911	11.039783	21.680475	22.206189	15.151308	142.742767	56.352353	17.078652	27.837661	10.019901	15.790133	126.701571	57.941455	18.929322	45.026052	10.164349	18.287505	55.687561	17.751648	19.40046	45.699064	18.265598	19.625608	29.424329	19.625832	19.155603
16.028078	0.802554	5.016796	12.334583	6.642346	9.391954	28.438976	6.134532	10.676805	18.819372	19.811182	11.045341	21.679767	22.20648	15.153294	142.745437	56.349441	17.083058	27.83703	10.020512	15.793831	126.702548	57.945579	18.93292	45.025325	10.16468	18.289429	55.686827	17.751923	19.402385	45.70204	18.26391	19.629604	29.42371	19.626346	19.159359
16.029015	0.800315	5.018452	12.336889	6.643079	9.396954	28.443006	6.134461	10.676552	18.821392	19.813511	11.045046	21.680849	22.20696	15.158392	142.742767	56.352353	17.078652	27.841055	10.022776	15.793436	126.701009	57.941145	18.932354	45.028748	10.165498	18.294675	55.691705	17.752074	19.403852	45.70373	18.266324	19.630963	29.424763	19.626901	19.164508
16.025025	0.805494	5.020044	12.337776	6.645592	9.398253	28.443907	6.137005	10.677921	18.825656	19.811471	11.048463	21.685098	22.204938	15.161834	142.739522	56.354754	17.0772	27.848301	10.025065	15.792994	126.69544	57.940919	18.935192	45.032657	10.164388	18.303259	55.702675	17.754459	19.404873	45.712563	18.267457	19.639686	29.427401	19.627282	19.169268
16.023835	0.805419	5.019954	12.340126	6.651337	9.404615	28.447205	6.137301	10.679597	18.835762	19.817092	11.055036	21.689809	22.206218	15.173979	142.73061	56.354297	17.082996	27.862246	10.030514	15.797558	126.678785	57.94202	18.945399	45.043244	10.155423	18.32235	55.742623	17.754271	19.403453	45.734978	18.265014	19.657026	29.436004	19.628282	19.180526
16.022801	0.808316	5.023066	12.344996	6.65935	9.411801	28.453886	6.140529	10.684515	18.853047	19.818995	11.073305	21.701199	22.211688	15.204773	142.707399	56.35848	17.091856	27.886795	10.04355	15.820935	126.6289	57.938891	18.967462	45.043918	10.149141	18.377701	55.84779	17.74905	19.399636	45.780181	18.258691	19.682049	29.456112	19.632686	19.204374
16.017449	0.801488	5.026885	12.347829	6.662997	9.434501	28.460326	6.145302	10.684073	18.873978	19.826444	11.115246	21.735927	22.219376	15.291981	142.672914	56.359386	17.110731	27.967382	10.064977	15.921897	126.53197	57.951374	19.004598	45.074599	10.150902	18.425535	55.956646	17.736436	19.394778	45.906139	18.258709	19.761478	29.504593	19.642185	19.270163
16.010931	0.790566	5.033546	12.366762	6.662545	9.492106	28.474192	6.148963	10.677664	18.945913	19.83375	11.213496	21.76529	22.219663	15.324376	142.610256	56.349043	17.145666	28.045258	10.065431	15.990491	126.395617	57.970868	19.005173	45.112882	10.177191	18.551583	56.114442	17.725334	19.420224	46.084504	18.25526	19.790571	29.530145	19.649388	19.29409
16.000324	0.776251	5.036417	12.367194	6.657105	9.520103	28.499724	6.15502	10.670797	19.063406	19.82721	11.340138	21.818054	22.209026	15.353639	142.480766	56.324802	17.181583	28.183794	10.099367	16.130108	126.207228	57.987475	18.988869	45.368829	10.156246	18.308404	56.292412	17.723297	19.530856	46.226044	18.250717	19.910206	29.541647	19.664411	19.317072
15.996058	0.760256	5.04415	12.37156	6.655545	9.544851	28.583099	6.156587	10.658061	19.167517	19.846139	11.387	21.961481	22.234247	15.495086	142.423474	56.332539	17.20812	28.341898	10.134975	16.282483	126.015881	57.995286	18.982045	45.542878	10.184853	18.32483	56.450686	17.73161	19.699718	46.410952	18.267542	20.045672	29.57199	19.6897	19.337723
15.982757	0.750689	5.047843	12.379551	6.656072	9.568813	28.644407	6.127815	10.644699	19.308666	19.856134	11.446853	22.128698	22.260375	15.632974	142.29314	56.315487	17.389754	28.505362	10.180787	16.427536	125.927385	57.985568	19.032755	45.719467	10.234507	18.436557	56.629082	17.751523	19.908425	46.601346	18.2953	20.193399	29.597288	19.72763	19.339791
15.95677	0.704235	5.039389	12.39096	6.650378	9.611718	28.935886	7.07963	10.502667	19.501514	19.884793	11.561521	22.324848	22.289387	15.756523	142.08591	56.279294	17.591021	28.694688	10.217483	16.565796	125.767743	57.958613	19.190451	45.906551	10.357384	19.08374	56.85926	17.80468	20.227587	46.776221	18.329473	20.434754	30.57002	20.079288	21.013145
15.909688	0.651663	5.032217	12.434503	6.653143	9.679973	28.868685	7.440851	10.490744	19.75068	19.903432	11.683815	22.59356	22.310779	15.837127	141.855638	56.256098	17.616412	28.888566	10.300238	16.633939	125.574455	57.93097	19.262029	46.164628	10.447687	19.34065	57.171906	17.866465	20.540788	47.032606	18.376074	20.658514	31.286828	20.171917	21.435216
15.908868	0.651932	5.036349	12.5759	6.665629	9.760582	29.031219	7.535997	10.457133	20.089454	19.921762	11.832942	22.938417	22.331761	15.9737	141.594369	56.255654	17.629185	29.168762	10.420908	16.777108	125.278295	57.897877	19.448023	46.508859	10.5768	19.563431	57.554452	17.925664	20.76548	47.484691	18.422537	20.844969	30.708741	20.038457	20.412003
15.915389	0.662335	5.042801	12.733236	6.710713	9.895348	29.24242	7.401964	10.436947	20.479247	19.924338	11.98269	23.334571	22.341019	16.106136	141.388942	56.278171	17.647751	29.533273	10.494144	16.94591	124.90283	57.874829	19.502285	46.935993	10.652306	19.739325	58.063472	17.982297	20.920712	47.909158	18.480665	21.073083	31.19243	20.030423	20.126952
15.918028	0.694783	5.059911	12.918471	6.73379	10.041154	30.401773	7.28667	10.895031	20.893851	19.951733	12.157789	23.771378	22.3622	16.262921	140.452544	56.372441	16.880589	29.966083	10.554481	17.129646	124.429737	57.843428	19.531397	47.464826	10.738699	19.828833	58.681248	18.041954	21.012889	48.343281	18.549382	21.273646	31.607734	20.075397	20.191499
15.929272	0.709779	5.079461	13.09919	6.74185	10.19868	31.762151	6.227789	11.552407	21.345101	19.974401	12.357509	24.26778	22.392509	16.44755	139.869609	56.37692	16.962872	30.444148	10.621663	17.299378	123.882914	57.807886	19.536858	48.024114	10.877316	19.903397	59.348699	18.174528	21.013967	49.132739	18.72435	21.709669	32.082339	20.203842	20.244821
15.944469	0.72686	5.179631	13.259003	6.763618	10.368555	30.850464	6.005272	10.344369	22.011321	20.019244	12.773316	24.80496	22.417193	16.653765	139.34753	56.345866	17.066811	31.024961	10.688698	17.497872	123.22089	57.715224	19.529499	48.986716	10.894634	19.220876	60.049198	18.209563	21.010762	49.86658	18.772026	21.724103	32.680839	20.245377	20.350521
15.972455	0.726452	5.306337	13.425323	6.761583	10.542305	30.742396	6.059389	10.631363	22.612476	20.034233	13.089064	25.397691	22.427163	16.916734	138.793211	56.336397	17.282229	31.713084	10.731541	17.742016	122.518969	57.690877	19.488546	49.840517	10.971484	19.19252	60.822049	18.300735	21.139759	50.625705	18.838565	21.802482	33.392811	20.28247	20.529948
15.975126	0.782767	5.33592	13.625987	6.741091	10.709873	30.911586	5.812527	10.640187	23.262289	19.982067	13.435858	26.114667	22.41075	17.285561	138.184679	56.334735	17.564095	32.542008	10.760956	18.070723	121.742007	57.64555	19.500204	50.705056	11.084571	19.452304	61.758074	18.516786	21.432071	51.507364	19.004721	22.070343	34.105652	20.285398	20.730976
16.030888	0.857124	5.387723	13.859125	6.665157	10.874263	31.146665	5.335885	10.854235	23.95524	19.156987	13.914638	27.203409	22.252696	17.240213	137.351027	55.62681	18.262182	33.550329	10.711373	18.483004	120.894731	57.571964	19.633326	51.7137	11.211775	19.903169	62.827946	18.794895	21.926037	52.55019	19.127394	22.520027	34.892394	20.256247	20.97054
16.105876	0.916732	5.535077	14.781297	6.780853	11.58596	31.511741	4.740965	10.958083	24.960991	19.221303	14.37474	28.281226	22.019974	17.675262	136.345952	55.686775	18.620369	34.864031	10.599777	18.904822	119.844809	57.428535	20.085915	53.012887	11.407958	20.536068	64.094962	19.114878	22.754977	53.696933	19.228327	22.353684	36.620979	20.327048	22.743088
16.189291	0.970522	5.523647	15.603418	6.872431	12.085297	32.062834	4.137828	11.114232	26.260219	19.119028	14.942523	29.58654	21.73943	18.127788	135.086411	55.797354	19.086372	36.435199	10.501597	19.39492	118.476164	57.35794	20.416434	54.618368	11.53507	21.365667	65.576356	19.439045	23.773797	54.955455	19.403256	23.424085	38.253944	20.241658	23.426906
16.299152	1.128377	5.671493	16.376689	6.948082	12.61273	32.698682	3.553765	11.331366	27.806166	18.960674	15.641755	31.342344	21.556585	19.902405	133.627472	55.958591	19.731253	38.213665	10.393978	20.045603	116.979167	57.245784	21.211403	56.421862	11.653918	22.339183	67.212912	19.74192	24.872579	56.639876	19.516343	24.237798	39.870394	20.144921	24.070247
16.468412	1.277174	6.018457	17.11307	7.003275	13.122393	33.442657	3.034281	11.691971	29.559873	18.818151	16.511539	33.196166	21.287551	20.768919	131.942837	56.050935	20.543116	40.194275	10.312099	20.918647	115.166655	57.096764	22.312074	58.375066	11.767678	23.447876	68.534333	19.95445	26.376801	58.601851	19.645903	25.321631	41.596063	20.063511	24.828785
17.253093	0.30981	6.38223	17.817483	7.018052	13.549221	34.26528	2.694748	12.176413	31.513786	18.726805	17.556275	35.179783	21.178261	21.713371	129.983426	55.994008	21.578146	42.288804	10.288232	21.985372	113.103288	56.967213	23.507596	60.45099	11.855075	24.606905	70.485013	20.11667	27.678202	60.726906	19.771838	26.457924	43.385852	19.993641	25.656976
17.226247	0.432753	6.910027	18.563986	6.983698	13.98256	35.180902	2.521339	12.682634	33.609461	18.623451	18.574158	37.266383	21.09566	22.618171	127.852396	55.895752	22.718604	44.548114	10.266602	23.076859	110.828149	56.846316	24.771277	62.711815	11.987692	25.820479	72.75843	20.262442	28.995548	63.067231	19.892698	27.646971	45.210721	19.962982	26.456552
18.013858	0.819458	7.624298	19.355077	6.952694	14.41077	36.205087	2.471104	13.245713	35.683366	18.521413	19.66247	39.570308	21.110535	23.613167	125.550735	55.811055	23.904814	46.983932	10.290538	24.183552	108.381357	56.72087	26.106736	65.120714	12.114115	27.111531	75.185462	20.40525	30.362642	65.517243	20.01242	28.92206	48.061292	19.957794	26.88237
17.85201	1.155446	8.364599	20.22583	6.925752	14.805371	37.964685	2.559013	13.797004	38.088774	18.416185	20.736035	41.781895	21.150228	24.577836	123.040812	55.727117	25.172102	49.589604	10.371007	25.318988	105.784162	56.608411	27.435174	67.689083	12.197334	28.426394	77.768219	20.437547	31.751776	68.162128	20.075634	30.195125	50.745259	20.050628	28.080341
18.217665	1.411169	8.632768	21.17592	6.942203	15.201935	39.102758	2.825147	14.782008	40.764352	18.326952	21.891381	44.757258	21.131457	26.01545	120.363542	55.655486	26.454859	52.322558	10.511355	26.449696	103.024304	56.5033	28.78973	70.395573	12.333199	29.729543	80.4922	20.457581	33.141211	70.883474	20.206196	31.525142	53.489707	20.13824	29.145304
18.500767	1.745101	9.130479	22.245203	6.95482	15.597292	40.886521	3.234878	16.027223	43.672801	17.553784	23.052154	47.640705	21.080248	27.184385	117.494648	55.588079	27.706075	55.191088	10.63593	27.566525	100.145428	56.38661	30.122503	73.232242	12.453266	31.044575	83.348762	20.6038	34.511044	73.027935	20.325061	32.703461	56.324624	20.225366	30.229252
19.558782	0.623763	9.8811	23.360692	6.996928	16.265946	42.489835	3.659698	16.734151	46.535268	17.272372	24.225567	50.593813	21.053432	28.328629	114.541	55.531374	28.783987	58.221306	10.631353	28.661432	97.13607	56.287884	31.396327	76.142283	12.562014	32.38185	86.368289	20.749688	35.850674	75.938011	20.451376	33.900326	59.174798	20.203141	31.263498
20.480187	0.694457	10.334792	24.755538	6.984922	16.70969	44.193508	4.116237	17.68779	49.424115	17.332289	25.372017	53.593267	21.114633	29.402592	111.452602	55.523489	29.815503	61.340234	10.588314	29.718249	94.036684	56.188703	32.613904	79.046134	12.68982	33.654015	89.522691	20.885564	37.138323	79.039237	20.555833	35.068277	62.070119	20.177919	32.251682
21.419111	0.829515	11.062721	26.474314	6.964152	17.304357	46.939364	4.952436	18.545219	52.348996	17.396566	26.51935	56.620598	21.177939	30.404468	108.291982	55.572426	30.80394	64.561742	11.655803	30.780741	90.817451	56.12404	33.755286	82.237822	12.718395	34.819575	92.750822	21.000212	38.294218	82.212261	20.576839	36.198414	64.989698	20.225767	33.197132
23.142271	1.413384	12.342074	28.403101	7.029205	17.973663	49.177006	5.47386	19.752524	55.394872	17.455563	27.67472	59.820307	21.472614	31.344087	105.068218	55.670521	31.771212	67.825212	11.732902	31.777091	87.495729	56.169768	34.772259	85.530166	12.77432	35.897755	96.077484	21.079194	39.317868	85.563575	20.647159	37.309684	67.92223	20.271978	34.04963
24.70725	1.894401	13.57227	30.614113	7.135727	18.825199	51.52083	5.974194	20.894452	58.576964	17.397981	28.842967	63.101814	21.554381	32.170366	101.757165	55.745703	32.753542	71.169344	11.744655	32.746443	84.049321	56.12377	35.772631	88.909226	12.751099	36.813676	99.518208	21.007688	40.263303	88.988832	20.626917	38.290577	71.739952	20.34819	35.38315
26.60681	2.182754	14.733155	33.085318	7.204046	19.839912	54.095204	6.454548	22.019797	61.814916	17.357617	29.989661	66.796684	21.577642	33.068172	98.372322	55.712178	33.773408	74.535998	11.789642	33.682697	80.559616	56.134706	36.663769	92.32602	12.710422	37.664839	103.008432	20.907515	41.06504	92.455124	20.645482	39.130438	75.372978	20.331591	36.369329
29.154023	2.503799	15.962415	35.763429	7.175951	20.923291	56.923377	6.789881	23.14309	65.278767	18.257245	31.049756	70.185331	21.554133	33.96148	94.92631	55.691437	34.750912	77.972355	11.785174	34.554726	77.02802	56.221316	37.414826	95.790046	12.616217	38.338156	106.54832	20.763755	41.71981	95.923641	20.553857	39.878908	78.316914	20.291724	37.426537
31.823822	2.478495	17.259739	38.772661	6.95017	22.153464	59.987527	6.956803	24.076912	68.457661	17.431713	32.212728	73.641824	21.491012	34.886545	91.414518	55.522805	35.770615	81.427271	11.734796	35.281619	73.410496	56.373638	38.028555	99.273287	12.493615	38.937276	110.120078	20.604135	42.279571	99.441808	20.421562	40.515384	81.477113	20.199299	38.168512
35.22968	1.519953	18.501377	41.984398	6.584518	23.33779	63.249946	6.902135	24.482016	72.012174	17.560294	33.1846	76.326753	21.374565	35.50331	87.889047	55.604108	36.650798	84.927366	11.719343	35.936078	69.766914	56.545051	38.528402	102.78132	12.348431	39.416884	113.696127	20.430574	42.70651	103.021231	20.282119	41.070972	85.327694	20.016475	38.301658
38.643036	1.094792	19.676891	45.643959	6.014848	24.260741	67.133364	6.846915	25.417531	76.053873	17.513183	34.43501	80.114187	21.31739	36.652632	84.386589	55.732095	37.443961	88.451508	11.657608	36.502682	66.143827	56.697792	38.9303	106.348948	12.204655	39.7704	117.287101	20.232961	42.994164	106.600815	20.131536	41.531696	89.064409	20.308869	38.930509
42.138027	0.447358	20.662599	49.290138	5.312757	25.283102	71.298665	5.942766	26.234128	79.250334	17.4176	35.124616	83.652467	21.220216	37.413513	80.891796	55.865504	38.083476	91.961681	11.586113	36.976072	62.573063	56.894476	39.241791	109.909623	12.074595	40.013011	120.851242	20.03211	43.148826	109.661212	19.957272	41.652802	92.73774	20.213909	39.5044
45.932384	-0.287722	21.887526	53.035813	4.521983	26.175207	75.198537	5.692099	26.935232	82.694753	17.35382	35.747879	87.182342	21.199526	38.440831	77.40433	55.986026	38.649139	95.472694	11.535338	37.376222	59.027524	57.064391	39.498873	113.465336	11.948164	40.114477	124.465332	19.764384	43.110558	113.242405	19.758225	41.736704	96.361134	20.091949	39.957305
49.920622	-1.078203	22.988048	56.953719	3.838237	27.157279	79.056073	5.31895	27.254324	86.118708	17.307128	36.187985	90.756282	21.147496	38.931109	73.901753	56.029776	39.119646	98.980713	11.434726	37.66687	55.43047	57.21868	39.601188	117.81724	11.551759	40.562843	128.020271	19.392146	42.967999	116.786435	19.553094	41.798609	99.733832	20.052889	40.893648
54.084826	-1.897402	23.745525	61.454919	2.970644	28.260506	82.9743	4.847873	27.41654	89.54027	17.273703	36.440645	94.24564	21.113131	39.251449	70.386531	56.048785	39.49134	102.449542	11.360131	37.793233	51.845659	57.458329	39.553735	121.338263	11.378592	40.325047	131.542934	18.959644	42.637376	120.310952	19.335532	41.699064	103.1476	19.905487	41.06499
58.496264	-2.685993	24.919535	65.942722	2.388799	29.35366	86.252947	4.815909	27.375348	93.044316	17.187257	36.592512	97.741658	21.026535	39.459248	66.857658	56.105464	39.667401	105.891568	11.219164	37.784518	48.309266	57.693387	39.344252	124.820589	11.213531	39.947204	135.009171	18.559957	42.12358	123.807014	19.124696	41.435924	106.571263	19.768086	41.094762
63.274548	-3.350077	25.822101	70.460159	1.944866	30.309816	91.013622	4.152744	27.463316	96.521218	17.037064	36.61677	100.635509	20.653997	39.179062	63.455639	56.265372	39.675858	109.354931	11.085585	37.597641	44.89173	57.93606	38.977229	128.088423	11.929382	39.329176	138.356391	18.170295	41.449458	127.214528	18.957454	41.017026	109.98815	19.641694	40.963491
68.054718	-3.911138	26.708685	75.146501	1.62404	31.153586	95.763245	4.481698	27.429636	100.001424	16.810654	36.491643	103.779666	20.426995	38.825276	60.28988	56.888396	39.298	112.838198	10.856795	37.214183	41.525475	58.1601	38.409307	131.228717	10.525914	38.620325	141.716274	17.859788	40.552625	130.562623	18.705262	40.338556	113.494896	19.45961	40.688258
72.944628	-4.351757	27.563419	79.848234	1.397509	31.824525	100.313008	3.488948	27.424871	103.48355	16.542023	36.303261	107.061888	20.151729	38.462787	56.903879	57.244816	38.9117	116.331612	10.585957	36.666929	38.213573	58.323966	37.690807	134.754786	11.327548	37.705427	145.023747	17.883309	39.523905	134.389324	18.476418	39.714227	116.98876	19.201565	40.293824
77.285482	-4.737575	27.940599	84.603153	1.290464	32.355988	104.451096	2.792699	27.47763	107.279168	16.586034	35.85455	110.438411	19.795187	37.979247	53.53873	57.517486	38.38088	119.837877	10.277662	35.932109	34.970591	58.471813	36.783498	138.365062	10.857372	36.65924	148.319317	17.80808	38.334335	137.890701	18.285377	38.802026	120.488853	18.885798	39.684756
82.264767	-4.937013	28.408754	89.392703	1.343183	32.823512	109.004157	2.102014	27.301771	110.750049	15.532176	35.242172	113.822714	19.353306	37.307299	50.196867	57.786574	37.665746	123.178884	9.942779	34.843189	31.780325	58.610964	35.674953	141.514879	9.976616	35.411341	151.635486	17.664429	36.981538	141.275149	18.114032	37.633621	123.991646	18.48864	38.901063
87.898769	-5.429116	29.119224	94.109121	1.215249	32.877221	113.370423	1.302119	26.336156	114.455089	15.019067	34.221164	117.276005	18.914843	36.47018	46.903404	58.078824	36.782553	126.66702	9.604746	33.714597	28.625577	58.766494	34.406606	145.271069	10.726457	34.004354	154.922724	17.546681	35.536916	144.598367	17.975483	36.350689	127.475303	18.127375	37.923056
92.903597	-5.469149	28.904434	99.055269	1.508721	32.659989	117.691208	0.747963	26.437373	117.950282	14.540366	33.23547	120.730141	18.502337	35.460508	43.675312	58.371847	35.696614	130.147096	9.222301	32.483048	25.492157	58.939596	32.977414	148.741985	9.540251	32.535545	158.098353	17.513116	33.960518	147.891092	17.860199	34.919992	130.93423	17.741113	36.749394
98.019468	-5.451424	28.345885	103.988562	1.740338	32.098289	122.015062	0.191648	25.729488	120.940638	14.175822	32.051214	124.180987	18.121621	34.279384	40.474775	58.715247	34.412946	133.589282	8.878662	31.082395	22.64897	59.099097	31.576108	152.151474	10.209652	30.821733	161.260619	17.479381	32.249147	151.093437	17.692817	33.365511	134.313085	17.36018	35.34622
104.14746	-3.814219	27.244761	108.680074	1.56679	31.185981	126.394819	-0.154395	25.121924	124.266026	13.907373	30.661482	127.643297	17.825607	33.001264	37.312363	59.005614	32.925278	137.007163	8.648018	29.571245	20.061512	58.71021	30.304875	155.34727	9.287354	29.164122	164.409489	17.539465	30.496156	154.281999	17.654474	31.73778	137.725461	17.107846	33.862232
108.436913	-4.7207	26.020649	113.37166	1.666066	29.954392	130.780452	-0.328873	24.311096	127.604475	13.777242	29.293415	131.092449	17.700222	31.706387	34.193285	59.025269	31.270453	140.348408	8.69535	28.099695	17.148567	58.396411	28.548809	158.456553	9.337104	27.61165	167.51447	17.722235	28.767544	157.451624	17.86996	30.126288	141.046202	17.117178	32.437118
113.164755	-4.849727	24.599484	118.10119	2.606004	27.955424	135.263282	-0.183258	23.51937	130.947885	13.873163	27.960806	134.506194	17.886775	30.42035	31.159822	58.729095	29.333536	143.548969	9.072122	26.789715	14.184372	58.093466	26.425835	161.820802	10.774831	26.279801	169.891553	18.195517	26.46879	160.539529	18.270855	27.806344	143.477605	17.535829	31.53547
117.920517	-4.622865	23.176833	122.167964	2.8628	26.028852	139.342868	-0.050439	22.676925	134.246409	14.206142	26.608671	137.367762	18.356738	28.787563	28.261966	58.33972	27.151073	146.635336	9.61593	25.619358	11.311608	57.701271	24.222196	164.49338	10.856632	25.014078	172.386964	18.807082	25.526138	163.303646	18.91716	26.522927	146.544147	18.667807	29.912521
121.578569	-5.624421	21.686759	125.430801	3.032371	24.884955	142.787388	0.203718	21.573442	137.45827	14.600564	25.247685	140.350535	18.924568	27.371236	25.478399	58.019712	24.905341	149.532255	10.13124	24.382855	8.675945	57.466963	22.056727	167.455087	11.676388	23.773988	176.01085	18.913203	23.035895	166.070768	19.385699	25.230559	149.549755	19.376802	28.456688
125.934776	-6.080445	19.39091	128.600413	2.724414	23.18459	146.373937	0.589961	20.447945	139.838317	15.059976	24.304247	143.151762	18.822157	25.957723	23.002143	57.601904	22.936556	152.088268	10.597506	23.363077	6.221881	57.318363	20.502023	169.997233	11.502367	22.665254	178.93254	19.158668	22.557874	168.685447	19.738068	24.087576	152.337796	19.713445	27.023136
129.323078	-6.326282	17.683778	131.907567	2.507123	21.395937	149.920337	0.963687	19.596847	142.567686	14.976557	21.725853	145.982265	18.94794	24.961598	20.656833	57.756394	21.184269	154.932387	10.19564	22.134646	3.85974	57.174749	19.349289	172.467687	11.701064	21.799961	180.642508	19.415874	21.832844	171.17266	19.975367	23.084797	154.94693	19.919681	25.609084
132.269054	-6.161699	16.256414	135.172765	2.3176	19.431439	153.344871	1.167284	17.973693	145.191138	14.874767	20.225795	148.312545	18.834699	22.80942	18.360108	57.937766	19.765425	157.494775	10.6559	20.812907	1.154119	57.610975	18.287996	174.625071	11.871961	20.989059	NaN	NaN	NaN	173.486145	19.991115	22.256402	157.389434	19.9158	24.213147
136.176789	-6.38433	12.596641	138.13638	1.649777	17.281091	156.262504	1.273148	16.567407	147.569991	14.619316	18.486252	150.216891	18.61125	20.968872	16.157028	58.179427	18.556812	159.687921	10.620506	19.483878	-1.130391	57.844661	17.591069	176.246659	11.038123	19.64819	NaN	NaN	NaN	175.6564	19.77717	21.519733	159.527377	19.724106	22.995107
139.482969	-6.255288	9.822086	141.241922	2.554673	14.875767	158.64819	1.226604	15.208328	149.826222	14.342415	16.748679	152.183346	18.316864	19.489218	14.060072	58.459607	17.504222	161.714759	10.432199	18.185502	-3.648702	58.092485	17.228598	178.127952	10.683179	19.130513	NaN	NaN	NaN	177.728932	19.357445	20.804481	161.446185	19.411349	21.834205
141.764819	-6.197958	6.597982	142.285426	1.861994	12.625099	160.823481	0.942975	13.536272	151.404536	14.077284	15.646064	154.092033	17.992162	18.12718	12.094874	58.747846	16.654704	163.455574	10.103409	16.899738	-6.519298	58.480704	15.525306	NaN	NaN	NaN	NaN	NaN	NaN	179.898948	18.908346	20.825067	163.159191	18.99056	20.845522
142.742555	-4.344716	5.321507	144.20477	2.654183	10.195817	162.33101	0.51971	11.616185	153.234765	13.794059	13.947302	155.544706	17.628638	16.706023	10.376558	59.056442	16.070395	165.456101	9.93755	16.230566	-7.327685	59.46878	16.184873	NaN	NaN	NaN	NaN	NaN	NaN	NaN	NaN	NaN	164.830519	18.54981	20.01077
143.282774	-2.828418	3.380918	145.731917	4.077357	8.072562	163.460257	0.141871	10.485857	155.001126	13.561151	12.236054	157.035145	17.327485	15.375139	8.899021	59.22315	15.773217	166.802709	9.528709	15.66297	NaN	NaN	NaN	NaN	NaN	NaN	NaN	NaN	NaN	NaN	NaN	NaN	166.529033	18.138592	19.644649
144.311607	-2.535412	1.586199	147.241743	5.478724	7.379807	164.38256	-0.121288	9.69964	155.821155	14.041951	11.550489	158.120182	17.316532	14.587442	7.70921	59.172286	15.697815	168.068307	9.079506	15.156326	NaN	NaN	NaN	NaN	NaN	NaN	NaN	NaN	NaN	NaN	NaN	NaN	167.280123	17.86706	18.83226
144.33801	-2.022424	4.562378	147.058433	5.536404	7.666882	165.175052	-0.078429	9.322536	156.467006	14.358311	11.51504	159.645811	17.498095	15.186401	6.770111	59.038703	15.746711	168.585822	8.903116	15.145329	NaN	NaN	NaN	NaN	NaN	NaN	NaN	NaN	NaN	NaN	NaN	NaN	168.204603	17.857681	18.583233
144.475438	-2.031753	5.537992	147.20891	5.13861	8.672175	165.758342	-0.072036	9.147014	157.057379	14.363446	12.302501	160.094473	17.554567	15.462656	6.066827	58.988075	15.879878	169.600271	8.813443	15.082681	NaN	NaN	NaN	NaN	NaN	NaN	NaN	NaN	NaN	NaN	NaN	NaN	169.103851	17.897657	18.767315
144.503897	-1.642508	6.834883	147.292617	4.729961	10.055748	166.048678	-0.094486	9.47165	157.436609	14.34432	13.656428	160.652915	17.518996	16.252639	5.608098	59.016528	16.10255	170.332124	8.912558	16.079443	NaN	NaN	NaN	NaN	NaN	NaN	NaN	NaN	NaN	NaN	NaN	NaN	169.916894	17.925729	19.225224
144.530708	-3.104945	8.189008	147.345363	4.321918	11.458273	166.166485	-0.129441	10.036579	157.904929	14.199003	13.895826	161.106795	17.404884	16.434985	5.358449	59.028545	16.305931	170.492175	8.969854	16.114556	NaN	NaN	NaN	NaN	NaN	NaN	NaN	NaN	NaN	NaN	NaN	NaN	170.430865	17.976956	19.512455
144.40641	-3.588263	9.130535	147.306833	3.878276	12.514121	165.890402	-0.085568	10.88997	157.842435	14.815374	14.9056	161.130267	17.494674	16.990492	5.290488	58.947582	16.532889	170.567487	9.12859	16.42738	NaN	NaN	NaN	NaN	NaN	NaN	NaN	NaN	NaN	NaN	NaN	NaN	170.326168	18.148078	19.840771
144.208889	-3.866328	9.787987	147.22597	3.566204	13.355426	165.642649	-0.019494	11.376541	157.827861	13.498145	15.018095	161.109629	17.604753	17.536995	5.361533	58.794893	16.764629	170.491661	9.339298	16.760975	NaN	NaN	NaN	NaN	NaN	NaN	NaN	NaN	NaN	NaN	NaN	NaN	170.289658	18.333258	20.173102
143.91148	-3.958324	10.205142	147.563296	2.476742	14.213969	165.318506	0.033321	11.653924	157.689205	13.501692	15.429599	161.032335	17.781547	17.985953	5.568823	58.691954	16.825432	170.273965	9.530241	17.001479	NaN	NaN	NaN	NaN	NaN	NaN	NaN	NaN	NaN	NaN	NaN	NaN	170.086954	18.545873	20.492119