0.000000,0.000000,0.000000,-0.015754,0.015633,-0.018767,-0.017421,-0.013149,-0.019194
0.000000,0.000000,0.000000,-0.015654,0.015587,-0.018737,-0.017378,-0.013117,-0.019106
0.000000,0.000000,0.000000,-0.015546,0.015542,-0.018704,-0.017326,-0.013088,-0.019015
0.000000,0.000000,0.000000,-0.015396,0.015444,-0.018870,-0.017234,-0.013020,-0.019108
0.000000,0.000000,0.000000,-0.015303,0.015424,-0.019044,-0.017154,-0.013039,-0.019248
0.000000,0.000000,0.000000,-0.015241,0.015387,-0.019242,-0.017121,-0.013071,-0.019373
0.000000,0.000000,0.000000,-0.015130,0.015342,-0.019424,-0.017008,-0.013065,-0.019535
0.000000,0.000000,0.000000,-0.015067,0.015322,-0.019534,-0.016927,-0.013059,-0.019654
0.000000,0.000000,0.000000,-0.014989,0.015362,-0.019316,-0.016830,-0.013124,-0.019449
0.000000,0.000000,0.000000,-0.015028,0.015470,-0.018957,-0.016899,-0.013114,-0.019156
0.000000,0.000000,0.000000,-0.015108,0.015533,-0.018829,-0.016979,-0.013040,-0.019124
0.000000,0.000000,0.000000,-0.015246,0.015531,-0.018743,-0.017080,-0.012962,-0.019111
0.000000,0.000000,0.000000,-0.015420,0.015485,-0.018729,-0.017211,-0.012840,-0.019164
0.000000,0.000000,0.000000,-0.015654,0.015408,-0.018817,-0.017402,-0.012686,-0.019308
0.000000,0.000000,0.000000,-0.015818,0.015214,-0.019154,-0.017453,-0.012573,-0.019643
0.000000,0.000000,0.000000,-0.015895,0.015012,-0.019308,-0.017431,-0.012535,-0.019744
0.000000,0.000000,0.000000,-0.016074,0.014760,-0.019484,-0.017517,-0.012393,-0.019886
0.000000,0.000000,0.000000,-0.016244,0.014541,-0.019887,-0.017610,-0.012312,-0.020225
0.000000,0.000000,0.000000,-0.016400,0.014363,-0.020100,-0.017708,-0.012239,-0.020394
0.000000,0.000000,0.000000,-0.016569,0.014149,-0.020372,-0.017820,-0.012158,-0.020601
0.000000,0.000000,0.000000,-0.016994,0.013852,-0.020765,-0.018183,-0.012069,-0.020870
0.000000,0.000000,0.000000,-0.017335,0.013544,-0.021197,-0.018437,-0.012081,-0.021152
0.000000,0.000000,0.000000,-0.017671,0.013233,-0.021403,-0.018734,-0.011895,-0.021284
0.000000,0.000000,0.000000,-0.018196,0.012713,-0.022026,-0.019184,-0.011819,-0.021683
0.000000,0.000000,0.000000,-0.018848,0.012178,-0.022625,-0.019755,-0.011696,-0.022100
0.000000,0.000000,0.000000,-0.019530,0.011727,-0.023355,-0.020375,-0.011521,-0.022727
0.000000,0.000000,0.000000,-0.020576,0.011181,-0.024228,-0.021408,-0.011268,-0.023454
0.000000,0.000000,0.000000,-0.022033,0.010680,-0.025067,-0.022774,-0.011201,-0.024160
0.000000,0.000000,0.000000,-0.023783,0.010261,-0.026053,-0.024434,-0.011011,-0.025128
0.000000,0.000000,0.000000,-0.025904,0.009676,-0.027176,-0.026440,-0.010805,-0.026217
0.000000,0.000000,0.000000,-0.028155,0.009583,-0.027891,-0.028655,-0.010408,-0.027074
0.000000,0.000000,0.000000,-0.030624,0.009449,-0.028947,-0.030973,-0.010406,-0.028238
0.000000,0.000000,0.000000,-0.033222,0.008901,-0.030357,-0.033352,-0.010466,-0.029709
0.000000,0.000000,0.000000,-0.035587,0.009634,-0.031303,-0.035892,-0.009774,-0.030909
0.000000,0.000000,0.000000,-0.038217,0.009943,-0.032210,-0.038541,-0.009196,-0.032045
0.000000,0.000000,0.000000,-0.040421,0.010461,-0.033522,-0.040837,-0.008868,-0.033478
0.000000,0.000000,0.000000,-0.042477,0.010640,-0.034374,-0.042964,-0.008298,-0.034413
0.000000,0.000000,0.000000,-0.044099,0.012202,-0.034762,-0.044942,-0.008200,-0.034857
0.000000,0.000000,0.000000,-0.045233,0.012293,-0.035574,-0.046094,-0.009063,-0.035437
0.000000,0.000000,0.000000,-0.045295,0.013245,-0.036519,-0.046462,-0.010107,-0.036053
0.000000,0.000000,0.000000,-0.045234,0.013329,-0.037376,-0.046505,-0.011320,-0.036469
0.000000,0.000000,0.000000,-0.044817,0.014159,-0.038022,-0.046402,-0.012264,-0.036759
0.000000,0.000000,0.000000,-0.044201,0.014642,-0.038465,-0.045976,-0.013255,-0.036854
0.000000,0.000000,0.000000,-0.043927,0.014537,-0.038655,-0.045862,-0.014270,-0.036445
0.000000,0.000000,0.000000,-0.043828,0.014525,-0.038211,-0.045872,-0.014966,-0.035548
0.000000,0.000000,0.000000,-0.043931,0.014255,-0.037702,-0.046250,-0.015589,-0.034242
0.000000,0.000000,0.000000,-0.043907,0.014070,-0.037123,-0.046527,-0.016107,-0.032858
0.000000,0.000000,0.000000,-0.044206,0.013193,-0.036697,-0.046994,-0.016257,-0.031657
0.000000,0.000000,0.000000,-0.044956,0.013267,-0.035364,-0.047888,-0.016138,-0.029900
0.000000,0.000000,0.000000,-0.045491,0.013123,-0.034560,-0.048560,-0.016161,-0.028578
0.000000,0.000000,0.000000,-0.046023,0.013790,-0.033317,-0.049152,-0.015950,-0.027348
0.000000,0.000000,0.000000,-0.046670,0.014435,-0.032033,-0.049817,-0.015878,-0.026052
0.000000,0.000000,0.000000,-0.046955,0.015557,-0.030414,-0.050192,-0.015864,-0.024513
0.000000,0.000000,0.000000,-0.046956,0.016224,-0.029549,-0.050251,-0.015948,-0.023702
0.000000,0.000000,0.000000,-0.047201,0.017162,-0.028376,-0.050598,-0.015913,-0.022678
0.000000,0.000000,0.000000,-0.047345,0.017588,-0.027678,-0.050801,-0.016018,-0.021902
