0.000000000	0.000509331	-0.000706399	-0.000064287	-0.000011126	-0.000393232	0.000069794	-0.000133254	-0.000162446	-0.000032760	-0.000041078	-0.000021959	-0.000003580	0.000000247	0.000001011	-0.000003311
0.000814159	-0.000278606	-0.000008964	0.000013690	-0.000077447	0.000088932	0.000017830	-0.000007449	-0.000018328	-0.000002413	-0.000011586	-0.000005660	0.000000864	-0.000000135	-0.000000203	-0.000001555
0.001628318	-0.000265797	-0.000005917	0.000014392	-0.000077054	0.000088102	0.000016687	-0.000006565	-0.000016725	-0.000002263	-0.000011628	-0.000005399	0.000000843	-0.000000121	-0.000000203	-0.000001527
0.002442477	-0.000249074	-0.000001910	0.000015511	-0.000076143	0.000087312	0.000015140	-0.000005335	-0.000014584	-0.000002051	-0.000011663	-0.000005087	0.000000804	-0.000000089	-0.000000204	-0.000001491
0.003256636	-0.000228970	0.000002971	0.000017033	-0.000074802	0.000086613	0.000013226	-0.000003805	-0.000011949	-0.000001781	-0.000011703	-0.000004733	0.000000749	-0.000000040	-0.000000207	-0.000001448
0.004070795	-0.000206027	0.000008633	0.000018940	-0.000073121	0.000086047	0.000010987	-0.000002025	-0.000008863	-0.000001459	-0.000011759	-0.000004344	0.000000680	0.000000028	-0.000000212	-0.000001402
0.004884954	-0.000180786	0.000014981	0.000021206	-0.000071187	0.000085653	0.000008465	-0.000000048	-0.000005373	-0.000001093	-0.000011838	-0.000003927	0.000000596	0.000000113	-0.000000218	-0.000001354
0.005699113	-0.000153794	0.000021915	0.000023803	-0.000069087	0.000085465	0.000005705	0.000002072	-0.000001526	-0.000000687	-0.000011946	-0.000003491	0.000000499	0.000000215	-0.000000226	-0.000001304
0.006513272	-0.000125599	0.000029332	0.000026695	-0.000066907	0.000085510	0.000002752	0.000004284	0.000002628	-0.000000250	-0.000012089	-0.000003044	0.000000392	0.000000334	-0.000000236	-0.000001255
0.007327431	-0.000096754	0.000037127	0.000029844	-0.000064731	0.000085813	-0.000000345	0.000006535	0.000007036	0.000000211	-0.000012269	-0.000002592	0.000000274	0.000000470	-0.000000247	-0.000001208
0.008141590	-0.000067814	0.000045192	0.000033207	-0.000062640	0.000086395	-0.000003540	0.000008775	0.000011642	0.000000690	-0.000012489	-0.000002142	0.000000147	0.000000622	-0.000000261	-0.000001164
0.008955749	-0.000039335	0.000053417	0.000036737	-0.000060715	0.000087275	-0.000006781	0.000010954	0.000016388	0.000001180	-0.000012748	-0.000001702	0.000000013	0.000000790	-0.000000276	-0.000001125
0.009769908	-0.000012651	0.000061603	0.000040408	-0.000059160	0.000088627	-0.000009975	0.000012934	0.000021193	0.000001670	-0.000013043	-0.000001289	-0.000000139	0.000000994	-0.000000296	-0.000001093
0.010584067	0.000012643	0.000069746	0.000044138	-0.000057895	0.000090264	-0.000013124	0.000014787	0.000026015	0.000002158	-0.000013374	-0.000000894	-0.000000295	0.000001207	-0.000000318	-0.000001068
0.011398226	0.000036181	0.000077758	0.000047869	-0.000056959	0.000092159	-0.000016188	0.000016493	0.000030794	0.000002638	-0.000013740	-0.000000518	-0.000000451	0.000001425	-0.000000341	-0.000001051
0.012212385	0.000057598	0.000085552	0.000051542	-0.000056390	0.000094285	-0.000019125	0.000018035	0.000035466	0.000003105	-0.000014137	-0.000000162	-0.000000605	0.000001642	-0.000000365	-0.000001042
0.013026544	0.000076530	0.000093043	0.000055102	-0.000056221	0.000096613	-0.000021897	0.000019397	0.000039971	0.000003553	-0.000014563	0.000000174	-0.000000754	0.000001854	-0.000000389	-0.000001042
0.013840703	0.000091269	0.000099986	0.000058417	-0.000056750	0.000099209	-0.000024359	0.000020469	0.000044165	0.000003959	-0.000014995	0.000000472	-0.000000904	0.000002075	-0.000000416	-0.000001051
0.014654862	0.000103124	0.000106504	0.000061530	-0.000057676	0.000101933	-0.000026605	0.000021362	0.000048083	0.000004344	-0.000015449	0.000000760	-0.000001042	0.000002274	-0.000000442	-0.000001066
0.015469021	0.000112061	0.000112561	0.000064412	-0.000058965	0.000104739	-0.000028628	0.000022087	0.000051683	0.000004711	-0.000015922	0.000001048	-0.000001164	0.000002442	-0.000000465	-0.000001081
0.016283181	0.000118046	0.000118118	0.000067032	-0.000060585	0.000107581	-0.000030422	0.000022652	0.000054925	0.000005061	-0.000016410	0.000001344	-0.000001268	0.000002573	-0.000000483	-0.000001090
0.017097339	0.000121039	0.000123139	0.000069360	-0.000062508	0.000110412	-0.000031981	0.000023070	0.000057769	0.000005399	-0.000016906	0.000001658	-0.000001353	0.000002659	-0.000000496	-0.000001085
0.017911498	0.000119321	0.000127334	0.000071233	-0.000064905	0.000113272	-0.000033173	0.000023245	0.000059980	0.000005722	-0.000017430	0.000001994	-0.000001411	0.000002675	-0.000000497	-0.000001062
0.018725658	0.000114934	0.000130975	0.000072773	-0.000067504	0.000115985	-0.000034157	0.000023341	0.000061769	0.000006043	-0.000017911	0.000002381	-0.000001453	0.000002653	-0.000000489	-0.000000972
0.019539816	0.000108209	0.000134085	0.000073956	-0.000070257	0.000118472	-0.000034944	0.000023384	0.000063140	0.000006355	-0.000018336	0.000002818	-0.000001476	0.000002600	-0.000000471	-0.000000806
0.020353975	0.000099457	0.000136690	0.000074745	-0.000073136	0.000120656	-0.000035538	0.000023387	0.000064089	0.000006649	-0.000018700	0.000003298	-0.000001472	0.000002515	-0.000000444	-0.000000566
0.021168133	0.000088957	0.000138812	0.000075090	-0.000076127	0.000122457	-0.000035929	0.000023347	0.000064605	0.000006906	-0.000019007	0.000003805	-0.000001430	0.000002397	-0.000000407	-0.000000269
0.021982294	0.000076289	0.000140163	0.000074475	-0.000079375	0.000123353	-0.000035947	0.000023196	0.000064318	0.000007074	-0.000019257	0.000004315	-0.000001313	0.000002201	-0.000000349	0.000000058
0.022796452	0.000062387	0.000141129	0.000073311	-0.000082785	0.000123790	-0.000035721	0.000022933	0.000063615	0.000007158	-0.000019502	0.000004791	-0.000001131	0.000001961	-0.000000285	0.000000380
0.023610611	0.000047711	0.000141792	0.000071662	-0.000086288	0.000123809	-0.000035269	0.000022541	0.000062568	0.000007152	-0.000019771	0.000005219	-0.000000875	0.000001663	-0.000000219	0.000000674
0.024424771	0.000032796	0.000142235	0.000069626	-0.000089780	0.000123465	-0.000034634	0.000022013	0.000061266	0.000007059	-0.000020095	0.000005591	-0.000000542	0.000001291	-0.000000155	0.000000915
0.025238929	0.000018257	0.000142552	0.000067346	-0.000093115	0.000122825	-0.000033878	0.000021359	0.000059815	0.000006891	-0.000020503	0.000005910	-0.000000134	0.000000831	-0.000000098	0.000001087
0.026053088	0.000007790	0.000142856	0.000065457	-0.000095177	0.000121834	-0.000033296	0.000020815	0.000058576	0.000006694	-0.000021112	0.000006232	0.000000408	0.000000152	-0.000000063	0.000001105
0.026867246	-0.000001436	0.000143234	0.000063661	-0.000096866	0.000120749	-0.000032785	0.000020232	0.000057429	0.000006493	-0.000021798	0.000006526	0.000000964	-0.000000576	-0.000000034	0.000001078
0.027681407	-0.000009428	0.000143800	0.000062050	-0.000098227	0.000119681	-0.000032406	0.000019641	0.000056450	0.000006316	-0.000022532	0.000006798	0.000001497	-0.000001308	-0.000000009	0.000001032
0.028495565	-0.000016223	0.000144680	0.000060711	-0.000099317	0.000118748	-0.000032216	0.000019071	0.000055712	0.000006187	-0.000023288	0.000007052	0.000001980	-0.000002001	0.000000013	0.000000984
0.029309724	-0.000021885	0.000146011	0.000059728	-0.000100209	0.000118077	-0.000032262	0.000018539	0.000055282	0.000006129	-0.000024048	0.000007293	0.000002386	-0.000002614	0.000000035	0.000000940
0.030123884	-0.000025036	0.000148893	0.000060043	-0.000100812	0.000118618	-0.000033022	0.000018181	0.000055824	0.000006279	-0.000024904	0.000007531	0.000002601	-0.000003033	0.000000054	0.000000819
0.030938042	-0.000027618	0.000152347	0.000060683	-0.000101443	0.000119516	-0.000034003	0.000017816	0.000056650	0.000006508	-0.000025738	0.000007753	0.000002723	-0.000003345	0.000000074	0.000000690
0.031752203	-0.000030148	0.000156294	0.000061489	-0.000102250	0.000120703	-0.000035124	0.000017372	0.000057668	0.000006796	-0.000026533	0.000007949	0.000002758	-0.000003552	0.000000094	0.000000552
0.032566361	-0.000033162	0.000160654	0.000062300	-0.000103389	0.000122111	-0.000036297	0.000016765	0.000058782	0.000007125	-0.000027277	0.000008109	0.000002715	-0.000003664	0.000000111	0.000000402
0.033380520	-0.000037214	0.000165349	0.000062948	-0.000105022	0.000123676	-0.000037428	0.000015895	0.000059898	0.000007472	-0.000027963	0.000008220	0.000002605	-0.000003694	0.000000123	0.000000237
0.034194678	-0.000046005	0.000170298	0.000062532	-0.000108436	0.000125306	-0.000038059	0.000014202	0.000060627	0.000007734	-0.000028584	0.000008152	0.000002419	-0.000003636	0.000000112	0.000000030
0.035008837	-0.000056407	0.000175413	0.000061711	-0.000112472	0.000126940	-0.000038496	0.000012080	0.000061215	0.000007978	-0.000029133	0.000008027	0.000002193	-0.000003533	0.000000091	-0.000000201
0.035822995	-0.000068306	0.000180589	0.000060455	-0.000117059	0.000128490	-0.000038711	0.000009524	0.000061628	0.000008198	-0.000029592	0.000007860	0.000001938	-0.000003397	0.000000063	-0.000000447
0.036637153	-0.000081589	0.000185713	0.000058731	-0.000122126	0.000129867	-0.000038679	0.000006532	0.000061828	0.000008387	-0.000029944	0.000007666	0.000001666	-0.000003238	0.000000030	-0.000000695
0.037451316	-0.000096140	0.000190663	0.000056515	-0.000127608	0.000130982	-0.000038374	0.000003107	0.000061778	0.000008544	-0.000030176	0.000007461	0.000001390	-0.000003063	-0.000000007	-0.000000934
0.038265474	-0.000112225	0.000194520	0.000053552	-0.000133464	0.000131379	-0.000037564	-0.000000666	0.000061104	0.000008613	-0.000030261	0.000007234	0.000001144	-0.000002915	-0.000000036	-0.000001126
0.039079633	-0.000129241	0.000198088	0.000050118	-0.000139606	0.000131423	-0.000036485	-0.000004869	0.000060185	0.000008657	-0.000030213	0.000007030	0.000000908	-0.000002764	-0.000000066	-0.000001296
0.039893791	-0.000146928	0.000201414	0.000046262	-0.000145950	0.000131122	-0.000035168	-0.000009508	0.000059072	0.000008687	-0.000030023	0.000006869	0.000000684	-0.000002613	-0.000000095	-0.000001440
0.040707950	-0.000165001	0.000204553	0.000042039	-0.000152395	0.000130486	-0.000033649	-0.000014590	0.000057822	0.000008714	-0.000029687	0.000006772	0.000000477	-0.000002463	-0.000000124	-0.000001555
0.041522108	-0.000183139	0.000207563	0.000037513	-0.000158831	0.000129530	-0.000031972	-0.000020110	0.000056494	0.000008752	-0.000029198	0.000006760	0.000000291	-0.000002317	-0.000000151	-0.000001637
0.042336266	-0.000200147	0.000210675	0.000032754	-0.000164848	0.000128202	-0.000030186	-0.000026248	0.000055177	0.000008833	-0.000028458	0.000006940	0.000000144	-0.000002180	-0.000000176	-0.000001670
0.043150429	-0.000216670	0.000213788	0.000027856	-0.000170657	0.000126630	-0.000028346	-0.000032771	0.000053935	0.000008947	-0.000027572	0.000007220	0.000000024	-0.000002052	-0.000000199	-0.000001665
0.043964587	-0.000232457	0.000216944	0.000022920	-0.000176166	0.000124859	-0.000026520	-0.000039580	0.000052837	0.000009104	-0.000026556	0.000007598	-0.000000066	-0.000001934	-0.000000223	-0.000001621
0.044778746	-0.000247202	0.000220185	0.000018056	-0.000181261	0.000122933	-0.000024791	-0.000046551	0.000051958	0.000009312	-0.000025424	0.000008071	-0.000000127	-0.000001828	-0.000000246	-0.000001538
0.045592904	-0.000260541	0.000223554	0.000013386	-0.000185805	0.000120898	-0.000023250	-0.000053527	0.000051368	0.000009584	-0.000024191	0.000008637	-0.000000157	-0.000001733	-0.000000271	-0.000001417
0.046407063	-0.000270662	0.000227424	0.000009236	-0.000189243	0.000118888	-0.000022177	-0.000060186	0.000051271	0.000009975	-0.000022820	0.000009315	-0.000000148	-0.000001643	-0.000000309	-0.000001228
0.047221221	-0.000278795	0.000231426	0.000005492	-0.000191877	0.000116823	-0.000021469	-0.000066462	0.000051553	0.000010441	-0.000021384	0.000010083	-0.000000112	-0.000001556	-0.000000345	-0.000001006
0.048035379	-0.000284851	0.000235521	0.000002240	-0.000193640	0.000114728	-0.000021193	-0.000072176	0.000052243	0.000010975	-0.000019913	0.000010930	-0.000000054	-0.000001473	-0.000000377	-0.000000759
0.048849542	-0.000288765	0.000239670	-0.000000438	-0.000194478	0.000112634	-0.000021409	-0.000077155	0.000053361	0.000011570	-0.000018439	0.000011836	0.000000022	-0.000001399	-0.000000399	-0.000000501
0.049663700	-0.000290512	0.000243836	-0.000002471	-0.000194348	0.000110581	-0.000022171	-0.000081238	0.000054920	0.000012213	-0.000016995	0.000012779	0.000000111	-0.000001340	-0.000000408	-0.000000247
0.050477859	-0.000287926	0.000247521	-0.000003020	-0.000192292	0.000108662	-0.000024019	-0.000082753	0.000057112	0.000012857	-0.000015733	0.000013651	0.000000190	-0.000001324	-0.000000380	-0.000000040
0.051292017	-0.000283921	0.000251216	-0.000003053	-0.000189502	0.000106856	-0.000026296	-0.000083507	0.000059611	0.000013503	-0.000014541	0.000014508	0.000000278	-0.000001337	-0.000000340	0.000000144
0.052106176	-0.000279226	0.000254973	-0.000002749	-0.000186239	0.000105176	-0.000028865	-0.000083823	0.000062343	0.000014141	-0.000013413	0.000015345	0.000000373	-0.000001377	-0.000000291	0.000000307
0.052920334	-0.000274561	0.000258836	-0.000002286	-0.000182760	0.000103627	-0.000031590	-0.000084030	0.000065241	0.000014763	-0.000012333	0.000016163	0.000000476	-0.000001442	-0.000000236	0.000000450
0.053734493	-0.000270617	0.000262842	-0.000001832	-0.000179307	0.000102203	-0.000034344	-0.000084456	0.000068261	0.000015365	-0.000011284	0.000016964	0.000000587	-0.000001527	-0.000000180	0.000000577
0.054548655	-0.000271615	0.000267510	-0.000002002	-0.000177076	0.000100968	-0.000036838	-0.000086525	0.000071581	0.000015993	-0.000010207	0.000017856	0.000000698	-0.000001623	-0.000000127	0.000000675
0.055362813	-0.000273648	0.000272255	-0.000002349	-0.000175024	0.000099786	-0.000039225	-0.000089162	0.000074993	0.000016595	-0.000009083	0.000018724	0.000000805	-0.000001722	-0.000000077	0.000000758
0.056176972	-0.000276388	0.000277005	-0.000002885	-0.000173099	0.000098622	-0.000041472	-0.000092383	0.000078469	0.000017162	-0.000007888	0.000019555	0.000000906	-0.000001814	-0.000000031	0.000000824
0.056991130	-0.000279489	0.000281714	-0.000003607	-0.000171249	0.000097448	-0.000043563	-0.000096197	0.000081988	0.000017692	-0.000006606	0.000020340	0.000000996	-0.000001897	0.000000010	0.000000872
0.057805289	-0.000282590	0.000286366	-0.000004501	-0.000169423	0.000096255	-0.000045496	-0.000100603	0.000085544	0.000018187	-0.000005230	0.000021074	0.000001069	-0.000001967	0.000000046	0.000000897
0.058619447	-0.000286221	0.000291142	-0.000005829	-0.000168088	0.000095070	-0.000047138	-0.000106143	0.000089077	0.000018695	-0.000003877	0.000021793	0.000001100	-0.000002050	0.000000070	0.000000845
0.059433606	-0.000288901	0.000295925	-0.000007193	-0.000166580	0.000093891	-0.000048706	-0.000112151	0.000092695	0.000019182	-0.000002419	0.000022472	0.000001111	-0.000002122	0.000000088	0.000000761
0.060247768	-0.000290039	0.000300754	-0.000008478	-0.000164741	0.000092753	-0.000050258	-0.000118469	0.000096414	0.000019653	-0.000000847	0.000023112	0.000001102	-0.000002181	0.000000102	0.000000651
0.061061926	-0.000289043	0.000305688	-0.000009571	-0.000162425	0.000091707	-0.000051857	-0.000124927	0.000100238	0.000020114	0.000000842	0.000023714	0.000001077	-0.000002223	0.000000112	0.000000519
0.061876085	-0.000285329	0.000310800	-0.000010352	-0.000159494	0.000090819	-0.000053561	-0.000131342	0.000104160	0.000020572	0.000002640	0.000024279	0.000001041	-0.000002247	0.000000120	0.000000371
0.062690243	-0.000276240	0.000316210	-0.000010625	-0.000155770	0.000090253	-0.000055424	-0.000136998	0.000107909	0.000021034	0.000004414	0.000024792	0.000000992	-0.000002224	0.000000129	0.000000221
0.063504405	-0.000263808	0.000321949	-0.000010379	-0.000151204	0.000089983	-0.000057480	-0.000142322	0.000111743	0.000021513	0.000006280	0.000025285	0.000000942	-0.000002181	0.000000137	0.000000071
0.064318560	-0.000247956	0.000328070	-0.000009521	-0.000145668	0.000090061	-0.000059762	-0.000147249	0.000115687	0.000022015	0.000008250	0.000025762	0.000000902	-0.000002124	0.000000143	-0.000000076
0.065132722	-0.000228600	0.000334625	-0.000007960	-0.000139027	0.000090540	-0.000062299	-0.000151712	0.000119767	0.000022546	0.000010336	0.000026225	0.000000881	-0.000002067	0.000000147	-0.000000214
0.065946877	-0.000205643	0.000341662	-0.000005606	-0.000131135	0.000091471	-0.000065117	-0.000155649	0.000124005	0.000023108	0.000012550	0.000026673	0.000000891	-0.000002022	0.000000148	-0.000000340
0.066761039	-0.000177268	0.000350074	-0.000001683	-0.000121217	0.000093386	-0.000068619	-0.000158698	0.000128799	0.000023782	0.000015042	0.000027135	0.000000947	-0.000001995	0.000000144	-0.000000455
0.067575194	-0.000145476	0.000358915	0.000003037	-0.000109882	0.000095771	-0.000072358	-0.000161161	0.000133719	0.000024476	0.000017651	0.000027559	0.000001064	-0.000002024	0.000000137	-0.000000554
0.068389356	-0.000110542	0.000367991	0.000008462	-0.000097087	0.000098530	-0.000076258	-0.000163044	0.000138694	0.000025175	0.000020365	0.000027936	0.000001263	-0.000002132	0.000000125	-0.000000632
0.069203518	-0.000072714	0.000377072	0.000014501	-0.000082764	0.000101542	-0.000080239	-0.000164343	0.000143650	0.000025865	0.000023182	0.000028263	0.000001561	-0.000002343	0.000000107	-0.000000686
0.070017673	-0.000032213	0.000385893	0.000021058	-0.000066816	0.000104659	-0.000084225	-0.000165044	0.000148505	0.000026534	0.000026106	0.000028537	0.000001975	-0.000002677	0.000000084	-0.000000708
0.070831835	0.000008645	0.000394105	0.000027649	-0.000048945	0.000107101	-0.000087890	-0.000166606	0.000153547	0.000027148	0.000029405	0.000028820	0.000002652	-0.000003381	0.000000042	-0.000000699
0.071645990	0.000052532	0.000401473	0.000034715	-0.000029119	0.000109419	-0.000091523	-0.000167098	0.000158277	0.000027735	0.000032836	0.000029031	0.000003418	-0.000004155	-0.000000001	-0.000000636
0.072460152	0.000099725	0.000407548	0.000042202	-0.000007276	0.000111509	-0.000095057	-0.000166089	0.000162446	0.000028274	0.000036341	0.000029144	0.000004236	-0.000004938	-0.000000041	-0.000000507
0.073274307	0.000150394	0.000411791	0.000050018	0.000016592	0.000113219	-0.000098379	-0.000163163	0.000165761	0.000028735	0.000039842	0.000029126	0.000005069	-0.000005673	-0.000000076	-0.000000303
0.074088469	0.000204593	0.000413574	0.000058034	0.000042444	0.000114346	-0.000101324	-0.000157931	0.000167881	0.000029071	0.000043244	0.000028944	0.000005882	-0.000006305	-0.000000104	-0.000000015
0.074902631	0.000264793	0.000408798	0.000065938	0.000071294	0.000113514	-0.000103065	-0.000147905	0.000166887	0.000029030	0.000046252	0.000028377	0.000006545	-0.000006558	-0.000000100	0.000000464
0.075716786	0.000327573	0.000400711	0.000073660	0.000101610	0.000111652	-0.000104036	-0.000135481	0.000164232	0.000028763	0.000048988	0.000027591	0.000007160	-0.000006678	-0.000000089	0.000001007
0.076530948	0.000392038	0.000389491	0.000081054	0.000132941	0.000108751	-0.000104165	-0.000120982	0.000159969	0.000028259	0.000051416	0.000026584	0.000007724	-0.000006676	-0.000000072	0.000001589
0.077345103	0.000457247	0.000375391	0.000087986	0.000164813	0.000104827	-0.000103402	-0.000104770	0.000154192	0.000027513	0.000053515	0.000025358	0.000008234	-0.000006567	-0.000000051	0.000002187
0.078159265	0.000522245	0.000358746	0.000094337	0.000196743	0.000099938	-0.000101722	-0.000087240	0.000147034	0.000026529	0.000055277	0.000023918	0.000008686	-0.000006363	-0.000000028	0.000002775
0.078973420	0.000584215	0.000342344	0.000100254	0.000226244	0.000096043	-0.000099584	-0.000069246	0.000139173	0.000025555	0.000056302	0.000022501	0.000009021	-0.000006054	-0.000000013	0.000003227
0.079787582	0.000644462	0.000323698	0.000105310	0.000255366	0.000090892	-0.000096399	-0.000050763	0.000130205	0.000024314	0.000057157	0.000020827	0.000009297	-0.000005688	-0.000000000	0.000003649
0.080601744	0.000702754	0.000302878	0.000109479	0.000284212	0.000084290	-0.000092199	-0.000031995	0.000120255	0.000022803	0.000057949	0.000018883	0.000009524	-0.000005288	0.000000008	0.000004047
0.081415899	0.000758953	0.000280108	0.000112800	0.000312880	0.000076186	-0.000087097	-0.000013072	0.000109488	0.000021043	0.000058767	0.000016677	0.000009715	-0.000004880	0.000000012	0.000004430
0.082230061	0.000812967	0.000255772	0.000115363	0.000341440	0.000066672	-0.000081276	0.000005928	0.000098113	0.000019084	0.000059671	0.000014242	0.000009882	-0.000004491	0.000000008	0.000004807
0.083044216	0.000861672	0.000234457	0.000117630	0.000369009	0.000057605	-0.000076030	0.000023332	0.000088184	0.000017225	0.000060881	0.000011857	0.000010184	-0.000004342	-0.000000019	0.000005251
0.083858378	0.000908789	0.000211843	0.000119395	0.000396584	0.000047473	-0.000070414	0.000041278	0.000077770	0.000015262	0.000062091	0.000009331	0.000010431	-0.000004191	-0.000000054	0.000005686
0.084672533	0.000954552	0.000187591	0.000120648	0.000424121	0.000036181	-0.000064426	0.000059954	0.000066746	0.000013212	0.000063266	0.000006678	0.000010597	-0.000004010	-0.000000095	0.000006099
0.085486695	0.000998992	0.000161428	0.000121361	0.000451461	0.000023645	-0.000058076	0.000079426	0.000055025	0.000011103	0.000064384	0.000003918	0.000010658	-0.000003770	-0.000000139	0.000006478
0.086300857	0.001041963	0.000133154	0.000121482	0.000478345	0.000009798	-0.000051383	0.000099640	0.000042555	0.000008963	0.000065429	0.000001072	0.000010600	-0.000003453	-0.000000181	0.000006811
0.087115012	0.001087683	0.000098185	0.000120744	0.000506810	-0.000007843	-0.000043807	0.000122544	0.000027775	0.000006634	0.000066518	-0.000002186	0.000010371	-0.000002967	-0.000000210	0.000007109
0.087929174	0.001129762	0.000062243	0.000119318	0.000533287	-0.000026214	-0.000036210	0.000144989	0.000012690	0.000004433	0.000067497	-0.000005366	0.000010031	-0.000002405	-0.000000234	0.000007338
0.088743329	0.001166805	0.000026267	0.000117190	0.000556900	-0.000044796	-0.000028754	0.000166212	-0.000002333	0.000002401	0.000068327	-0.000008378	0.000009594	-0.000001778	-0.000000251	0.000007490
0.089557491	0.001197585	-0.000008922	0.000114350	0.000576892	-0.000063127	-0.000021558	0.000185530	-0.000016969	0.000000557	0.000068966	-0.000011154	0.000009073	-0.000001097	-0.000000262	0.000007558
0.090371646	0.001221054	-0.000042638	0.000110794	0.000592634	-0.000080813	-0.000014695	0.000202358	-0.000030939	-0.000001109	0.000069368	-0.000013646	0.000008482	-0.000000378	-0.000000267	0.000007540
0.091185808	0.001236534	-0.000074996	0.000106349	0.000603730	-0.000097881	-0.000007724	0.000216120	-0.000044381	-0.000002767	0.000069461	-0.000015830	0.000007846	0.000000391	-0.000000258	0.000007443
0.091999970	0.001243105	-0.000104721	0.000101223	0.000609695	-0.000113651	-0.000001234	0.000226573	-0.000056648	-0.000004286	0.000069218	-0.000017700	0.000007173	0.000001154	-0.000000246	0.000007263
0.092814125	0.001240127	-0.000131336	0.000095475	0.000610173	-0.000127825	0.000004685	0.000233453	-0.000067545	-0.000005665	0.000068584	-0.000019247	0.000006478	0.000001888	-0.000000229	0.000007003
0.093628287	0.001227066	-0.000154487	0.000089164	0.000604866	-0.000140159	0.000009976	0.000236576	-0.000076937	-0.000006901	0.000067501	-0.000020468	0.000005773	0.000002572	-0.000000210	0.000006672
0.094442442	0.001203484	-0.000173926	0.000082346	0.000593524	-0.000150462	0.000014613	0.000235823	-0.000084743	-0.000007989	0.000065915	-0.000021369	0.000005073	0.000003184	-0.000000188	0.000006282
0.095256604	0.001163738	-0.000188966	0.000074737	0.000573263	-0.000158148	0.000018779	0.000229702	-0.000090675	-0.000008976	0.000063488	-0.000021862	0.000004366	0.000003684	-0.000000161	0.000005807
0.096070759	0.001114131	-0.000200244	0.000066762	0.000547227	-0.000163709	0.000022246	0.000219987	-0.000095070	-0.000009785	0.000060524	-0.000022088	0.000003689	0.000004089	-0.000000133	0.000005309
0.096884921	0.001055784	-0.000207839	0.000058532	0.000515939	-0.000167154	0.000024999	0.000207058	-0.000098002	-0.000010396	0.000057050	-0.000022079	0.000003055	0.000004392	-0.000000104	0.000004803
0.097699083	0.000989896	-0.000211857	0.000050155	0.000479954	-0.000168503	0.000027046	0.000191323	-0.000099555	-0.000010795	0.000053097	-0.000021867	0.000002473	0.000004590	-0.000000075	0.000004304
0.098513238	0.000917736	-0.000212424	0.000041740	0.000439864	-0.000167774	0.000028414	0.000173217	-0.000099809	-0.000010978	0.000048706	-0.000021480	0.000001954	0.000004682	-0.000000047	0.000003826
0.099327400	0.000837620	-0.000210838	0.000032862	0.000394276	-0.000165567	0.000029280	0.000152501	-0.000099276	-0.000010874	0.000043632	-0.000021112	0.000001533	0.000004599	-0.000000030	0.000003390
0.100141555	0.000754837	-0.000205682	0.000024313	0.000346455	-0.000161110	0.000029556	0.000130497	-0.000097440	-0.000010637	0.000038300	-0.000020566	0.000001182	0.000004430	-0.000000013	0.000002989
0.100955717	0.000671546	-0.000196934	0.000016314	0.000297575	-0.000154356	0.000029292	0.000107844	-0.000094301	-0.000010312	0.000032834	-0.000019829	0.000000892	0.000004193	0.000000002	0.000002621
0.101769872	0.000589870	-0.000184661	0.000009066	0.000248784	-0.000145316	0.000028537	0.000085170	-0.000089889	-0.000009937	0.000027358	-0.000018893	0.000000656	0.000003908	0.000000017	0.000002285
0.102584034	0.000511859	-0.000169008	0.000002757	0.000201192	-0.000134059	0.000027339	0.000063075	-0.000084259	-0.000009538	0.000021990	-0.000017756	0.000000463	0.000003591	0.000000033	0.000001975
0.103398196	0.000445279	-0.000148162	-0.000001374	0.000158581	-0.000119375	0.000025222	0.000043629	-0.000076724	-0.000009042	0.000017108	-0.000016272	0.000000310	0.000003278	0.000000046	0.000001705
0.104212351	0.000384639	-0.000125027	-0.000004543	0.000118525	-0.000103171	0.000022899	0.000025451	-0.000068389	-0.000008562	0.000012495	-0.000014640	0.000000172	0.000002965	0.000000061	0.000001449
0.105026513	0.000330119	-0.000100082	-0.000006827	0.000081249	-0.000085805	0.000020459	0.000008613	-0.000059450	-0.000008107	0.000008191	-0.000012892	0.000000042	0.000002661	0.000000076	0.000001205
0.105840668	0.000281874	-0.000073715	-0.000008279	0.000046948	-0.000067578	0.000017954	-0.000006817	-0.000050071	-0.000007676	0.000004232	-0.000011057	-0.000000084	0.000002374	0.000000094	0.000000971
0.106654830	0.000240069	-0.000046245	-0.000008923	0.000015800	-0.000048739	0.000015408	-0.000020761	-0.000040389	-0.000007255	0.000000647	-0.000009159	-0.000000210	0.000002113	0.000000115	0.000000748
0.107468985	0.000210370	-0.000018439	-0.000008226	-0.000009203	-0.000029981	0.000012747	-0.000031849	-0.000030793	-0.000006782	-0.000002210	-0.000007242	-0.000000341	0.000001926	0.000000143	0.000000547
0.108283147	0.000186131	0.000010118	-0.000006821	-0.000031463	-0.000010842	0.000010024	-0.000041592	-0.000021037	-0.000006279	-0.000004735	-0.000005293	-0.000000471	0.000001767	0.000000176	0.000000359
0.109097309	0.000166194	0.000039276	-0.000004846	-0.000051514	0.000008593	0.000007259	-0.000050230	-0.000011170	-0.000005746	-0.000006980	-0.000003321	-0.000000598	0.000001632	0.000000213	0.000000182
0.109911464	0.000149407	0.000068884	-0.000002438	-0.000069880	0.000028237	0.000004477	-0.000058005	-0.000001238	-0.000005184	-0.000008997	-0.000001340	-0.000000723	0.000001519	0.000000255	0.000000017
0.110725626	0.000134628	0.000098790	0.000000264	-0.000087082	0.000047998	0.000001701	-0.000065160	0.000008710	-0.000004598	-0.000010838	0.000000640	-0.000000844	0.000001423	0.000000301	-0.000000139
0.111539781	0.000117392	0.000129570	0.000002890	-0.000105408	0.000068243	-0.000001007	-0.000072715	0.000018797	-0.000004002	-0.000012694	0.000002633	-0.000000966	0.000001330	0.000000358	-0.000000297
0.112353943	0.000100711	0.000160181	0.000005596	-0.000123161	0.000088317	-0.000003678	-0.000079945	0.000028773	-0.000003393	-0.000014436	0.000004596	-0.000001083	0.000001253	0.000000419	-0.000000443
0.113168098	0.000084307	0.000190258	0.000008294	-0.000140400	0.000108000	-0.000006287	-0.000086892	0.000038538	-0.000002781	-0.000016074	0.000006511	-0.000001191	0.000001189	0.000000482	-0.000000574
0.113982260	0.000067922	0.000219434	0.000010900	-0.000157167	0.000127066	-0.000008808	-0.000093591	0.000047990	-0.000002172	-0.000017619	0.000008361	-0.000001290	0.000001140	0.000000545	-0.000000688
0.114796422	0.000051319	0.000247352	0.000013332	-0.000173495	0.000145301	-0.000011206	-0.000100074	0.000057028	-0.000001579	-0.000019079	0.000010126	-0.000001376	0.000001105	0.000000608	-0.000000785
0.115610577	0.000034271	0.000273679	0.000015516	-0.000189399	0.000162502	-0.000013447	-0.000106366	0.000065556	-0.000001012	-0.000020463	0.000011790	-0.000001449	0.000001085	0.000000668	-0.000000864
0.116424739	0.000016552	0.000298132	0.000017393	-0.000204886	0.000178491	-0.000015496	-0.000112493	0.000073489	-0.000000486	-0.000021774	0.000013337	-0.000001510	0.000001079	0.000000724	-0.000000927
0.117238894	-0.000002085	0.000320497	0.000018917	-0.000219946	0.000193121	-0.000017319	-0.000118485	0.000080762	-0.000000016	-0.000023014	0.000014754	-0.000001560	0.000001086	0.000000774	-0.000000976
0.118053056	-0.000021922	0.000340659	0.000020064	-0.000234564	0.000206290	-0.000018885	-0.000124383	0.000087335	0.000000384	-0.000024182	0.000016031	-0.000001603	0.000001108	0.000000818	-0.000001015
