0.000000000	0.000000000	0.000000000	0.000000000	0.000000000	0.000000000	0.000000000	0.000000000	0.000000000	0.000000000	0.000000000	0.000000000	0.000000000	0.000000000	0.000000000	0.000000000
0.000814159	0.000122987	0.000088243	0.000064955	0.000019509	0.000083073	-0.000027306	0.000033944	0.000027518	0.000004500	-0.000008907	0.000007205	-0.000001223	0.000000599	-0.000000131	-0.000001302
0.001628318	0.000125517	0.000086171	0.000065105	0.000020595	0.000081583	-0.000027206	0.000034502	0.000026531	0.000004398	-0.000008833	0.000007129	-0.000001143	0.000000547	-0.000000121	-0.000001252
0.002442477	0.000128709	0.000083537	0.000065282	0.000021943	0.000079667	-0.000027089	0.000035205	0.000025268	0.000004277	-0.000008713	0.000007038	-0.000001047	0.000000486	-0.000000109	-0.000001184
0.003256636	0.000132460	0.000080426	0.000065475	0.000023508	0.000077400	-0.000026954	0.000036029	0.000023766	0.000004140	-0.000008558	0.000006934	-0.000000937	0.000000417	-0.000000094	-0.000001102
0.004070795	0.000136667	0.000076923	0.000065673	0.000025246	0.000074851	-0.000026798	0.000036949	0.000022064	0.000003988	-0.000008376	0.000006815	-0.000000817	0.000000342	-0.000000079	-0.000001009
0.004884954	0.000141230	0.000073112	0.000065863	0.000027115	0.000072090	-0.000026621	0.000037943	0.000020199	0.000003823	-0.000008174	0.000006682	-0.000000689	0.000000264	-0.000000063	-0.000000908
0.005699113	0.000146046	0.000069077	0.000066038	0.000029072	0.000069184	-0.000026425	0.000038987	0.000018213	0.000003647	-0.000007959	0.000006536	-0.000000557	0.000000184	-0.000000046	-0.000000802
0.006513272	0.000151014	0.000064905	0.000066188	0.000031076	0.000066198	-0.000026210	0.000040059	0.000016148	0.000003462	-0.000007739	0.000006377	-0.000000424	0.000000105	-0.000000029	-0.000000693
0.007327431	0.000156027	0.000060682	0.000066307	0.000033083	0.000063196	-0.000025979	0.000041134	0.000014045	0.000003273	-0.000007517	0.000006209	-0.000000294	0.000000029	-0.000000012	-0.000000585
0.008141590	0.000160980	0.000056495	0.000066393	0.000035052	0.000060244	-0.000025736	0.000042190	0.000011951	0.000003083	-0.000007301	0.000006032	-0.000000169	-0.000000043	0.000000003	-0.000000479
0.008955749	0.000165762	0.000052433	0.000066442	0.000036939	0.000057404	-0.000025485	0.000043204	0.000009909	0.000002895	-0.000007093	0.000005849	-0.000000053	-0.000000107	0.000000017	-0.000000379
0.009769908	0.000170036	0.000048752	0.000066445	0.000038610	0.000054873	-0.000025233	0.000044094	0.000008049	0.000002717	-0.000006912	0.000005661	0.000000041	-0.000000156	0.000000028	-0.000000295
0.010584067	0.000173968	0.000045335	0.000066419	0.000040136	0.000052548	-0.000024985	0.000044909	0.000006317	0.000002550	-0.000006744	0.000005474	0.000000121	-0.000000196	0.000000037	-0.000000220
0.011398226	0.000177500	0.000042227	0.000066368	0.000041497	0.000050454	-0.000024747	0.000045640	0.000004739	0.000002396	-0.000006588	0.000005292	0.000000187	-0.000000225	0.000000043	-0.000000153
0.012212385	0.000180575	0.000039476	0.000066297	0.000042672	0.000048620	-0.000024525	0.000046276	0.000003343	0.000002259	-0.000006445	0.000005118	0.000000237	-0.000000243	0.000000046	-0.000000095
0.013026544	0.000183132	0.000037130	0.000066208	0.000043640	0.000047075	-0.000024323	0.000046808	0.000002156	0.000002141	-0.000006315	0.000004955	0.000000271	-0.000000250	0.000000046	-0.000000048
0.013840703	0.000184781	0.000035508	0.000066099	0.000044235	0.000046047	-0.000024159	0.000047158	0.000001341	0.000002055	-0.000006212	0.000004814	0.000000279	-0.000000241	0.000000041	-0.000000022
0.014654862	0.000185877	0.000034317	0.000065982	0.000044616	0.000045315	-0.000024022	0.000047399	0.000000756	0.000001990	-0.000006120	0.000004689	0.000000272	-0.000000222	0.000000034	-0.000000006
0.015469021	0.000186446	0.000033538	0.000065857	0.000044794	0.000044859	-0.000023913	0.000047536	0.000000393	0.000001945	-0.000006038	0.000004581	0.000000254	-0.000000196	0.000000023	0.000000002
0.016283181	0.000186512	0.000033153	0.000065729	0.000044782	0.000044660	-0.000023831	0.000047576	0.000000245	0.000001920	-0.000005965	0.000004493	0.000000227	-0.000000164	0.000000011	0.000000001
0.017097339	0.000186098	0.000033144	0.000065598	0.000044591	0.000044703	-0.000023778	0.000047523	0.000000304	0.000001914	-0.000005902	0.000004424	0.000000192	-0.000000127	-0.000000003	-0.000000007
0.017911498	0.000184937	0.000033642	0.000065454	0.000044140	0.000045073	-0.000023759	0.000047340	0.000000628	0.000001935	-0.000005848	0.000004390	0.000000150	-0.000000086	-0.000000019	-0.000000018
0.018725658	0.000183415	0.000034448	0.000065317	0.000043553	0.000045630	-0.000023768	0.000047087	0.000001123	0.000001974	-0.000005804	0.000004378	0.000000103	-0.000000041	-0.000000035	-0.000000034
0.019539816	0.000181630	0.000035507	0.000065191	0.000042864	0.000046332	-0.000023807	0.000046780	0.000001762	0.000002028	-0.000005769	0.000004384	0.000000052	0.000000005	-0.000000051	-0.000000052
0.020353975	0.000179678	0.000036766	0.000065082	0.000042109	0.000047135	-0.000023875	0.000046438	0.000002519	0.000002096	-0.000005741	0.000004408	-0.000000000	0.000000053	-0.000000067	-0.000000073
0.021168133	0.000177657	0.000038168	0.000064994	0.000041323	0.000047996	-0.000023970	0.000046075	0.000003368	0.000002175	-0.000005720	0.000004449	-0.000000052	0.000000101	-0.000000082	-0.000000093
0.021982294	0.000175665	0.000039574	0.000064945	0.000040610	0.000048795	-0.000024090	0.000045722	0.000004262	0.000002263	-0.000005708	0.000004512	-0.000000097	0.000000142	-0.000000093	-0.000000111
0.022796452	0.000173799	0.000041034	0.000064922	0.000039922	0.000049584	-0.000024236	0.000045378	0.000005203	0.000002359	-0.000005700	0.000004588	-0.000000139	0.000000180	-0.000000103	-0.000000127
0.023610611	0.000172156	0.000042510	0.000064928	0.000039278	0.000050334	-0.000024409	0.000045058	0.000006172	0.000002460	-0.000005694	0.000004671	-0.000000178	0.000000215	-0.000000112	-0.000000142
0.024424771	0.000170836	0.000043968	0.000064963	0.000038698	0.000051021	-0.000024608	0.000044777	0.000007148	0.000002563	-0.000005688	0.000004760	-0.000000214	0.000000246	-0.000000119	-0.000000155
0.025238929	0.000169936	0.000045372	0.000065029	0.000038201	0.000051618	-0.000024832	0.000044547	0.000008115	0.000002667	-0.000005681	0.000004849	-0.000000245	0.000000274	-0.000000125	-0.000000166
0.026053088	0.000169919	0.000046545	0.000065151	0.000037944	0.000051937	-0.000025099	0.000044433	0.000009031	0.000002769	-0.000005652	0.000004933	-0.000000269	0.000000296	-0.000000129	-0.000000171
0.026867246	0.000170428	0.000047629	0.000065301	0.000037778	0.000052158	-0.000025386	0.000044384	0.000009905	0.000002868	-0.000005621	0.000005013	-0.000000288	0.000000315	-0.000000131	-0.000000173
0.027681407	0.000171470	0.000048622	0.000065477	0.000037692	0.000052301	-0.000025689	0.000044404	0.000010725	0.000002961	-0.000005591	0.000005087	-0.000000303	0.000000329	-0.000000132	-0.000000173
0.028495565	0.000173055	0.000049523	0.000065676	0.000037674	0.000052382	-0.000026003	0.000044493	0.000011478	0.000003047	-0.000005565	0.000005153	-0.000000313	0.000000340	-0.000000132	-0.000000170
0.029309724	0.000175190	0.000050331	0.000065897	0.000037712	0.000052420	-0.000026324	0.000044654	0.000012149	0.000003124	-0.000005544	0.000005208	-0.000000319	0.000000346	-0.000000131	-0.000000164
0.030123884	0.000178312	0.000050917	0.000066148	0.000037886	0.000052313	-0.000026658	0.000044939	0.000012691	0.000003191	-0.000005496	0.000005240	-0.000000323	0.000000351	-0.000000128	-0.000000152
0.030938042	0.000181894	0.000051441	0.000066417	0.000038068	0.000052233	-0.000026986	0.000045291	0.000013132	0.000003243	-0.000005469	0.000005259	-0.000000322	0.000000352	-0.000000125	-0.000000139
0.031752203	0.000185838	0.000051932	0.000066701	0.000038225	0.000052230	-0.000027301	0.000045702	0.000013468	0.000003280	-0.000005473	0.000005264	-0.000000317	0.000000348	-0.000000120	-0.000000127
0.032566361	0.000190044	0.000052424	0.000066999	0.000038321	0.000052353	-0.000027594	0.000046165	0.000013694	0.000003299	-0.000005520	0.000005254	-0.000000308	0.000000340	-0.000000115	-0.000000117
0.033380520	0.000194409	0.000052950	0.000067306	0.000038319	0.000052653	-0.000027860	0.000046670	0.000013805	0.000003297	-0.000005622	0.000005228	-0.000000294	0.000000327	-0.000000109	-0.000000110
0.034194678	0.000199012	0.000053492	0.000067645	0.000038144	0.000053291	-0.000028075	0.000047294	0.000013647	0.000003257	-0.000005829	0.000005173	-0.000000272	0.000000304	-0.000000102	-0.000000111
0.035008837	0.000203456	0.000054171	0.000067974	0.000037791	0.000054192	-0.000028230	0.000047889	0.000013400	0.000003193	-0.000006106	0.000005098	-0.000000245	0.000000276	-0.000000095	-0.000000116
0.035822995	0.000207570	0.000055042	0.000068280	0.000037227	0.000055383	-0.000028319	0.000048416	0.000013094	0.000003108	-0.000006455	0.000005005	-0.000000213	0.000000242	-0.000000087	-0.000000128
0.036637153	0.000211203	0.000056151	0.000068555	0.000036419	0.000056886	-0.000028337	0.000048840	0.000012763	0.000003007	-0.000006877	0.000004896	-0.000000177	0.000000203	-0.000000080	-0.000000146
0.037451316	0.000214223	0.000057540	0.000068794	0.000035342	0.000058719	-0.000028288	0.000049138	0.000012441	0.000002895	-0.000007373	0.000004777	-0.000000140	0.000000159	-0.000000073	-0.000000172
0.038265474	0.000216180	0.000059312	0.000068947	0.000033794	0.000061079	-0.000028113	0.000049247	0.000012066	0.000002757	-0.000008018	0.000004638	-0.000000099	0.000000107	-0.000000066	-0.000000214
0.039079633	0.000217414	0.000061398	0.000069082	0.000031980	0.000063738	-0.000027914	0.000049225	0.000011794	0.000002627	-0.000008719	0.000004502	-0.000000060	0.000000052	-0.000000059	-0.000000265
0.039893791	0.000217903	0.000063810	0.000069212	0.000029923	0.000066659	-0.000027715	0.000049070	0.000011680	0.000002515	-0.000009458	0.000004376	-0.000000025	-0.000000003	-0.000000052	-0.000000325
0.040707950	0.000217620	0.000066562	0.000069346	0.000027647	0.000069806	-0.000027541	0.000048778	0.000011778	0.000002429	-0.000010219	0.000004268	0.000000003	-0.000000056	-0.000000046	-0.000000392
0.041522108	0.000216534	0.000069669	0.000069492	0.000025175	0.000073141	-0.000027414	0.000048343	0.000012138	0.000002376	-0.000010984	0.000004183	0.000000022	-0.000000106	-0.000000039	-0.000000468
0.042336266	0.000214157	0.000073325	0.000069661	0.000022498	0.000076654	-0.000027405	0.000047677	0.000013021	0.000002392	-0.000011721	0.000004151	0.000000021	-0.000000144	-0.000000033	-0.000000555
0.043150429	0.000211021	0.000077323	0.000069844	0.000019680	0.000080277	-0.000027467	0.000046866	0.000014204	0.000002445	-0.000012436	0.000004146	0.000000011	-0.000000176	-0.000000028	-0.000000648
0.043964587	0.000207192	0.000081648	0.000070041	0.000016748	0.000083974	-0.000027604	0.000045913	0.000015684	0.000002535	-0.000013120	0.000004167	-0.000000010	-0.000000201	-0.000000022	-0.000000745
0.044778746	0.000202735	0.000086289	0.000070252	0.000013727	0.000087712	-0.000027823	0.000044820	0.000017458	0.000002661	-0.000013764	0.000004215	-0.000000040	-0.000000220	-0.000000016	-0.000000845
0.045592904	0.000197713	0.000091240	0.000070479	0.000010642	0.000091461	-0.000028130	0.000043592	0.000019526	0.000002826	-0.000014358	0.000004293	-0.000000081	-0.000000231	-0.000000011	-0.000000947
0.046407063	0.000191931	0.000096924	0.000070812	0.000007469	0.000095310	-0.000028666	0.000042157	0.000022233	0.000003077	-0.000014859	0.000004460	-0.000000147	-0.000000222	-0.000000005	-0.000001054
0.047221221	0.000185818	0.000102796	0.000071147	0.000004300	0.000099072	-0.000029281	0.000040624	0.000025156	0.000003360	-0.000015303	0.000004654	-0.000000223	-0.000000206	0.000000001	-0.000001161
0.048035379	0.000179506	0.000108752	0.000071466	0.000001173	0.000102686	-0.000029955	0.000039016	0.000028220	0.000003666	-0.000015693	0.000004869	-0.000000305	-0.000000185	0.000000007	-0.000001265
0.048849542	0.000173127	0.000114689	0.000071753	-0.000001869	0.000106094	-0.000030666	0.000037358	0.000031352	0.000003988	-0.000016025	0.000005099	-0.000000391	-0.000000161	0.000000013	-0.000001366
0.049663700	0.000166812	0.000120501	0.000071994	-0.000004782	0.000109229	-0.000031392	0.000035672	0.000034483	0.000004320	-0.000016296	0.000005340	-0.000000478	-0.000000135	0.000000020	-0.000001460
0.050477859	0.000160920	0.000126133	0.000072128	-0.000007529	0.000112011	-0.000032101	0.000033962	0.000037545	0.000004654	-0.000016491	0.000005587	-0.000000564	-0.000000112	0.000000027	-0.000001545
0.051292017	0.000155311	0.000131385	0.000072187	-0.000010021	0.000114343	-0.000032789	0.000032270	0.000040484	0.000004987	-0.000016600	0.000005839	-0.000000646	-0.000000093	0.000000035	-0.000001621
0.052106176	0.000150064	0.000136114	0.000072162	-0.000012195	0.000116142	-0.000033437	0.000030623	0.000043233	0.000005313	-0.000016612	0.000006092	-0.000000722	-0.000000079	0.000000043	-0.000001688
0.052920334	0.000145251	0.000140182	0.000072047	-0.000013990	0.000117334	-0.000034024	0.000029051	0.000045723	0.000005625	-0.000016520	0.000006339	-0.000000790	-0.000000073	0.000000050	-0.000001743
0.053734493	0.000140936	0.000143455	0.000071837	-0.000015350	0.000117856	-0.000034529	0.000027582	0.000047885	0.000005914	-0.000016315	0.000006574	-0.000000846	-0.000000076	0.000000059	-0.000001787
0.054548655	0.000137515	0.000145057	0.000071444	-0.000015937	0.000117206	-0.000034783	0.000026363	0.000049225	0.000006128	-0.000015944	0.000006743	-0.000000873	-0.000000103	0.000000067	-0.000001803
0.055362813	0.000134602	0.000145817	0.000070975	-0.000016056	0.000115907	-0.000034942	0.000025270	0.000050203	0.000006314	-0.000015465	0.000006899	-0.000000888	-0.000000140	0.000000076	-0.000001806
0.056176972	0.000132172	0.000145788	0.000070445	-0.000015742	0.000114034	-0.000035014	0.000024311	0.000050843	0.000006472	-0.000014895	0.000007041	-0.000000891	-0.000000185	0.000000085	-0.000001800
0.056991130	0.000130206	0.000145022	0.000069865	-0.000015035	0.000111667	-0.000035004	0.000023507	0.000051157	0.000006596	-0.000014253	0.000007162	-0.000000885	-0.000000234	0.000000094	-0.000001783
0.057805289	0.000128686	0.000143566	0.000069244	-0.000013985	0.000108896	-0.000034920	0.000022880	0.000051157	0.000006680	-0.000013563	0.000007256	-0.000000870	-0.000000286	0.000000103	-0.000001759
0.058619447	0.000127336	0.000140832	0.000068561	-0.000012445	0.000105526	-0.000034676	0.000022594	0.000050537	0.000006678	-0.000012823	0.000007271	-0.000000837	-0.000000344	0.000000113	-0.000001718
0.059433606	0.000126479	0.000137653	0.000067861	-0.000010727	0.000102012	-0.000034390	0.000022524	0.000049684	0.000006629	-0.000012097	0.000007242	-0.000000798	-0.000000399	0.000000123	-0.000001672
0.060247768	0.000126164	0.000134247	0.000067170	-0.000008937	0.000098516	-0.000034095	0.000022664	0.000048688	0.000006542	-0.000011417	0.000007173	-0.000000757	-0.000000448	0.000000132	-0.000001625
0.061061926	0.000126432	0.000130845	0.000066519	-0.000007184	0.000095199	-0.000033830	0.000023002	0.000047640	0.000006423	-0.000010815	0.000007067	-0.000000717	-0.000000488	0.000000140	-0.000001579
0.061876085	0.000127319	0.000127694	0.000065947	-0.000005570	0.000092223	-0.000033637	0.000023518	0.000046642	0.000006283	-0.000010321	0.000006932	-0.000000681	-0.000000518	0.000000147	-0.000001537
0.062690243	0.000128739	0.000125841	0.000065641	-0.000004664	0.000090506	-0.000033694	0.000024207	0.000046125	0.000006129	-0.000010157	0.000006735	-0.000000667	-0.000000522	0.000000153	-0.000001519
0.063504405	0.000130873	0.000124606	0.000065512	-0.000003944	0.000089258	-0.000033905	0.000024985	0.000045833	0.000006000	-0.000010099	0.000006565	-0.000000658	-0.000000517	0.000000157	-0.000001506
0.064318560	0.000133760	0.000124069	0.000065572	-0.000003392	0.000088455	-0.000034281	0.000025805	0.000045794	0.000005915	-0.000010125	0.000006447	-0.000000653	-0.000000503	0.000000158	-0.000001497
0.065132722	0.000137424	0.000124299	0.000065822	-0.000003013	0.000088083	-0.000034825	0.000026630	0.000046018	0.000005887	-0.000010221	0.000006400	-0.000000652	-0.000000482	0.000000157	-0.000001489
0.065946877	0.000141875	0.000125349	0.000066246	-0.000002828	0.000088134	-0.000035532	0.000027441	0.000046497	0.000005920	-0.000010379	0.000006435	-0.000000651	-0.000000455	0.000000152	-0.000001479
0.066761039	0.000147746	0.000128176	0.000066846	-0.000003167	0.000088863	-0.000036576	0.000028150	0.000047607	0.000006079	-0.000010609	0.000006644	-0.000000659	-0.000000413	0.000000141	-0.000001475
0.067575194	0.000154362	0.000131511	0.000067528	-0.000003655	0.000089842	-0.000037701	0.000028887	0.000048792	0.000006268	-0.000010862	0.000006909	-0.000000662	-0.000000368	0.000000127	-0.000001461
0.068389356	0.000161674	0.000135080	0.000068260	-0.000004195	0.000090926	-0.000038859	0.000029674	0.000049941	0.000006470	-0.000011105	0.000007217	-0.000000656	-0.000000321	0.000000111	-0.000001434
0.069203518	0.000169638	0.000138622	0.000069021	-0.000004678	0.000091973	-0.000040006	0.000030524	0.000050952	0.000006677	-0.000011303	0.000007557	-0.000000640	-0.000000274	0.000000091	-0.000001391
0.070017673	0.000178203	0.000141902	0.000069801	-0.000004994	0.000092850	-0.000041105	0.000031438	0.000051740	0.000006882	-0.000011422	0.000007922	-0.000000615	-0.000000228	0.000000069	-0.000001331
0.070831835	0.000187651	0.000143828	0.000070631	-0.000004645	0.000093059	-0.000041918	0.000032553	0.000051625	0.000007059	-0.000011337	0.000008328	-0.000000554	-0.000000197	0.000000041	-0.000001225
0.071645990	0.000197525	0.000145337	0.000071493	-0.000003953	0.000092944	-0.000042677	0.000033617	0.000051330	0.000007258	-0.000011118	0.000008767	-0.000000492	-0.000000168	0.000000012	-0.000001109
0.072460152	0.000207559	0.000146571	0.000072380	-0.000002963	0.000092558	-0.000043394	0.000034551	0.000050951	0.000007490	-0.000010773	0.000009234	-0.000000437	-0.000000139	-0.000000017	-0.000000992
0.073274307	0.000217411	0.000147718	0.000073274	-0.000001775	0.000092003	-0.000044074	0.000035280	0.000050569	0.000007758	-0.000010332	0.000009716	-0.000000396	-0.000000107	-0.000000045	-0.000000880
0.074088469	0.000226680	0.000148987	0.000074152	-0.000000536	0.000091419	-0.000044710	0.000035736	0.000050249	0.000008059	-0.000009837	0.000010197	-0.000000373	-0.000000067	-0.000000073	-0.000000780
0.074902631	0.000233334	0.000150503	0.000074674	0.000000133	0.000091145	-0.000044986	0.000035663	0.000049724	0.000008296	-0.000009496	0.000010507	-0.000000388	0.000000006	-0.000000102	-0.000000700
0.075716786	0.000238892	0.000152448	0.000075129	0.000000534	0.000091100	-0.000045204	0.000035293	0.000049336	0.000008541	-0.000009185	0.000010789	-0.000000418	0.000000087	-0.000000130	-0.000000629
0.076530948	0.000243457	0.000154877	0.000075540	0.000000659	0.000091298	-0.000045416	0.000034659	0.000049168	0.000008798	-0.000008897	0.000011049	-0.000000459	0.000000171	-0.000000155	-0.000000564
0.077345103	0.000247179	0.000157831	0.000075935	0.000000526	0.000091734	-0.000045686	0.000033804	0.000049307	0.000009072	-0.000008620	0.000011301	-0.000000509	0.000000253	-0.000000176	-0.000000504
0.078159265	0.000250249	0.000161361	0.000076356	0.000000170	0.000092397	-0.000046095	0.000032778	0.000049853	0.000009375	-0.000008340	0.000011559	-0.000000566	0.000000332	-0.000000192	-0.000000450
0.078973420	0.000252662	0.000166600	0.000076987	-0.000000544	0.000093566	-0.000047064	0.000031460	0.000051615	0.000009820	-0.000008023	0.000011921	-0.000000657	0.000000410	-0.000000194	-0.000000433
0.079787582	0.000254966	0.000172326	0.000077714	-0.000001318	0.000094858	-0.000048311	0.000030133	0.000053849	0.000010307	-0.000007677	0.000012317	-0.000000750	0.000000475	-0.000000189	-0.000000422
0.080601744	0.000257448	0.000178446	0.000078575	-0.000002063	0.000096225	-0.000049884	0.000028904	0.000056534	0.000010836	-0.000007299	0.000012753	-0.000000845	0.000000530	-0.000000178	-0.000000417
0.081415899	0.000260367	0.000184923	0.000079614	-0.000002709	0.000097645	-0.000051840	0.000027878	0.000059670	0.000011410	-0.000006893	0.000013239	-0.000000945	0.000000576	-0.000000162	-0.000000428
0.082230061	0.000263940	0.000191764	0.000080884	-0.000003201	0.000099122	-0.000054240	0.000027149	0.000063267	0.000012036	-0.000006464	0.000013785	-0.000001055	0.000000619	-0.000000140	-0.000000464
0.083044216	0.000270279	0.000199028	0.000082871	-0.000003121	0.000100711	-0.000057657	0.000027516	0.000067686	0.000012740	-0.000006005	0.000014435	-0.000001204	0.000000674	-0.000000111	-0.000000584
0.083858378	0.000277020	0.000206666	0.000085043	-0.000002928	0.000102394	-0.000061445	0.000028120	0.000072469	0.000013488	-0.000005537	0.000015134	-0.000001370	0.000000734	-0.000000080	-0.000000734
0.084672533	0.000283797	0.000214564	0.000087303	-0.000002669	0.000104136	-0.000065464	0.000028827	0.000077479	0.000014264	-0.000005057	0.000015866	-0.000001544	0.000000794	-0.000000048	-0.000000901
0.085486695	0.000290271	0.000222581	0.000089558	-0.000002375	0.000105892	-0.000069577	0.000029518	0.000082575	0.000015049	-0.000004560	0.000016616	-0.000001717	0.000000852	-0.000000017	-0.000001073
0.086300857	0.000296144	0.000230564	0.000091725	-0.000002058	0.000107604	-0.000073651	0.000030087	0.000087622	0.000015826	-0.000004039	0.000017366	-0.000001882	0.000000903	0.000000012	-0.000001238
0.087115012	0.000299553	0.000239021	0.000093576	-0.000002295	0.000109535	-0.000077380	0.000029926	0.000092511	0.000016619	-0.000003527	0.000018151	-0.000002026	0.000000955	0.000000032	-0.000001367
0.087929174	0.000302271	0.000247071	0.000095284	-0.000002343	0.000111233	-0.000080931	0.000029611	0.000097156	0.000017382	-0.000002960	0.000018916	-0.000002149	0.000000997	0.000000048	-0.000001480
0.088743329	0.000304441	0.000254434	0.000096828	-0.000002045	0.000112552	-0.000084247	0.000029177	0.000101459	0.000018097	-0.000002313	0.000019641	-0.000002249	0.000001029	0.000000059	-0.000001575
0.089557491	0.000306216	0.000260824	0.000098181	-0.000001239	0.000113342	-0.000087267	0.000028661	0.000105322	0.000018747	-0.000001559	0.000020303	-0.000002320	0.000001049	0.000000065	-0.000001652
0.090371646	0.000307764	0.000265949	0.000099311	0.000000241	0.000113447	-0.000089930	0.000028100	0.000108651	0.000019311	-0.000000674	0.000020880	-0.000002362	0.000001057	0.000000065	-0.000001712
0.091185808	0.000309563	0.000268774	0.000099983	0.000002978	0.000112149	-0.000092014	0.000027628	0.000111096	0.000019724	0.000000455	0.000021280	-0.000002367	0.000001057	0.000000052	-0.000001753
0.091999970	0.000311465	0.000269856	0.000100390	0.000006661	0.000109928	-0.000093647	0.000027162	0.000112884	0.000020019	0.000001751	0.000021543	-0.000002343	0.000001044	0.000000032	-0.000001785
0.092814125	0.000313625	0.000269069	0.000100545	0.000011361	0.000106753	-0.000094817	0.000026734	0.000113993	0.000020195	0.000003207	0.000021657	-0.000002291	0.000001015	0.000000008	-0.000001814
0.093628287	0.000316215	0.000266300	0.000100463	0.000017137	0.000102601	-0.000095520	0.000026385	0.000114398	0.000020247	0.000004813	0.000021612	-0.000002214	0.000000969	-0.000000021	-0.000001842
0.094442442	0.000319419	0.000261444	0.000100159	0.000024039	0.000097463	-0.000095758	0.000026172	0.000114073	0.000020177	0.000006546	0.000021404	-0.000002112	0.000000906	-0.000000054	-0.000001873
0.095256604	0.000324424	0.000253437	0.000099744	0.000032818	0.000090900	-0.000095493	0.000026488	0.000112704	0.000019966	0.000008410	0.000020999	-0.000001977	0.000000814	-0.000000090	-0.000001920
0.096070759	0.000330262	0.000243370	0.000099120	0.000042618	0.000083465	-0.000094793	0.000027029	0.000110597	0.000019645	0.000010324	0.000020437	-0.000001822	0.000000704	-0.000000129	-0.000001968
0.096884921	0.000336813	0.000231457	0.000098293	0.000053240	0.000075318	-0.000093677	0.000027784	0.000107782	0.000019225	0.000012237	0.000019739	-0.000001648	0.000000577	-0.000000168	-0.000002014
0.097699083	0.000343896	0.000217948	0.000097268	0.000064458	0.000066649	-0.000092160	0.000028736	0.000104293	0.000018723	0.000014092	0.000018934	-0.000001454	0.000000433	-0.000000206	-0.000002051
0.098513238	0.000351271	0.000203132	0.000096060	0.000076009	0.000057674	-0.000090252	0.000029860	0.000100161	0.000018152	0.000015833	0.000018059	-0.000001242	0.000000271	-0.000000241	-0.000002074
0.099327400	0.000358566	0.000186781	0.000094752	0.000087687	0.000048645	-0.000087830	0.000031191	0.000095148	0.000017528	0.000017353	0.000017210	-0.000000999	0.000000072	-0.000000264	-0.000002067
0.100141555	0.000365524	0.000169924	0.000093288	0.000099081	0.000039802	-0.000085047	0.000032607	0.000089630	0.000016866	0.000018662	0.000016367	-0.000000742	-0.000000140	-0.000000282	-0.000002035
0.100955717	0.000371775	0.000153013	0.000091667	0.000109849	0.000031384	-0.000081916	0.000034043	0.000083700	0.000016173	0.000019719	0.000015545	-0.000000476	-0.000000358	-0.000000295	-0.000001979
0.101769872	0.000376926	0.000136478	0.000089885	0.000119638	0.000023629	-0.000078442	0.000035426	0.000077446	0.000015448	0.000020483	0.000014753	-0.000000207	-0.000000578	-0.000000301	-0.000001897
0.102584034	0.000380571	0.000120729	0.000087936	0.000128092	0.000016759	-0.000074628	0.000036679	0.000070956	0.000014689	0.000020920	0.000013994	0.000000062	-0.000000793	-0.000000301	-0.000001792
0.103398196	0.000379753	0.000107246	0.000085567	0.000133147	0.000011987	-0.000070090	0.000037330	0.000064103	0.000013790	0.000020672	0.000013228	0.000000313	-0.000000978	-0.000000292	-0.000001650
0.104212351	0.000377262	0.000094895	0.000083054	0.000136577	0.000008189	-0.000065280	0.000037776	0.000057222	0.000012859	0.000020123	0.000012482	0.000000552	-0.000001149	-0.000000279	-0.000001499
0.105026513	0.000373412	0.000083732	0.000080451	0.000138514	0.000005276	-0.000060315	0.000038025	0.000050458	0.000011918	0.000019333	0.000011759	0.000000776	-0.000001305	-0.000000261	-0.000001345
0.105840668	0.000368523	0.000073843	0.000077825	0.000139100	0.000003177	-0.000055326	0.000038079	0.000043966	0.000010990	0.000018366	0.000011061	0.000000982	-0.000001446	-0.000000242	-0.000001197
0.106654830	0.000362918	0.000065370	0.000075252	0.000138486	0.000001847	-0.000050461	0.000037937	0.000037912	0.000010101	0.000017279	0.000010399	0.000001168	-0.000001571	-0.000000220	-0.000001059
0.107468985	0.000356755	0.000059794	0.000073026	0.000136355	0.000001864	-0.000046206	0.000037377	0.000032973	0.000009361	0.000016135	0.000009832	0.000001314	-0.000001671	-0.000000203	-0.000000964
0.108283147	0.000350504	0.000055827	0.000071010	0.000133425	0.000002558	-0.000042359	0.000036656	0.000028715	0.000008713	0.000014980	0.000009338	0.000001437	-0.000001757	-0.000000183	-0.000000881
0.109097309	0.000344503	0.000053432	0.000069260	0.000129959	0.000003833	-0.000039022	0.000035822	0.000025199	0.000008176	0.000013864	0.000008931	0.000001540	-0.000001831	-0.000000162	-0.000000808
0.109911464	0.000339073	0.000052606	0.000067832	0.000126212	0.000005616	-0.000036295	0.000034925	0.000022485	0.000007768	0.000012833	0.000008627	0.000001622	-0.000001892	-0.000000137	-0.000000743
0.110725626	0.000334520	0.000053380	0.000066785	0.000122432	0.000007861	-0.000034282	0.000034013	0.000020638	0.000007511	0.000011932	0.000008442	0.000001683	-0.000001942	-0.000000110	-0.000000684
0.111539781	0.000331806	0.000056535	0.000066412	0.000119247	0.000010635	-0.000033551	0.000033158	0.000020229	0.000007527	0.000011307	0.000008491	0.000001735	-0.000002008	-0.000000074	-0.000000651
0.112353943	0.000330345	0.000061310	0.000066491	0.000116379	0.000013859	-0.000033641	0.000032386	0.000020707	0.000007720	0.000010870	0.000008674	0.000001758	-0.000002046	-0.000000035	-0.000000610
0.113168098	0.000330270	0.000067590	0.000067018	0.000113962	0.000017494	-0.000034543	0.000031750	0.000022019	0.000008086	0.000010634	0.000008982	0.000001746	-0.000002044	0.000000005	-0.000000556
0.113982260	0.000331721	0.000075255	0.000067986	0.000112131	0.000021493	-0.000036243	0.000031308	0.000024113	0.000008622	0.000010609	0.000009408	0.000001693	-0.000001992	0.000000047	-0.000000489
0.114796422	0.000334852	0.000084177	0.000069385	0.000111027	0.000025807	-0.000038728	0.000031121	0.000026936	0.000009326	0.000010808	0.000009945	0.000001592	-0.000001880	0.000000088	-0.000000409
0.115610577	0.000340551	0.000094403	0.000071415	0.000111470	0.000030310	-0.000042268	0.000031388	0.000030669	0.000010305	0.000011456	0.000010654	0.000001399	-0.000001635	0.000000140	-0.000000275
0.116424739	0.000348095	0.000105578	0.000073810	0.000112782	0.000035053	-0.000046487	0.000032011	0.000034962	0.000011423	0.000012302	0.000011445	0.000001162	-0.000001331	0.000000187	-0.000000144
0.117238894	0.000357519	0.000117471	0.000076512	0.000114975	0.000039971	-0.000051289	0.000033033	0.000039686	0.000012653	0.000013312	0.000012296	0.000000889	-0.000000976	0.000000226	-0.000000022
0.118053056	0.000368863	0.000129823	0.000079459	0.000118069	0.000044983	-0.000056569	0.000034503	0.000044708	0.000013964	0.000014454	0.000013186	0.000000587	-0.000000584	0.000000255	0.000000086
0.118867211	0.000382173	0.000142348	0.000082584	0.000122084	0.000049991	-0.000062213	0.000036467	0.000049881	0.000015325	0.000015693	0.000014087	0.000000267	-0.000000169	0.000000271	0.000000173
0.119681373	0.000397225	0.000154155	0.000085542	0.000126581	0.000054756	-0.000067927	0.000039271	0.000054709	0.000016578	0.000016806	0.000014863	-0.000000060	0.000000251	0.000000249	0.000000232
0.120495535	0.000414359	0.000165588	0.000088602	0.000132142	0.000059287	-0.000073770	0.000042583	0.000059439	0.000017830	0.000017982	0.000015619	-0.000000372	0.000000648	0.000000217	0.000000270
0.121309690	0.000433669	0.000176444	0.000091756	0.000138892	0.000063479	-0.000079645	0.000046368	0.000063989	0.000019065	0.000019228	0.000016345	-0.000000656	0.000001004	0.000000178	0.000000285
0.122123852	0.000455261	0.000186510	0.000094993	0.000146957	0.000067214	-0.000085457	0.000050595	0.000068283	0.000020266	0.000020554	0.000017027	-0.000000905	0.000001308	0.000000136	0.000000275
0.122938007	0.000479257	0.000195561	0.000098302	0.000156477	0.000070366	-0.000091113	0.000055236	0.000072240	0.000021417	0.000021971	0.000017650	-0.000001117	0.000001552	0.000000092	0.000000238
0.123752169	0.000506725	0.000203323	0.000101622	0.000167836	0.000072610	-0.000096546	0.000060216	0.000075844	0.000022469	0.000023437	0.000018192	-0.000001307	0.000001684	0.000000054	0.000000091
0.124566324	0.000536693	0.000209582	0.000105012	0.000180928	0.000074029	-0.000101632	0.000065581	0.000078940	0.000023451	0.000025057	0.000018640	-0.000001481	0.000001786	0.000000018	-0.000000075
0.125380486	0.000569157	0.000214092	0.000108490	0.000195898	0.000074516	-0.000106280	0.000071344	0.000081437	0.000024356	0.000026869	0.000018978	-0.000001645	0.000001879	-0.000000013	-0.000000251
0.126194641	0.000604161	0.000216605	0.000112083	0.000212918	0.000073958	-0.000110410	0.000077534	0.000083244	0.000025179	0.000028917	0.000019190	-0.000001805	0.000001981	-0.000000037	-0.000000425
0.127008811	0.000641813	0.000216877	0.000115831	0.000232193	0.000072233	-0.000113955	0.000084197	0.000084279	0.000025919	0.000031246	0.000019268	-0.000001965	0.000002109	-0.000000052	-0.000000590
0.127822965	0.000687471	0.000214588	0.000120677	0.000257571	0.000068572	-0.000117414	0.000091933	0.000084846	0.000026796	0.000034626	0.000019300	-0.000002171	0.000002375	-0.000000044	-0.000000722
0.128637120	0.000735381	0.000209645	0.000125648	0.000285150	0.000063625	-0.000120149	0.000100286	0.000084447	0.000027553	0.000038272	0.000019175	-0.000002379	0.000002681	-0.000000026	-0.000000841
0.129451275	0.000784263	0.000201842	0.000130556	0.000314159	0.000057424	-0.000121970	0.000109178	0.000082907	0.000028129	0.000042030	0.000018868	-0.000002566	0.000003004	0.000000003	-0.000000934
0.130265445	0.000832576	0.000190949	0.000135177	0.000343649	0.000050001	-0.000122654	0.000118477	0.000080026	0.000028457	0.000045713	0.000018354	-0.000002705	0.000003316	0.000000041	-0.000000986
0.131079599	0.000878506	0.000176711	0.000139243	0.000372501	0.000041378	-0.000121945	0.000127982	0.000075585	0.000028467	0.000049105	0.000017601	-0.000002759	0.000003582	0.000000088	-0.000000974
0.131893754	0.000917363	0.000154861	0.000141784	0.000398079	0.000030285	-0.000117963	0.000137800	0.000067317	0.000027661	0.000051359	0.000016255	-0.000002546	0.000003664	0.000000145	-0.000000758
0.132707924	0.000949893	0.000129942	0.000143237	0.000420567	0.000018163	-0.000112366	0.000146991	0.000057494	0.000026489	0.000052981	0.000014665	-0.000002220	0.000003662	0.000000206	-0.000000467
0.133522078	0.000974537	0.000102725	0.000143460	0.000438983	0.000005355	-0.000105264	0.000155060	0.000046428	0.000024994	0.000053909	0.000012875	-0.000001799	0.000003582	0.000000265	-0.000000121
0.134336233	0.000989839	0.000074031	0.000142337	0.000452412	-0.000007757	-0.000096779	0.000161522	0.000034449	0.000023223	0.000054090	0.000010931	-0.000001308	0.000003434	0.000000322	0.000000261
0.135150388	0.000994510	0.000044717	0.000139783	0.000460040	-0.000020755	-0.000087048	0.000165921	0.000021907	0.000021227	0.000053492	0.000008881	-0.000000771	0.000003231	0.000000372	0.000000657
0.135964558	0.000975097	0.000016640	0.000134202	0.000454070	-0.000031755	-0.000075026	0.000165197	0.000009124	0.000018931	0.000051127	0.000006809	-0.000000223	0.000002945	0.000000410	0.000000998
0.136778712	0.000946790	-0.000010567	0.000127594	0.000443224	-0.000042202	-0.000062457	0.000162425	-0.000003450	0.000016534	0.000048277	0.000004709	0.000000317	0.000002645	0.000000438	0.000001323
0.137592867	0.000912128	-0.000036260	0.000120353	0.000428887	-0.000051988	-0.000049852	0.000158061	-0.000015448	0.000014115	0.000045189	0.000002622	0.000000826	0.000002352	0.000000455	0.000001623
0.138407037	0.000873527	-0.000059757	0.000112856	0.000412340	-0.000060927	-0.000037707	0.000152569	-0.000026516	0.000011753	0.000042081	0.000000595	0.000001283	0.000002081	0.000000462	0.000001887
0.139221191	0.000833190	-0.000080324	0.000105450	0.000394701	-0.000068751	-0.000026485	0.000146399	-0.000036306	0.000009533	0.000039129	-0.000001314	0.000001672	0.000001843	0.000000457	0.000002108
0.140035346	0.000794469	-0.000091057	0.000099400	0.000377296	-0.000072163	-0.000018643	0.000139727	-0.000041873	0.000008110	0.000036962	-0.000002554	0.000001915	0.000001702	0.000000431	0.000002239
0.140849501	0.000756927	-0.000098820	0.000093736	0.000360091	-0.000074360	-0.000011965	0.000133128	-0.000046171	0.000006840	0.000034995	-0.000003655	0.000002087	0.000001584	0.000000397	0.000002322
0.141663671	0.000721849	-0.000104241	0.000088521	0.000343733	-0.000075654	-0.000006375	0.000126995	-0.000049472	0.000005683	0.000033223	-0.000004651	0.000002199	0.000001479	0.000000358	0.000002364
0.142477825	0.000690440	-0.000107882	0.000083820	0.000328826	-0.000076329	-0.000001804	0.000121701	-0.000052026	0.000004611	0.000031642	-0.000005566	0.000002260	0.000001377	0.000000318	0.000002371
0.143291980	0.000663804	-0.000110241	0.000079705	0.000315919	-0.000076631	0.000001817	0.000117584	-0.000054061	0.000003604	0.000030249	-0.000006419	0.000002282	0.000001268	0.000000278	0.000002352
0.144106150	0.000651537	-0.000115208	0.000076581	0.000309718	-0.000079022	0.000004665	0.000117691	-0.000057306	0.000002273	0.000029201	-0.000007623	0.000002295	0.000001098	0.000000245	0.000002330
0.144920304	0.000643093	-0.000118323	0.000074115	0.000304971	-0.000080575	0.000006663	0.000118499	-0.000059813	0.000001103	0.000028294	-0.000008659	0.000002285	0.000000917	0.000000214	0.000002289
0.145734459	0.000637362	-0.000119324	0.000072259	0.000301152	-0.000081076	0.000007897	0.000119571	-0.000061442	0.000000131	0.000027495	-0.000009485	0.000002256	0.000000733	0.000000185	0.000002229
0.146548614	0.000633506	-0.000118176	0.000070954	0.000297899	-0.000080453	0.000008467	0.000120590	-0.000062146	-0.000000623	0.000026779	-0.000010074	0.000002210	0.000000553	0.000000157	0.000002149
0.147362784	0.000630958	-0.000115054	0.000070139	0.000295012	-0.000078760	0.000008488	0.000121367	-0.000061968	-0.000001155	0.000026121	-0.000010421	0.000002149	0.000000380	0.000000131	0.000002049
0.148176938	0.000628307	-0.000109813	0.000069807	0.000292083	-0.000075733	0.000008135	0.000121283	-0.000060721	-0.000001308	0.000025391	-0.000010334	0.000002080	0.000000226	0.000000111	0.000001913
0.148991093	0.000626943	-0.000103722	0.000069824	0.000289717	-0.000072236	0.000007490	0.000121152	-0.000059036	-0.000001314	0.000024711	-0.000010089	0.000002005	0.000000087	0.000000094	0.000001766
0.149805263	0.000626787	-0.000097170	0.000070136	0.000287936	-0.000068483	0.000006645	0.000121033	-0.000057076	-0.000001204	0.000024091	-0.000009729	0.000001929	-0.000000034	0.000000080	0.000001617
0.150619417	0.000627726	-0.000090496	0.000070694	0.000286739	-0.000064662	0.000005683	0.000120964	-0.000054981	-0.000001005	0.000023545	-0.000009291	0.000001853	-0.000000135	0.000000069	0.000001470
0.151433572	0.000629610	-0.000083996	0.000071453	0.000286105	-0.000060935	0.000004677	0.000120964	-0.000052874	-0.000000740	0.000023087	-0.000008807	0.000001781	-0.000000212	0.000000062	0.000001333
0.152247727	0.000631822	-0.000078408	0.000072410	0.000286121	-0.000057719	0.000003773	0.000120902	-0.000050981	-0.000000377	0.000022823	-0.000008303	0.000001725	-0.000000237	0.000000060	0.000001233
0.153061897	0.000634632	-0.000073353	0.000073468	0.000286529	-0.000054804	0.000002944	0.000120884	-0.000049236	-0.000000000	0.000022652	-0.000007811	0.000001677	-0.000000238	0.000000062	0.000001151
0.153876051	0.000637907	-0.000068934	0.000074577	0.000287221	-0.000052253	0.000002232	0.000120906	-0.000047698	0.000000360	0.000022566	-0.000007357	0.000001637	-0.000000216	0.000000066	0.000001088
0.154690206	0.000641552	-0.000065281	0.000075690	0.000288113	-0.000050144	0.000001681	0.000120985	-0.000046436	0.000000674	0.000022558	-0.000006970	0.000001606	-0.000000173	0.000000073	0.000001047
0.155504376	0.000645513	-0.000062546	0.000076763	0.000289149	-0.000048570	0.000001333	0.000121158	-0.000045529	0.000000911	0.000022623	-0.000006680	0.000001585	-0.000000112	0.000000082	0.000001031
0.156318530	0.000651987	-0.000062107	0.000077815	0.000291208	-0.000048368	0.000001417	0.000122140	-0.000045601	0.000000920	0.000022881	-0.000006676	0.000001589	-0.000000027	0.000000094	0.000001067
0.157132685	0.000658292	-0.000062543	0.000078771	0.000293199	-0.000048683	0.000001703	0.000123214	-0.000046040	0.000000828	0.000023188	-0.000006784	0.000001602	0.000000072	0.000000108	0.000001125
0.157946840	0.000663824	-0.000063615	0.000079591	0.000294845	-0.000049368	0.000002158	0.000124259	-0.000046757	0.000000644	0.000023512	-0.000006985	0.000001623	0.000000183	0.000000123	0.000001200
0.158761010	0.000667938	-0.000065052	0.000080229	0.000295841	-0.000050260	0.000002744	0.000125135	-0.000047647	0.000000383	0.000023818	-0.000007255	0.000001649	0.000000303	0.000000139	0.000001289
0.159575164	0.000669946	-0.000066558	0.000080632	0.000295856	-0.000051181	0.000003423	0.000125681	-0.000048597	0.000000061	0.000024068	-0.000007566	0.000001678	0.000000429	0.000000155	0.000001384
0.160389319	0.000667184	-0.000067726	0.000080476	0.000293541	-0.000051848	0.000004289	0.000125397	-0.000049503	-0.000000347	0.000024114	-0.000007908	0.000001704	0.000000550	0.000000172	0.000001477
0.161203489	0.000661119	-0.000068191	0.000080000	0.000289649	-0.000052110	0.000005122	0.000124372	-0.000050141	-0.000000753	0.000024052	-0.000008213	0.000001724	0.000000675	0.000000187	0.000001567
0.162017643	0.000651494	-0.000067742	0.000079181	0.000284048	-0.000051841	0.000005879	0.000122500	-0.000050410	-0.000001130	0.000023866	-0.000008450	0.000001735	0.000000805	0.000000201	0.000001649
0.162831798	0.000638125	-0.000066259	0.000077994	0.000276635	-0.000050956	0.000006533	0.000119713	-0.000050250	-0.000001461	0.000023532	-0.000008597	0.000001735	0.000000936	0.000000213	0.000001719
0.163645953	0.000620898	-0.000063709	0.000076410	0.000267341	-0.000049413	0.000007070	0.000115991	-0.000049639	-0.000001734	0.000023025	-0.000008639	0.000001721	0.000001065	0.000000223	0.000001773
0.164460123	0.000595315	-0.000060802	0.000073753	0.000254094	-0.000047457	0.000007905	0.000110347	-0.000048808	-0.000001998	0.000022060	-0.000008589	0.000001695	0.000001167	0.000000232	0.000001799
0.165274277	0.000566987	-0.000056921	0.000070786	0.000239429	-0.000044843	0.000008555	0.000104111	-0.000047558	-0.000002193	0.000020926	-0.000008433	0.000001653	0.000001261	0.000000238	0.000001806
0.166088432	0.000537000	-0.000051917	0.000067662	0.000223837	-0.000041480	0.000008911	0.000097555	-0.000045827	-0.000002304	0.000019664	-0.000008161	0.000001594	0.000001351	0.000000244	0.000001794
0.166902602	0.000506441	-0.000045617	0.000064544	0.000207818	-0.000037271	0.000008858	0.000090944	-0.000043545	-0.000002314	0.000018322	-0.000007762	0.000001516	0.000001435	0.000000248	0.000001763
0.167716756	0.000476393	-0.000037837	0.000061601	0.000191878	-0.000032111	0.000008277	0.000084541	-0.000040631	-0.000002207	0.000016947	-0.000007222	0.000001420	0.000001516	0.000000250	0.000001712
0.168530911	0.000451980	-0.000029956	0.000059420	0.000178573	-0.000026803	0.000007284	0.000079526	-0.000037625	-0.000001994	0.000015743	-0.000006632	0.000001325	0.000001588	0.000000250	0.000001654
0.169345066	0.000429141	-0.000019792	0.000057653	0.000165854	-0.000020130	0.000005461	0.000074932	-0.000033642	-0.000001626	0.000014586	-0.000005847	0.000001205	0.000001658	0.000000249	0.000001573
0.170159236	0.000407987	-0.000006757	0.000056370	0.000153756	-0.000011770	0.000002621	0.000070792	-0.000028438	-0.000001077	0.000013496	-0.000004827	0.000001057	0.000001728	0.000000246	0.000001464
0.170973390	0.000388709	0.000009717	0.000055658	0.000142350	-0.000001399	-0.000001428	0.000067177	-0.000021780	-0.000000321	0.000012497	-0.000003529	0.000000874	0.000001800	0.000000241	0.000001325
0.171787545	0.000371598	0.000030197	0.000055616	0.000131758	0.000011307	-0.000006894	0.000064210	-0.000013439	0.000000667	0.000011614	-0.000001909	0.000000653	0.000001876	0.000000235	0.000001153
0.172601715	0.000361770	0.000055936	0.000057217	0.000124576	0.000026933	-0.000014458	0.000063286	-0.000003001	0.000001996	0.000011145	0.000000103	0.000000401	0.000001962	0.000000224	0.000000959
0.173415869	0.000354241	0.000086983	0.000059679	0.000118460	0.000045557	-0.000023905	0.000063170	0.000009651	0.000003622	0.000010883	0.000002543	0.000000102	0.000002062	0.000000212	0.000000728
0.174230024	0.000348185	0.000123876	0.000062905	0.000113002	0.000067462	-0.000035389	0.000063676	0.000024754	0.000005569	0.000010807	0.000005460	-0.000000251	0.000002181	0.000000196	0.000000456
0.175044179	0.000342627	0.000167080	0.000066744	0.000107642	0.000092909	-0.000049046	0.000064570	0.000042520	0.000007854	0.000010865	0.000008897	-0.000000662	0.000002320	0.000000177	0.000000141
0.175858349	0.000336444	0.000216973	0.000070995	0.000101668	0.000122139	-0.000064995	0.000065582	0.000063134	0.000010497	0.000010976	0.000012892	-0.000001138	0.000002482	0.000000156	-0.000000222
0.176672503	0.000323427	0.000276796	0.000074955	0.000091431	0.000157301	-0.000084191	0.000065547	0.000088079	0.000013638	0.000010768	0.000017742	-0.000001727	0.000002675	0.000000133	-0.000000664
0.177486658	0.000308509	0.000342988	0.000078871	0.000079445	0.000196115	-0.000105690	0.000065257	0.000115805	0.000017137	0.000010423	0.000023148	-0.000002385	0.000002891	0.000000109	-0.000001155
0.178300828	0.000291403	0.000415090	0.000082535	0.000065329	0.000238329	-0.000129367	0.000064560	0.000146123	0.000020978	0.000009858	0.000029076	-0.000003113	0.000003129	0.000000085	-0.000001697
0.179114982	0.000271723	0.000492668	0.000085718	0.000048648	0.000283706	-0.000155079	0.000063276	0.000178845	0.000025142	0.000008984	0.000035494	-0.000003910	0.000003387	0.000000063	-0.000002288
0.179929137	0.000249045	0.000575320	0.000088187	0.000028968	0.000332027	-0.000182673	0.000061225	0.000213782	0.000029609	0.000007711	0.000042366	-0.000004775	0.000003663	0.000000042	-0.000002932
0.180743292	0.000220247	0.000668378	0.000089369	0.000003628	0.000386287	-0.000213844	0.000057449	0.000253153	0.000034590	0.000005762	0.000050097	-0.000005789	0.000003983	0.000000026	-0.000003688
0.181557462	0.000188619	0.000764402	0.000089462	-0.000024684	0.000442178	-0.000246207	0.000052849	0.000293791	0.000039774	0.000003351	0.000058094	-0.000006855	0.000004313	0.000000016	-0.000004482
0.182371616	0.000154794	0.000861666	0.000088524	-0.000055380	0.000498718	-0.000279098	0.000047572	0.000334917	0.000045068	0.000000524	0.000066204	-0.000007950	0.000004647	0.000000010	-0.000005300
0.183185771	0.000119799	0.000958419	0.000086784	-0.000087514	0.000554928	-0.000311826	0.000041876	0.000375745	0.000050372	-0.000002609	0.000074270	-0.000009050	0.000004983	0.000000010	-0.000006120
0.183999941	0.000085265	0.001052844	0.000084682	-0.000119643	0.000609795	-0.000343694	0.000036184	0.000415479	0.000055575	-0.000005860	0.000082131	-0.000010128	0.000005319	0.000000014	-0.000006922
0.184814095	0.000053658	0.001143004	0.000082915	-0.000149670	0.000662228	-0.000374016	0.000031143	0.000453307	0.000060557	-0.000008930	0.000089620	-0.000011156	0.000005659	0.000000020	-0.000007680
0.185628250	0.000028556	0.001226780	0.000082468	-0.000174667	0.000710998	-0.000402142	0.000027689	0.000488392	0.000065192	-0.000011392	0.000096562	-0.000012102	0.000006006	0.000000025	-0.000008368
0.186442405	0.000014930	0.001301804	0.000084648	-0.000190679	0.000754666	-0.000427476	0.000027136	0.000519858	0.000069346	-0.000012654	0.000102766	-0.000012933	0.000006370	0.000000027	-0.000008954
0.187256575	0.000019472	0.001365391	0.000091101	-0.000192505	0.000791502	-0.000449509	0.000031274	0.000546772	0.000072881	-0.000011936	0.000108025	-0.000013611	0.000006765	0.000000019	-0.000009402
