0.000000000	-0.003650890	-0.000169255	-0.000514461	-0.001710778	-0.000083593	0.000241866	-0.000825677	-0.000057901	-0.000048268	-0.000132257	-0.000011333	0.000007344	0.000010118	0.000000213	0.000004460
0.000814159	0.000232938	0.000113013	0.000073031	0.000015965	0.000090287	-0.000031795	0.000050526	0.000010504	0.000005600	-0.000005725	0.000012392	-0.000000292	0.000000340	-0.000000037	-0.000000506
0.001628318	0.000234184	0.000110855	0.000073043	0.000017358	0.000088541	-0.000031680	0.000050969	0.000009687	0.000005533	-0.000005653	0.000012286	-0.000000256	0.000000311	-0.000000039	-0.000000493
0.002442477	0.000235697	0.000108108	0.000073063	0.000019155	0.000086334	-0.000031536	0.000051516	0.000008637	0.000005451	-0.000005542	0.000012159	-0.000000210	0.000000274	-0.000000041	-0.000000476
0.003256636	0.000237424	0.000104849	0.000073094	0.000021290	0.000083737	-0.000031368	0.000052147	0.000007387	0.000005355	-0.000005400	0.000012015	-0.000000157	0.000000231	-0.000000043	-0.000000455
0.004070795	0.000239312	0.000101160	0.000073136	0.000023697	0.000080823	-0.000031181	0.000052845	0.000005972	0.000005249	-0.000005235	0.000011856	-0.000000098	0.000000183	-0.000000046	-0.000000431
0.004884954	0.000241309	0.000097121	0.000073191	0.000026316	0.000077658	-0.000030977	0.000053588	0.000004427	0.000005134	-0.000005053	0.000011685	-0.000000035	0.000000131	-0.000000048	-0.000000404
0.005699113	0.000243358	0.000092815	0.000073258	0.000029083	0.000074311	-0.000030762	0.000054358	0.000002791	0.000005015	-0.000004859	0.000011505	0.000000031	0.000000076	-0.000000050	-0.000000375
0.006513272	0.000245404	0.000088325	0.000073338	0.000031940	0.000070848	-0.000030540	0.000055134	0.000001103	0.000004893	-0.000004659	0.000011317	0.000000097	0.000000021	-0.000000052	-0.000000343
0.007327431	0.000247392	0.000083737	0.000073428	0.000034827	0.000067335	-0.000030314	0.000055899	-0.000000598	0.000004772	-0.000004457	0.000011124	0.000000164	-0.000000035	-0.000000053	-0.000000308
0.008141590	0.000249264	0.000079139	0.000073526	0.000037688	0.000063835	-0.000030088	0.000056632	-0.000002271	0.000004653	-0.000004256	0.000010926	0.000000228	-0.000000090	-0.000000053	-0.000000272
0.008955749	0.000250963	0.000074618	0.000073628	0.000040468	0.000060413	-0.000029864	0.000057316	-0.000003872	0.000004539	-0.000004059	0.000010725	0.000000290	-0.000000144	-0.000000053	-0.000000234
0.009769908	0.000252253	0.000070447	0.000073712	0.000042990	0.000057269	-0.000029646	0.000057885	-0.000005265	0.000004438	-0.000003872	0.000010521	0.000000343	-0.000000191	-0.000000051	-0.000000193
0.010584067	0.000253301	0.000066489	0.000073791	0.000045354	0.000054295	-0.000029435	0.000058383	-0.000006524	0.000004345	-0.000003692	0.000010316	0.000000391	-0.000000235	-0.000000049	-0.000000150
0.011398226	0.000254094	0.000062795	0.000073864	0.000047540	0.000051521	-0.000029235	0.000058806	-0.000007628	0.000004262	-0.000003518	0.000010112	0.000000434	-0.000000275	-0.000000046	-0.000000108
0.012212385	0.000254622	0.000059414	0.000073930	0.000049525	0.000048980	-0.000029049	0.000059149	-0.000008555	0.000004191	-0.000003352	0.000009911	0.000000472	-0.000000311	-0.000000042	-0.000000065
0.013026544	0.000254873	0.000056402	0.000073987	0.000051285	0.000046704	-0.000028881	0.000059408	-0.000009286	0.000004132	-0.000003194	0.000009716	0.000000503	-0.000000342	-0.000000038	-0.000000023
0.013840703	0.000254830	0.000054000	0.000074028	0.000052701	0.000044844	-0.000028748	0.000059558	-0.000009735	0.000004095	-0.000003043	0.000009530	0.000000524	-0.000000366	-0.000000033	0.000000020
0.014654862	0.000254490	0.000052033	0.000074059	0.000053870	0.000043295	-0.000028637	0.000059621	-0.000009962	0.000004073	-0.000002906	0.000009356	0.000000539	-0.000000384	-0.000000027	0.000000060
0.015469021	0.000253846	0.000050510	0.000074082	0.000054791	0.000042064	-0.000028549	0.000059596	-0.000009964	0.000004066	-0.000002786	0.000009199	0.000000548	-0.000000397	-0.000000020	0.000000097
0.016283181	0.000252891	0.000049437	0.000074095	0.000055463	0.000041155	-0.000028485	0.000059483	-0.000009737	0.000004074	-0.000002685	0.000009063	0.000000550	-0.000000404	-0.000000014	0.000000127
0.017097339	0.000251618	0.000048825	0.000074102	0.000055887	0.000040577	-0.000028447	0.000059282	-0.000009277	0.000004097	-0.000002608	0.000008950	0.000000547	-0.000000405	-0.000000008	0.000000150
0.017911498	0.000250010	0.000048784	0.000074116	0.000056021	0.000040410	-0.000028456	0.000058988	-0.000008524	0.000004144	-0.000002563	0.000008876	0.000000537	-0.000000400	-0.000000001	0.000000162
0.018725658	0.000248077	0.000049195	0.000074119	0.000055914	0.000040565	-0.000028489	0.000058600	-0.000007541	0.000004208	-0.000002546	0.000008831	0.000000522	-0.000000390	0.000000005	0.000000165
0.019539816	0.000245818	0.000050040	0.000074109	0.000055577	0.000041029	-0.000028544	0.000058118	-0.000006340	0.000004288	-0.000002558	0.000008817	0.000000502	-0.000000375	0.000000011	0.000000158
0.020353975	0.000243233	0.000051298	0.000074081	0.000055018	0.000041791	-0.000028617	0.000057541	-0.000004932	0.000004383	-0.000002602	0.000008833	0.000000477	-0.000000354	0.000000017	0.000000141
0.021168133	0.000240324	0.000052950	0.000074035	0.000054247	0.000042837	-0.000028706	0.000056868	-0.000003331	0.000004492	-0.000002679	0.000008880	0.000000448	-0.000000329	0.000000021	0.000000113
0.021982294	0.000236523	0.000055061	0.000073927	0.000053164	0.000044264	-0.000028784	0.000056018	-0.000001430	0.000004613	-0.000002823	0.000008967	0.000000415	-0.000000298	0.000000024	0.000000065
0.022796452	0.000232554	0.000057500	0.000073807	0.000051918	0.000045917	-0.000028881	0.000055095	0.000000609	0.000004748	-0.000002998	0.000009083	0.000000379	-0.000000264	0.000000026	0.000000008
0.023610611	0.000228562	0.000060220	0.000073684	0.000050544	0.000047757	-0.000029000	0.000054124	0.000002738	0.000004895	-0.000003200	0.000009226	0.000000339	-0.000000226	0.000000028	-0.000000055
0.024424771	0.000224684	0.000063176	0.000073566	0.000049076	0.000049749	-0.000029143	0.000053130	0.000004914	0.000005054	-0.000003426	0.000009392	0.000000297	-0.000000185	0.000000028	-0.000000122
0.025238929	0.000221051	0.000066321	0.000073461	0.000047546	0.000051856	-0.000029310	0.000052141	0.000007091	0.000005219	-0.000003672	0.000009578	0.000000251	-0.000000142	0.000000028	-0.000000191
0.026053088	0.000217346	0.000069698	0.000073346	0.000045891	0.000054182	-0.000029457	0.000051141	0.000009148	0.000005372	-0.000003971	0.000009796	0.000000204	-0.000000096	0.000000027	-0.000000264
0.026867246	0.000214241	0.000073146	0.000073265	0.000044265	0.000056518	-0.000029634	0.000050207	0.000011143	0.000005529	-0.000004273	0.000010021	0.000000155	-0.000000050	0.000000025	-0.000000334
0.027681407	0.000211965	0.000076596	0.000073231	0.000042726	0.000058791	-0.000029850	0.000049368	0.000013060	0.000005689	-0.000004562	0.000010248	0.000000105	-0.000000003	0.000000022	-0.000000399
0.028495565	0.000210745	0.000079985	0.000073256	0.000041330	0.000060929	-0.000030114	0.000048654	0.000014883	0.000005855	-0.000004824	0.000010469	0.000000054	0.000000043	0.000000019	-0.000000456
0.029309724	0.000210803	0.000083252	0.000073352	0.000040132	0.000062862	-0.000030434	0.000048090	0.000016598	0.000006026	-0.000005041	0.000010679	0.000000004	0.000000086	0.000000016	-0.000000503
0.030123884	0.000213687	0.000086040	0.000073609	0.000039463	0.000064208	-0.000030855	0.000047874	0.000018033	0.000006197	-0.000005157	0.000010840	-0.000000043	0.000000121	0.000000013	-0.000000524
0.030938042	0.000217922	0.000088682	0.000073928	0.000039017	0.000065288	-0.000031332	0.000047801	0.000019376	0.000006376	-0.000005209	0.000010984	-0.000000089	0.000000153	0.000000010	-0.000000532
0.031752203	0.000223407	0.000091195	0.000074306	0.000038775	0.000066115	-0.000031864	0.000047859	0.000020644	0.000006567	-0.000005194	0.000011114	-0.000000134	0.000000182	0.000000007	-0.000000529
0.032566361	0.000230053	0.000093590	0.000074744	0.000038726	0.000066704	-0.000032454	0.000048044	0.000021854	0.000006771	-0.000005109	0.000011231	-0.000000179	0.000000208	0.000000004	-0.000000514
0.033380520	0.000237787	0.000095872	0.000075253	0.000038860	0.000067073	-0.000033109	0.000048359	0.000023015	0.000006992	-0.000004956	0.000011337	-0.000000225	0.000000234	0.000000001	-0.000000488
0.034194678	0.000248081	0.000097822	0.000076010	0.000039497	0.000066908	-0.000033958	0.000049060	0.000024111	0.000007257	-0.000004673	0.000011430	-0.000000275	0.000000258	-0.000000001	-0.000000441
0.035008837	0.000258969	0.000099701	0.000076823	0.000040220	0.000066646	-0.000034859	0.000049860	0.000025173	0.000007539	-0.000004340	0.000011519	-0.000000330	0.000000285	-0.000000004	-0.000000386
0.035822995	0.000269996	0.000101560	0.000077654	0.000040939	0.000066384	-0.000035785	0.000050706	0.000026213	0.000007830	-0.000003974	0.000011608	-0.000000390	0.000000317	-0.000000007	-0.000000328
0.036637153	0.000280702	0.000103454	0.000078461	0.000041558	0.000066219	-0.000036710	0.000051542	0.000027243	0.000008128	-0.000003591	0.000011697	-0.000000456	0.000000353	-0.000000010	-0.000000270
0.037451316	0.000290621	0.000105440	0.000079201	0.000041986	0.000066245	-0.000037606	0.000052306	0.000028275	0.000008427	-0.000003206	0.000011790	-0.000000528	0.000000396	-0.000000014	-0.000000215
0.038265474	0.000298099	0.000107775	0.000079737	0.000041871	0.000066843	-0.000038392	0.000052802	0.000029326	0.000008721	-0.000002845	0.000011897	-0.000000614	0.000000452	-0.000000019	-0.000000175
0.039079633	0.000304121	0.000110290	0.000080127	0.000041437	0.000067739	-0.000039103	0.000053127	0.000030418	0.000009009	-0.000002505	0.000012009	-0.000000706	0.000000514	-0.000000024	-0.000000142
0.039893791	0.000308507	0.000113002	0.000080348	0.000040656	0.000068955	-0.000039724	0.000053246	0.000031571	0.000009289	-0.000002198	0.000012126	-0.000000801	0.000000579	-0.000000029	-0.000000118
0.040707950	0.000311083	0.000115924	0.000080381	0.000039501	0.000070518	-0.000040237	0.000053127	0.000032803	0.000009557	-0.000001936	0.000012249	-0.000000898	0.000000646	-0.000000035	-0.000000105
0.041522108	0.000311683	0.000119062	0.000080213	0.000037947	0.000072456	-0.000040628	0.000052740	0.000034130	0.000009809	-0.000001734	0.000012381	-0.000000997	0.000000716	-0.000000040	-0.000000103
0.042336266	0.000308014	0.000123169	0.000079613	0.000035302	0.000075568	-0.000040780	0.000051661	0.000035919	0.000010052	-0.000001680	0.000012554	-0.000001110	0.000000799	-0.000000046	-0.000000134
0.043150429	0.000302610	0.000127299	0.000078856	0.000032388	0.000078929	-0.000040809	0.000050367	0.000037739	0.000010267	-0.000001699	0.000012732	-0.000001219	0.000000879	-0.000000051	-0.000000174
0.043964587	0.000295865	0.000131256	0.000077996	0.000029351	0.000082391	-0.000040727	0.000048936	0.000039498	0.000010445	-0.000001796	0.000012908	-0.000001320	0.000000954	-0.000000056	-0.000000220
0.044778746	0.000288174	0.000134840	0.000077086	0.000026335	0.000085804	-0.000040545	0.000047447	0.000041095	0.000010576	-0.000001974	0.000013073	-0.000001408	0.000001019	-0.000000059	-0.000000269
0.045592904	0.000279942	0.000137838	0.000076179	0.000023492	0.000088999	-0.000040275	0.000045983	0.000042434	0.000010650	-0.000002230	0.000013214	-0.000001480	0.000001072	-0.000000062	-0.000000317
0.046407063	0.000271927	0.000139892	0.000075416	0.000021129	0.000091688	-0.000039967	0.000044656	0.000043467	0.000010656	-0.000002604	0.000013327	-0.000001522	0.000001104	-0.000000063	-0.000000362
0.047221221	0.000264228	0.000140832	0.000074734	0.000019342	0.000093552	-0.000039626	0.000043509	0.000044129	0.000010621	-0.000002921	0.000013362	-0.000001539	0.000001116	-0.000000062	-0.000000403
0.048035379	0.000257182	0.000140455	0.000074155	0.000018301	0.000094329	-0.000039266	0.000042607	0.000044368	0.000010552	-0.000003111	0.000013297	-0.000001527	0.000001108	-0.000000061	-0.000000440
0.048849542	0.000251100	0.000138581	0.000073705	0.000018159	0.000093804	-0.000038895	0.000042017	0.000044126	0.000010450	-0.000003120	0.000013119	-0.000001484	0.000001075	-0.000000059	-0.000000470
0.049663700	0.000246270	0.000135053	0.000073410	0.000019050	0.000091818	-0.000038513	0.000041806	0.000043328	0.000010310	-0.000002919	0.000012822	-0.000001406	0.000001016	-0.000000056	-0.000000488
0.050477859	0.000244939	0.000127881	0.000073524	0.000022201	0.000086843	-0.000038109	0.000042678	0.000040999	0.000010039	-0.000002392	0.000012288	-0.000001254	0.000000903	-0.000000053	-0.000000463
0.051292017	0.000244946	0.000119203	0.000073794	0.000026338	0.000080589	-0.000037672	0.000043943	0.000038137	0.000009722	-0.000001686	0.000011661	-0.000001072	0.000000766	-0.000000049	-0.000000423
0.052106176	0.000246018	0.000109391	0.000074173	0.000031209	0.000073441	-0.000037175	0.000045528	0.000034814	0.000009353	-0.000000882	0.000010975	-0.000000866	0.000000613	-0.000000045	-0.000000370
0.052920334	0.000247852	0.000098853	0.000074605	0.000036513	0.000065845	-0.000036591	0.000047365	0.000031078	0.000008920	-0.000000088	0.000010258	-0.000000645	0.000000450	-0.000000041	-0.000000305
0.053734493	0.000250126	0.000088018	0.000075025	0.000041908	0.000058279	-0.000035891	0.000049390	0.000026958	0.000008409	0.000000573	0.000009537	-0.000000416	0.000000283	-0.000000036	-0.000000228
0.054548655	0.000251958	0.000077571	0.000075243	0.000046484	0.000052102	-0.000034820	0.000051675	0.000021845	0.000007666	0.000000578	0.000008845	-0.000000189	0.000000121	-0.000000033	-0.000000130
0.055362813	0.000253815	0.000067590	0.000075367	0.000050616	0.000046600	-0.000033673	0.000054010	0.000016580	0.000006871	0.000000345	0.000008190	0.000000029	-0.000000032	-0.000000029	-0.000000027
0.056176972	0.000255615	0.000058381	0.000075405	0.000054211	0.000041856	-0.000032519	0.000056283	0.000011417	0.000006071	-0.000000065	0.000007592	0.000000230	-0.000000172	-0.000000026	0.000000074
0.056991130	0.000257262	0.000050264	0.000075368	0.000057188	0.000037946	-0.000031424	0.000058376	0.000006622	0.000005313	-0.000000588	0.000007071	0.000000408	-0.000000293	-0.000000022	0.000000165
0.057805289	0.000258632	0.000043583	0.000075274	0.000059460	0.000034968	-0.000030458	0.000060164	0.000002461	0.000004643	-0.000001164	0.000006650	0.000000555	-0.000000393	-0.000000018	0.000000241
0.058619447	0.000257967	0.000040747	0.000075015	0.000059849	0.000034408	-0.000029789	0.000060965	0.000000128	0.000004200	-0.000001838	0.000006469	0.000000628	-0.000000439	-0.000000015	0.000000268
0.059433606	0.000257046	0.000039640	0.000074774	0.000059565	0.000034751	-0.000029345	0.000061359	-0.000001280	0.000003900	-0.000002461	0.000006404	0.000000666	-0.000000462	-0.000000012	0.000000274
0.060247768	0.000256039	0.000040172	0.000074584	0.000058707	0.000035888	-0.000029145	0.000061377	-0.000001774	0.000003748	-0.000003005	0.000006452	0.000000672	-0.000000463	-0.000000008	0.000000257
0.061061926	0.000255079	0.000042279	0.000074465	0.000057330	0.000037765	-0.000029193	0.000061053	-0.000001386	0.000003740	-0.000003465	0.000006607	0.000000648	-0.000000444	-0.000000004	0.000000220
0.061876085	0.000254266	0.000045920	0.000074430	0.000055458	0.000040370	-0.000029486	0.000060424	-0.000000164	0.000003866	-0.000003858	0.000006867	0.000000596	-0.000000408	0.000000001	0.000000163
0.062690243	0.000253135	0.000052212	0.000074494	0.000052641	0.000044325	-0.000030154	0.000059254	0.000002424	0.000004193	-0.000004217	0.000007303	0.000000499	-0.000000345	0.000000007	0.000000075
0.063504405	0.000252412	0.000059731	0.000074637	0.000049408	0.000048923	-0.000031015	0.000057923	0.000005567	0.000004609	-0.000004575	0.000007826	0.000000383	-0.000000269	0.000000014	-0.000000026
0.064318560	0.000252379	0.000068116	0.000074866	0.000045924	0.000053944	-0.000032038	0.000056534	0.000009085	0.000005093	-0.000004925	0.000008417	0.000000252	-0.000000186	0.000000021	-0.000000134
0.065132722	0.000253325	0.000076995	0.000075191	0.000042367	0.000059149	-0.000033199	0.000055188	0.000012808	0.000005627	-0.000005249	0.000009053	0.000000113	-0.000000099	0.000000029	-0.000000245
0.065946877	0.000255547	0.000085994	0.000075621	0.000038918	0.000064298	-0.000034473	0.000053988	0.000016564	0.000006191	-0.000005527	0.000009712	-0.000000026	-0.000000013	0.000000037	-0.000000355
0.066761039	0.000260882	0.000094109	0.000076258	0.000036133	0.000068738	-0.000035835	0.000053372	0.000019794	0.000006728	-0.000005734	0.000010342	-0.000000146	0.000000058	0.000000046	-0.000000444
0.067575194	0.000267671	0.000101777	0.000077000	0.000033704	0.000072778	-0.000037253	0.000053025	0.000022797	0.000007262	-0.000005873	0.000010958	-0.000000257	0.000000121	0.000000056	-0.000000525
0.068389356	0.000275829	0.000108787	0.000077836	0.000031717	0.000076289	-0.000038701	0.000052969	0.000025493	0.000007781	-0.000005930	0.000011545	-0.000000355	0.000000175	0.000000064	-0.000000598
0.069203518	0.000285282	0.000114919	0.000078764	0.000030270	0.000079133	-0.000040158	0.000053227	0.000027805	0.000008277	-0.000005886	0.000012089	-0.000000436	0.000000217	0.000000072	-0.000000660
0.070017673	0.000295975	0.000119936	0.000079780	0.000029467	0.000081160	-0.000041602	0.000053823	0.000029655	0.000008743	-0.000005721	0.000012571	-0.000000499	0.000000246	0.000000079	-0.000000710
0.070831835	0.000310159	0.000122030	0.000081023	0.000030331	0.000081052	-0.000043051	0.000055275	0.000030416	0.000009155	-0.000005214	0.000012894	-0.000000515	0.000000246	0.000000084	-0.000000733
0.071645990	0.000325111	0.000122709	0.000082337	0.000031969	0.000079937	-0.000044462	0.000056993	0.000030712	0.000009543	-0.000004523	0.000013122	-0.000000513	0.000000235	0.000000087	-0.000000741
0.072460152	0.000340213	0.000122139	0.000083701	0.000034263	0.000077987	-0.000045805	0.000058881	0.000030589	0.000009904	-0.000003684	0.000013257	-0.000000495	0.000000216	0.000000087	-0.000000736
0.073274307	0.000354786	0.000120565	0.000085088	0.000037051	0.000075443	-0.000047043	0.000060841	0.000030085	0.000010228	-0.000002765	0.000013308	-0.000000465	0.000000191	0.000000086	-0.000000718
0.074088469	0.000368094	0.000118293	0.000086469	0.000040129	0.000072608	-0.000048128	0.000062775	0.000029230	0.000010497	-0.000001853	0.000013292	-0.000000425	0.000000165	0.000000082	-0.000000688
0.074902631	0.000377858	0.000115277	0.000087782	0.000043227	0.000070028	-0.000048752	0.000064653	0.000027349	0.000010550	-0.000001282	0.000013203	-0.000000368	0.000000135	0.000000071	-0.000000638
0.075716786	0.000385146	0.000112349	0.000088983	0.000046091	0.000067802	-0.000049170	0.000066299	0.000025315	0.000010533	-0.000000889	0.000013111	-0.000000312	0.000000108	0.000000058	-0.000000585
0.076530948	0.000389561	0.000109838	0.000090002	0.000048493	0.000066132	-0.000049384	0.000067596	0.000023330	0.000010460	-0.000000695	0.000013040	-0.000000264	0.000000088	0.000000043	-0.000000536
0.077345103	0.000390704	0.000108040	0.000090764	0.000050213	0.000065185	-0.000049393	0.000068421	0.000021603	0.000010344	-0.000000709	0.000013010	-0.000000228	0.000000076	0.000000027	-0.000000497
0.078159265	0.000388186	0.000107212	0.000091190	0.000051049	0.000065092	-0.000049201	0.000068654	0.000020349	0.000010198	-0.000000927	0.000013031	-0.000000209	0.000000074	0.000000011	-0.000000474
0.078973420	0.000377649	0.000109152	0.000090916	0.000049646	0.000067282	-0.000048603	0.000067583	0.000020279	0.000010016	-0.000001635	0.000013213	-0.000000234	0.000000098	-0.000000004	-0.000000489
0.079787582	0.000363900	0.000111822	0.000090200	0.000047413	0.000069920	-0.000047892	0.000065829	0.000021017	0.000009855	-0.000002361	0.000013400	-0.000000280	0.000000132	-0.000000018	-0.000000529
0.080601744	0.000347585	0.000115166	0.000089090	0.000044481	0.000072833	-0.000047148	0.000063419	0.000022664	0.000009748	-0.000003022	0.000013577	-0.000000347	0.000000175	-0.000000031	-0.000000594
0.081415899	0.000329270	0.000119319	0.000087671	0.000040924	0.000076006	-0.000046452	0.000060376	0.000025312	0.000009725	-0.000003580	0.000013755	-0.000000434	0.000000228	-0.000000040	-0.000000684
0.082230061	0.000309445	0.000124598	0.000086057	0.000036760	0.000079566	-0.000045886	0.000056719	0.000029041	0.000009817	-0.000004035	0.000013965	-0.000000544	0.000000291	-0.000000046	-0.000000798
0.083044216	0.000287556	0.000133690	0.000084359	0.000031043	0.000084827	-0.000045751	0.000051820	0.000035253	0.000010204	-0.000004449	0.000014395	-0.000000706	0.000000375	-0.000000041	-0.000000963
0.083858378	0.000265336	0.000144384	0.000082735	0.000024853	0.000090748	-0.000045881	0.000046501	0.000042337	0.000010734	-0.000004862	0.000014947	-0.000000888	0.000000465	-0.000000030	-0.000001143
0.084672533	0.000243570	0.000156339	0.000081239	0.000018416	0.000097124	-0.000046291	0.000040941	0.000050026	0.000011394	-0.000005276	0.000015613	-0.000001085	0.000000556	-0.000000016	-0.000001333
0.085486695	0.000223033	0.000169131	0.000079906	0.000011973	0.000103703	-0.000046988	0.000035319	0.000058062	0.000012168	-0.000005673	0.000016374	-0.000001290	0.000000645	0.000000002	-0.000001529
0.086300857	0.000204484	0.000182285	0.000078762	0.000005775	0.000110200	-0.000047969	0.000029817	0.000066202	0.000013037	-0.000006020	0.000017207	-0.000001498	0.000000728	0.000000022	-0.000001727
0.087115012	0.000191110	0.000195283	0.000078166	0.000000588	0.000116191	-0.000049381	0.000024938	0.000074079	0.000013994	-0.000006190	0.000018098	-0.000001688	0.000000791	0.000000046	-0.000001925
0.087929174	0.000180656	0.000207586	0.000077806	-0.000003841	0.000121461	-0.000051048	0.000020458	0.000081737	0.000015029	-0.000006166	0.000019002	-0.000001870	0.000000842	0.000000071	-0.000002116
0.088743329	0.000173271	0.000218707	0.000077702	-0.000007302	0.000125735	-0.000052943	0.000016483	0.000089042	0.000016129	-0.000005890	0.000019896	-0.000002041	0.000000882	0.000000096	-0.000002296
0.089557491	0.000169054	0.000228206	0.000077880	-0.000009607	0.000128775	-0.000055034	0.000013123	0.000095851	0.000017277	-0.000005314	0.000020755	-0.000002193	0.000000909	0.000000121	-0.000002457
0.090371646	0.000168051	0.000235694	0.000078368	-0.000010593	0.000130390	-0.000057280	0.000010491	0.000102008	0.000018450	-0.000004407	0.000021553	-0.000002323	0.000000921	0.000000143	-0.000002593
0.091185808	0.000171136	0.000239231	0.000079309	-0.000009367	0.000129588	-0.000059454	0.000009328	0.000106389	0.000019515	-0.000003077	0.000022151	-0.000002393	0.000000907	0.000000163	-0.000002661
0.091999970	0.000177095	0.000240633	0.000080575	-0.000006819	0.000127393	-0.000061715	0.000008980	0.000109993	0.000020555	-0.000001456	0.000022648	-0.000002433	0.000000882	0.000000179	-0.000002697
0.092814125	0.000185654	0.000240015	0.000082121	-0.000003082	0.000123940	-0.000064037	0.000009417	0.000112816	0.000021547	0.000000403	0.000023028	-0.000002446	0.000000847	0.000000193	-0.000002702
0.093628287	0.000196506	0.000237491	0.000083881	0.000001681	0.000119385	-0.000066378	0.000010607	0.000114824	0.000022459	0.000002427	0.000023272	-0.000002433	0.000000808	0.000000202	-0.000002677
0.094442442	0.000209304	0.000233177	0.000085768	0.000007273	0.000113908	-0.000068674	0.000012509	0.000115951	0.000023249	0.000004523	0.000023358	-0.000002400	0.000000768	0.000000206	-0.000002625
0.095256604	0.000222831	0.000225958	0.000087353	0.000013245	0.000107547	-0.000070451	0.000015302	0.000115167	0.000023621	0.000006321	0.000023092	-0.000002347	0.000000740	0.000000200	-0.000002530
0.096070759	0.000237641	0.000217504	0.000088893	0.000019588	0.000100766	-0.000072069	0.000018627	0.000113505	0.000023821	0.000008014	0.000022671	-0.000002280	0.000000716	0.000000186	-0.000002415
0.096884921	0.000253546	0.000208297	0.000090386	0.000026138	0.000093822	-0.000073555	0.000022355	0.000111143	0.000023875	0.000009574	0.000022130	-0.000002202	0.000000698	0.000000167	-0.000002287
0.097699083	0.000270349	0.000198830	0.000091842	0.000032731	0.000086972	-0.000074941	0.000026358	0.000108275	0.000023818	0.000010975	0.000021509	-0.000002120	0.000000687	0.000000143	-0.000002152
0.098513238	0.000287849	0.000189609	0.000093287	0.000039211	0.000080478	-0.000076269	0.000030501	0.000105107	0.000023686	0.000012198	0.000020851	-0.000002037	0.000000681	0.000000113	-0.000002017
0.099327400	0.000305651	0.000182342	0.000094771	0.000044836	0.000075411	-0.000077575	0.000034382	0.000102121	0.000023543	0.000013100	0.000020283	-0.000001967	0.000000702	0.000000072	-0.000001882
0.100141555	0.000323712	0.000176089	0.000096342	0.000050149	0.000071064	-0.000078921	0.000038199	0.000099221	0.000023400	0.000013827	0.000019756	-0.000001906	0.000000724	0.000000029	-0.000001763
0.100955717	0.000341862	0.000171036	0.000098036	0.000055141	0.000067488	-0.000080358	0.000041892	0.000096567	0.000023290	0.000014406	0.000019294	-0.000001854	0.000000745	-0.000000015	-0.000001671
0.101769872	0.000359925	0.000167366	0.000099886	0.000059798	0.000064726	-0.000081937	0.000045399	0.000094324	0.000023242	0.000014868	0.000018919	-0.000001814	0.000000760	-0.000000059	-0.000001614
0.102584034	0.000377716	0.000165261	0.000101923	0.000064104	0.000062825	-0.000083713	0.000048663	0.000092660	0.000023284	0.000015246	0.000018649	-0.000001787	0.000000767	-0.000000099	-0.000001603
0.103398196	0.000396641	0.000165895	0.000104612	0.000068629	0.000061692	-0.000086201	0.000051632	0.000092626	0.000023626	0.000015847	0.000018534	-0.000001779	0.000000742	-0.000000138	-0.000001720
0.104212351	0.000414527	0.000168315	0.000107447	0.000072626	0.000061587	-0.000088911	0.000054262	0.000093330	0.000024072	0.000016377	0.000018538	-0.000001804	0.000000726	-0.000000170	-0.000001883
0.105026513	0.000430763	0.000172519	0.000110342	0.000075916	0.000062622	-0.000091788	0.000056486	0.000094747	0.000024609	0.000016803	0.000018675	-0.000001871	0.000000730	-0.000000195	-0.000002089
0.105840668	0.000444726	0.000178491	0.000113198	0.000078308	0.000064908	-0.000094769	0.000058233	0.000096856	0.000025223	0.000017091	0.000018963	-0.000001993	0.000000766	-0.000000211	-0.000002335
0.106654830	0.000455771	0.000186205	0.000115902	0.000079600	0.000068550	-0.000097785	0.000059417	0.000099633	0.000025902	0.000017202	0.000019426	-0.000002180	0.000000844	-0.000000216	-0.000002623
0.107468985	0.000461014	0.000195619	0.000118035	0.000078718	0.000074452	-0.000100429	0.000059600	0.000102823	0.000026543	0.000016744	0.000020211	-0.000002474	0.000000976	-0.000000189	-0.000002978
0.108283147	0.000462408	0.000206752	0.000119773	0.000076478	0.000081678	-0.000103009	0.000059060	0.000106718	0.000027253	0.000016129	0.000021204	-0.000002842	0.000001154	-0.000000157	-0.000003383
0.109097309	0.000459792	0.000219597	0.000121057	0.000072889	0.000090113	-0.000105513	0.000057772	0.000111345	0.000028038	0.000015414	0.000022389	-0.000003263	0.000001362	-0.000000123	-0.000003824
0.109911464	0.000453024	0.000234140	0.000121842	0.000067963	0.000099649	-0.000107926	0.000055724	0.000116720	0.000028894	0.000014651	0.000023740	-0.000003710	0.000001579	-0.000000090	-0.000004282
0.110725626	0.000441989	0.000250360	0.000122095	0.000061716	0.000110188	-0.000110233	0.000052911	0.000122853	0.000029809	0.000013883	0.000025224	-0.000004150	0.000001778	-0.000000059	-0.000004733
0.111539781	0.000419397	0.000271304	0.000120818	0.000050908	0.000124319	-0.000111630	0.000048114	0.000130027	0.000030534	0.000012477	0.000027021	-0.000004486	0.000001867	-0.000000035	-0.000005083
0.112353943	0.000394056	0.000293188	0.000119221	0.000039585	0.000138626	-0.000113079	0.000042828	0.000137950	0.000031335	0.000011290	0.000028814	-0.000004767	0.000001901	-0.000000012	-0.000005383
0.113168098	0.000367775	0.000315189	0.000117596	0.000028600	0.000152411	-0.000114796	0.000037390	0.000146540	0.000032268	0.000010507	0.000030526	-0.000004999	0.000001892	0.000000009	-0.000005628
0.113982260	0.000342504	0.000336431	0.000116275	0.000018885	0.000164935	-0.000117045	0.000032169	0.000155730	0.000033409	0.000010333	0.000032087	-0.000005193	0.000001863	0.000000028	-0.000005822
0.114796422	0.000320438	0.000355980	0.000115649	0.000011532	0.000175340	-0.000120175	0.000027595	0.000165521	0.000034865	0.000011028	0.000033424	-0.000005363	0.000001841	0.000000044	-0.000005972
0.115610577	0.000311741	0.000370429	0.000117682	0.000012716	0.000178216	-0.000127044	0.000025560	0.000178261	0.000037624	0.000014902	0.000034049	-0.000005576	0.000001953	0.000000043	-0.000006098
0.116424739	0.000311599	0.000381704	0.000121414	0.000019350	0.000176584	-0.000136039	0.000025273	0.000192194	0.000041042	0.000020458	0.000034224	-0.000005791	0.000002126	0.000000032	-0.000006201
0.117238894	0.000321412	0.000389455	0.000127048	0.000032194	0.000169975	-0.000147359	0.000027083	0.000207160	0.000045120	0.000027752	0.000033882	-0.000006004	0.000002358	0.000000009	-0.000006283
0.118053056	0.000342293	0.000393349	0.000134699	0.000051789	0.000158193	-0.000161050	0.000031309	0.000222769	0.000049793	0.000036708	0.000032973	-0.000006204	0.000002642	-0.000000024	-0.000006345
0.118867211	0.000374976	0.000393027	0.000144354	0.000078371	0.000141393	-0.000176943	0.000038219	0.000238332	0.000054916	0.000047081	0.000031472	-0.000006382	0.000002965	-0.000000067	-0.000006389
0.119681373	0.000425104	0.000382316	0.000155909	0.000113581	0.000118509	-0.000193724	0.000049856	0.000248821	0.000059713	0.000057768	0.000029217	-0.000006538	0.000003336	-0.000000111	-0.000006420
0.120495535	0.000486038	0.000367480	0.000168802	0.000154620	0.000092504	-0.000211632	0.000064130	0.000257499	0.000064496	0.000068881	0.000026501	-0.000006648	0.000003706	-0.000000160	-0.000006429
0.121309690	0.000555804	0.000349437	0.000182506	0.000200192	0.000064774	-0.000229979	0.000080506	0.000263976	0.000069073	0.000079926	0.000023456	-0.000006700	0.000004053	-0.000000212	-0.000006410
0.122123852	0.000631876	0.000329099	0.000196378	0.000248607	0.000036858	-0.000247876	0.000098291	0.000267783	0.000073217	0.000090343	0.000020247	-0.000006684	0.000004353	-0.000000266	-0.000006358
0.122938007	0.000711231	0.000307314	0.000209688	0.000297804	0.000010361	-0.000264261	0.000116659	0.000268399	0.000076683	0.000099524	0.000017067	-0.000006591	0.000004583	-0.000000317	-0.000006264
0.123752169	0.000785060	0.000284297	0.000220223	0.000340902	-0.000009973	-0.000274692	0.000133290	0.000261782	0.000078183	0.000104820	0.000014541	-0.000006355	0.000004643	-0.000000346	-0.000006080
0.124566324	0.000856360	0.000260924	0.000228951	0.000380696	-0.000026860	-0.000281891	0.000148973	0.000251657	0.000078752	0.000108126	0.000012414	-0.000006056	0.000004633	-0.000000366	-0.000005850
0.125380486	0.000923404	0.000237941	0.000235717	0.000416085	-0.000039993	-0.000285774	0.000163270	0.000238628	0.000078484	0.000109496	0.000010775	-0.000005708	0.000004566	-0.000000376	-0.000005583
0.126194641	0.000984588	0.000216205	0.000240504	0.000446078	-0.000049142	-0.000286414	0.000175786	0.000223432	0.000077496	0.000109041	0.000009696	-0.000005328	0.000004453	-0.000000376	-0.000005288
0.127008811	0.001038407	0.000196721	0.000243423	0.000469796	-0.000054100	-0.000284042	0.000186156	0.000206925	0.000075927	0.000106916	0.000009233	-0.000004928	0.000004306	-0.000000366	-0.000004979
0.127822965	0.001063053	0.000188347	0.000242216	0.000472732	-0.000046356	-0.000274807	0.000188236	0.000190367	0.000072975	0.000100671	0.000010316	-0.000004476	0.000004006	-0.000000335	-0.000004652
0.128637120	0.001083107	0.000182746	0.000240568	0.000471619	-0.000036327	-0.000264830	0.000189104	0.000174612	0.000070044	0.000093958	0.000011830	-0.000004052	0.000003723	-0.000000299	-0.000004344
0.129451275	0.001102173	0.000179729	0.000239291	0.000469305	-0.000025407	-0.000255563	0.000189775	0.000160587	0.000067491	0.000087572	0.000013584	-0.000003670	0.000003482	-0.000000260	-0.000004070
0.130265445	0.001123169	0.000179374	0.000239050	0.000468267	-0.000014560	-0.000248219	0.000191046	0.000149117	0.000065619	0.000082182	0.000015417	-0.000003338	0.000003302	-0.000000224	-0.000003840
0.131079599	0.001148324	0.000181971	0.000240383	0.000470573	-0.000004356	-0.000243783	0.000193519	0.000140931	0.000064679	0.000078330	0.000017205	-0.000003059	0.000003193	-0.000000192	-0.000003661
0.131893754	0.001193629	0.000193721	0.000247950	0.000488967	0.000003324	-0.000250366	0.000201129	0.000143429	0.000067030	0.000080066	0.000018630	-0.000002919	0.000003297	-0.000000182	-0.000003645
0.132707924	0.001242651	0.000208813	0.000257047	0.000511437	0.000011112	-0.000259692	0.000209972	0.000149002	0.000070239	0.000083280	0.000019981	-0.000002786	0.000003447	-0.000000177	-0.000003659
0.133522078	0.001294633	0.000226046	0.000267268	0.000537671	0.000018794	-0.000271034	0.000220019	0.000156736	0.000074065	0.000087683	0.000021203	-0.000002640	0.000003630	-0.000000174	-0.000003684
0.134336233	0.001348985	0.000243971	0.000278167	0.000567431	0.000025950	-0.000283637	0.000231302	0.000165634	0.000078254	0.000092997	0.000022225	-0.000002462	0.000003831	-0.000000174	-0.000003702
0.135150388	0.001405142	0.000260890	0.000289226	0.000600461	0.000031988	-0.000296680	0.000243881	0.000174584	0.000082523	0.000098931	0.000022952	-0.000002237	0.000004039	-0.000000176	-0.000003695
0.135964558	0.001469259	0.000267715	0.000299489	0.000641852	0.000031391	-0.000309149	0.000260554	0.000179580	0.000086415	0.000105730	0.000022729	-0.000001919	0.000004284	-0.000000189	-0.000003589
0.136778712	0.001532408	0.000271028	0.000308573	0.000684557	0.000029067	-0.000320120	0.000278025	0.000182611	0.000089751	0.000112377	0.000022091	-0.000001542	0.000004503	-0.000000201	-0.000003435
0.137592867	0.001591625	0.000270338	0.000315780	0.000726325	0.000025284	-0.000328474	0.000295388	0.000182983	0.000092206	0.000118344	0.000021064	-0.000001112	0.000004677	-0.000000210	-0.000003229
0.138407037	0.001643670	0.000265054	0.000320395	0.000764626	0.000020258	-0.000333047	0.000311586	0.000179999	0.000093465	0.000123083	0.000019681	-0.000000637	0.000004788	-0.000000213	-0.000002971
0.139221191	0.001685234	0.000254511	0.000321729	0.000796781	0.000014127	-0.000332717	0.000325476	0.000173004	0.000093246	0.000126057	0.000017985	-0.000000132	0.000004824	-0.000000206	-0.000002658
0.140035346	0.001700919	0.000230898	0.000315306	0.000809923	0.000006060	-0.000319824	0.000332187	0.000155248	0.000089409	0.000123817	0.000015858	0.000000389	0.000004678	-0.000000174	-0.000002217
0.140849501	0.001704745	0.000202276	0.000305677	0.000815126	-0.000003421	-0.000302461	0.000335680	0.000134332	0.000084389	0.000119912	0.000013537	0.000000893	0.000004480	-0.000000129	-0.000001756
0.141663671	0.001698005	0.000170260	0.000293534	0.000813301	-0.000013993	-0.000281926	0.000336214	0.000111627	0.000078602	0.000114814	0.000011118	0.000001366	0.000004247	-0.000000074	-0.000001299
0.142477825	0.001681911	0.000136674	0.000279591	0.000805403	-0.000025136	-0.000259514	0.000334057	0.000088498	0.000072440	0.000108970	0.000008702	0.000001797	0.000003992	-0.000000008	-0.000000869
0.143291980	0.001657420	0.000103485	0.000264543	0.000792306	-0.000036146	-0.000236433	0.000329436	0.000066253	0.000066250	0.000102774	0.000006395	0.000002179	0.000003728	0.000000066	-0.000000486
0.144106150	0.001617860	0.000081060	0.000249961	0.000769251	-0.000040617	-0.000215061	0.000319460	0.000050321	0.000060915	0.000096222	0.000005200	0.000002490	0.000003427	0.000000162	-0.000000265
0.144920304	0.001572422	0.000061017	0.000235334	0.000743581	-0.000044531	-0.000194699	0.000307986	0.000036479	0.000055886	0.000089945	0.000004103	0.000002751	0.000003137	0.000000261	-0.000000094
0.145734459	0.001522258	0.000043188	0.000220848	0.000716544	-0.000048209	-0.000175630	0.000295515	0.000024675	0.000051188	0.000084152	0.000003012	0.000002967	0.000002869	0.000000356	0.000000036
0.146548614	0.001467916	0.000027266	0.000206559	0.000688915	-0.000051926	-0.000157919	0.000282342	0.000014752	0.000046801	0.000078954	0.000001851	0.000003145	0.000002628	0.000000446	0.000000139
0.147362784	0.001409429	0.000012760	0.000192399	0.000661037	-0.000055958	-0.000141453	0.000268578	0.000006439	0.000042674	0.000074378	0.000000558	0.000003296	0.000002419	0.000000530	0.000000227
0.148176938	0.001348677	-0.000001148	0.000178478	0.000635995	-0.000061584	-0.000127009	0.000255321	0.000000051	0.000038850	0.000071227	-0.000001146	0.000003456	0.000002278	0.000000603	0.000000320
0.148991093	0.001281363	-0.000015392	0.000163954	0.000608990	-0.000067998	-0.000112656	0.000240737	-0.000005941	0.000035005	0.000068227	-0.000003031	0.000003615	0.000002157	0.000000670	0.000000433
0.149805263	0.001207207	-0.000030821	0.000148574	0.000579606	-0.000075551	-0.000098031	0.000224735	-0.000012130	0.000031075	0.000065209	-0.000005122	0.000003778	0.000002052	0.000000729	0.000000580
0.150619417	0.001126237	-0.000048238	0.000132110	0.000547618	-0.000084623	-0.000082864	0.000207335	-0.000019065	0.000027022	0.000062050	-0.000007450	0.000003948	0.000001962	0.000000779	0.000000772
0.151433572	0.001038719	-0.000068366	0.000114368	0.000512945	-0.000095589	-0.000066977	0.000188643	-0.000027247	0.000022838	0.000058663	-0.000010040	0.000004125	0.000001886	0.000000816	0.000001014
0.152247727	0.000946450	-0.000096807	0.000094195	0.000477351	-0.000112162	-0.000049030	0.000169555	-0.000039549	0.000018248	0.000055152	-0.000013455	0.000004316	0.000001851	0.000000837	0.000001349
0.153061897	0.000848067	-0.000127737	0.000072593	0.000438579	-0.000130439	-0.000030610	0.000149282	-0.000053250	0.000013643	0.000051279	-0.000017030	0.000004504	0.000001826	0.000000842	0.000001722
0.153876051	0.000743929	-0.000160355	0.000049760	0.000396402	-0.000149812	-0.000012040	0.000127872	-0.000068019	0.000009119	0.000046991	-0.000020635	0.000004681	0.000001813	0.000000831	0.000002115
0.154690206	0.000634582	-0.000193891	0.000025955	0.000350739	-0.000169670	0.000006363	0.000105415	-0.000083488	0.000004763	0.000042255	-0.000024144	0.000004836	0.000001814	0.000000803	0.000002509
0.155504376	0.000520753	-0.000227658	0.000001489	0.000301669	-0.000189430	0.000024303	0.000082034	-0.000099272	0.000000648	0.000037059	-0.000027439	0.000004959	0.000001832	0.000000760	0.000002882
0.156318530	0.000405796	-0.000262976	-0.000023043	0.000249267	-0.000208952	0.000041700	0.000058840	-0.000116276	-0.000003144	0.000031011	-0.000030364	0.000005030	0.000001868	0.000000691	0.000003224
0.157132685	0.000288171	-0.000296908	-0.000047469	0.000194635	-0.000227298	0.000058064	0.000034883	-0.000132365	-0.000006621	0.000024728	-0.000032896	0.000005057	0.000001925	0.000000615	0.000003499
0.157946840	0.000168211	-0.000328660	-0.000071499	0.000138278	-0.000244035	0.000073255	0.000010144	-0.000147005	-0.000009791	0.000018326	-0.000035004	0.000005041	0.000002000	0.000000537	0.000003698
0.158761010	0.000046201	-0.000357582	-0.000094866	0.000080671	-0.000258808	0.000087212	-0.000015344	-0.000159790	-0.000012674	0.000011899	-0.000036677	0.000004986	0.000002089	0.000000462	0.000003821
0.159575164	-0.000077606	-0.000383146	-0.000117315	0.000022244	-0.000271325	0.000099928	-0.000041496	-0.000170421	-0.000015289	0.000005531	-0.000037921	0.000004897	0.000002185	0.000000393	0.000003873
0.160389319	-0.000202015	-0.000400782	-0.000137106	-0.000035851	-0.000278519	0.000110732	-0.000068119	-0.000176554	-0.000017431	-0.000000619	-0.000038349	0.000004764	0.000002273	0.000000341	0.000003815
0.161203489	-0.000327735	-0.000415254	-0.000155699	-0.000094000	-0.000283679	0.000120538	-0.000094943	-0.000180782	-0.000019386	-0.000006585	-0.000038504	0.000004606	0.000002363	0.000000296	0.000003712
0.162017643	-0.000455104	-0.000426820	-0.000173167	-0.000152349	-0.000286985	0.000129495	-0.000121978	-0.000183313	-0.000021196	-0.000012371	-0.000038449	0.000004428	0.000002455	0.000000258	0.000003576
0.162831798	-0.000584605	-0.000435702	-0.000189608	-0.000211226	-0.000288560	0.000137746	-0.000149318	-0.000184326	-0.000022889	-0.000018003	-0.000038222	0.000004235	0.000002548	0.000000227	0.000003417
0.163645953	-0.000716829	-0.000442128	-0.000205156	-0.000271110	-0.000288500	0.000145430	-0.000177133	-0.000183984	-0.000024488	-0.000023531	-0.000037846	0.000004032	0.000002645	0.000000201	0.000003242
0.164460123	-0.000856922	-0.000444850	-0.000220337	-0.000335013	-0.000285957	0.000152694	-0.000206828	-0.000181652	-0.000025952	-0.000029093	-0.000037251	0.000003840	0.000002749	0.000000183	0.000003072
0.165274277	-0.001000145	-0.000446021	-0.000234855	-0.000400819	-0.000282145	0.000159656	-0.000237276	-0.000178469	-0.000027342	-0.000034710	-0.000036519	0.000003649	0.000002857	0.000000171	0.000002899
0.166088432	-0.001145945	-0.000446380	-0.000248879	-0.000468485	-0.000277498	0.000166449	-0.000268420	-0.000174795	-0.000028686	-0.000040413	-0.000035691	0.000003460	0.000002973	0.000000161	0.000002727
0.166902602	-0.001293714	-0.000446708	-0.000262642	-0.000537909	-0.000272501	0.000173216	-0.000300186	-0.000170996	-0.000030014	-0.000046224	-0.000034818	0.000003277	0.000003095	0.000000156	0.000002560
0.167716756	-0.001442819	-0.000447811	-0.000276441	-0.000608940	-0.000267683	0.000180111	-0.000332486	-0.000167443	-0.000031362	-0.000052153	-0.000033955	0.000003100	0.000003226	0.000000153	0.000002398
0.168530911	-0.001598511	-0.000454682	-0.000293162	-0.000684872	-0.000266108	0.000188394	-0.000366746	-0.000166056	-0.000033056	-0.000058503	-0.000033441	0.000002920	0.000003379	0.000000153	0.000002241
0.169345066	-0.001752983	-0.000462783	-0.000310136	-0.000761131	-0.000265199	0.000196877	-0.000401026	-0.000165196	-0.000034787	-0.000064886	-0.000032997	0.000002742	0.000003541	0.000000156	0.000002090
0.170159236	-0.001904274	-0.000471793	-0.000327123	-0.000836547	-0.000264893	0.000205446	-0.000434855	-0.000164799	-0.000036536	-0.000071212	-0.000032626	0.000002566	0.000003711	0.000000160	0.000001942
0.170973390	-0.002050484	-0.000481402	-0.000343890	-0.000909921	-0.000265149	0.000213992	-0.000467767	-0.000164799	-0.000038286	-0.000077383	-0.000032332	0.000002392	0.000003886	0.000000165	0.000001798
0.171787545	-0.002189785	-0.000491311	-0.000360206	-0.000980033	-0.000265945	0.000222404	-0.000499307	-0.000165125	-0.000040025	-0.000083297	-0.000032125	0.000002222	0.000004063	0.000000171	0.000001659
0.172601715	-0.002320430	-0.000501236	-0.000375845	-0.001045652	-0.000267288	0.000230574	-0.000529040	-0.000165706	-0.000041745	-0.000088850	-0.000032016	0.000002059	0.000004237	0.000000178	0.000001526
0.173415869	-0.002440757	-0.000510908	-0.000390584	-0.001105543	-0.000269208	0.000238395	-0.000556560	-0.000166461	-0.000043434	-0.000093933	-0.000032025	0.000001907	0.000004406	0.000000185	0.000001401
0.174230024	-0.002549192	-0.000520067	-0.000404202	-0.001158477	-0.000271760	0.000245757	-0.000581494	-0.000167299	-0.000045082	-0.000098435	-0.000032175	0.000001775	0.000004565	0.000000191	0.000001290
0.175044179	-0.002644252	-0.000528453	-0.000416475	-0.001203237	-0.000275019	0.000252549	-0.000603518	-0.000168109	-0.000046677	-0.000102241	-0.000032499	0.000001671	0.000004711	0.000000196	0.000001202
