0.000000000	-0.002013750	-0.000131849	-0.000155816	-0.000771029	-0.000034110	0.000115772	-0.000363404	-0.000030077	-0.000020960	-0.000058277	-0.000008975	0.000002825	0.000001000	0.000000131	0.000002432
0.000814159	0.000242196	0.000057997	0.000069082	0.000042704	0.000071820	-0.000032611	0.000049951	0.000016633	0.000007152	-0.000002305	0.000012170	-0.000000513	0.000000418	-0.000000068	-0.000000171
0.001628318	0.000242511	0.000057813	0.000069223	0.000042856	0.000071650	-0.000032643	0.000050010	0.000016647	0.000007160	-0.000002319	0.000012193	-0.000000505	0.000000416	-0.000000067	-0.000000178
0.002442477	0.000242924	0.000057429	0.000069406	0.000043116	0.000071284	-0.000032673	0.000050104	0.000016594	0.000007163	-0.000002331	0.000012211	-0.000000493	0.000000411	-0.000000065	-0.000000186
0.003256636	0.000243442	0.000056846	0.000069629	0.000043484	0.000070724	-0.000032702	0.000050234	0.000016471	0.000007159	-0.000002340	0.000012222	-0.000000477	0.000000405	-0.000000062	-0.000000194
0.004070795	0.000244073	0.000056062	0.000069890	0.000043959	0.000069974	-0.000032728	0.000050402	0.000016275	0.000007150	-0.000002346	0.000012225	-0.000000457	0.000000395	-0.000000060	-0.000000201
0.004884954	0.000244824	0.000055074	0.000070186	0.000044538	0.000069039	-0.000032751	0.000050608	0.000016002	0.000007133	-0.000002346	0.000012219	-0.000000434	0.000000383	-0.000000056	-0.000000209
0.005699113	0.000245702	0.000053882	0.000070517	0.000045219	0.000067921	-0.000032773	0.000050854	0.000015649	0.000007110	-0.000002341	0.000012203	-0.000000408	0.000000368	-0.000000053	-0.000000215
0.006513272	0.000246715	0.000052482	0.000070879	0.000046001	0.000066627	-0.000032792	0.000051141	0.000015210	0.000007080	-0.000002329	0.000012176	-0.000000379	0.000000350	-0.000000049	-0.000000219
0.007327431	0.000247869	0.000050873	0.000071272	0.000046880	0.000065159	-0.000032807	0.000051470	0.000014682	0.000007042	-0.000002310	0.000012137	-0.000000346	0.000000330	-0.000000045	-0.000000221
0.008141590	0.000249172	0.000049052	0.000071693	0.000047855	0.000063525	-0.000032820	0.000051841	0.000014060	0.000006996	-0.000002284	0.000012084	-0.000000312	0.000000307	-0.000000040	-0.000000221
0.008955749	0.000250628	0.000047016	0.000072140	0.000048921	0.000061728	-0.000032830	0.000052256	0.000013338	0.000006942	-0.000002251	0.000012017	-0.000000274	0.000000281	-0.000000036	-0.000000218
0.009769908	0.000252303	0.000044629	0.000072625	0.000050141	0.000059657	-0.000032828	0.000052738	0.000012436	0.000006870	-0.000002206	0.000011924	-0.000000233	0.000000249	-0.000000031	-0.000000210
0.010584067	0.000254131	0.000042054	0.000073132	0.000051430	0.000057465	-0.000032825	0.000053259	0.000011445	0.000006790	-0.000002155	0.000011818	-0.000000190	0.000000216	-0.000000026	-0.000000199
0.011398226	0.000256101	0.000039326	0.000073657	0.000052765	0.000055187	-0.000032822	0.000053814	0.000010376	0.000006704	-0.000002100	0.000011701	-0.000000146	0.000000179	-0.000000021	-0.000000185
0.012212385	0.000258204	0.000036475	0.000074195	0.000054127	0.000052860	-0.000032820	0.000054397	0.000009242	0.000006613	-0.000002041	0.000011575	-0.000000100	0.000000141	-0.000000016	-0.000000167
0.013026544	0.000260428	0.000033537	0.000074740	0.000055496	0.000050521	-0.000032819	0.000055004	0.000008058	0.000006516	-0.000001982	0.000011441	-0.000000055	0.000000102	-0.000000011	-0.000000147
0.013840703	0.000262903	0.000030521	0.000075284	0.000056825	0.000048262	-0.000032824	0.000055651	0.000006804	0.000006411	-0.000001929	0.000011297	-0.000000010	0.000000060	-0.000000006	-0.000000122
0.014654862	0.000265441	0.000027492	0.000075822	0.000058129	0.000046047	-0.000032829	0.000056305	0.000005533	0.000006304	-0.000001876	0.000011149	0.000000034	0.000000018	-0.000000001	-0.000000094
0.015469021	0.000267995	0.000024488	0.000076346	0.000059393	0.000043898	-0.000032834	0.000056957	0.000004263	0.000006196	-0.000001822	0.000010997	0.000000077	-0.000000024	0.000000003	-0.000000064
0.016283181	0.000270521	0.000021546	0.000076852	0.000060605	0.000041836	-0.000032839	0.000057595	0.000003018	0.000006088	-0.000001767	0.000010842	0.000000118	-0.000000066	0.000000008	-0.000000032
0.017097339	0.000272972	0.000018704	0.000077333	0.000061753	0.000039880	-0.000032843	0.000058209	0.000001817	0.000005984	-0.000001710	0.000010687	0.000000156	-0.000000106	0.000000012	0.000000001
0.017911498	0.000275441	0.000016057	0.000077781	0.000062799	0.000038096	-0.000032862	0.000058797	0.000000716	0.000005892	-0.000001638	0.000010536	0.000000189	-0.000000144	0.000000015	0.000000037
0.018725658	0.000277711	0.000013567	0.000078190	0.000063758	0.000036448	-0.000032876	0.000059340	-0.000000308	0.000005806	-0.000001565	0.000010387	0.000000218	-0.000000180	0.000000019	0.000000074
0.019539816	0.000279702	0.000011258	0.000078553	0.000064623	0.000034946	-0.000032882	0.000059823	-0.000001240	0.000005726	-0.000001492	0.000010242	0.000000245	-0.000000213	0.000000022	0.000000110
0.020353975	0.000281335	0.000009155	0.000078864	0.000065386	0.000033599	-0.000032875	0.000060236	-0.000002070	0.000005651	-0.000001421	0.000010103	0.000000267	-0.000000243	0.000000024	0.000000144
0.021168133	0.000282530	0.000007283	0.000079115	0.000066039	0.000032418	-0.000032850	0.000060564	-0.000002782	0.000005583	-0.000001353	0.000009971	0.000000286	-0.000000270	0.000000026	0.000000176
0.021982294	0.000283047	0.000005485	0.000079328	0.000066666	0.000031247	-0.000032790	0.000060791	-0.000003401	0.000005518	-0.000001281	0.000009838	0.000000304	-0.000000294	0.000000028	0.000000205
0.022796452	0.000283005	0.000004017	0.000079461	0.000067142	0.000030304	-0.000032708	0.000060909	-0.000003867	0.000005460	-0.000001218	0.000009718	0.000000317	-0.000000314	0.000000030	0.000000230
0.023610611	0.000282367	0.000002949	0.000079498	0.000067437	0.000029639	-0.000032605	0.000060906	-0.000004156	0.000005412	-0.000001170	0.000009616	0.000000325	-0.000000327	0.000000030	0.000000248
0.024424771	0.000281095	0.000002351	0.000079423	0.000067521	0.000029303	-0.000032481	0.000060770	-0.000004245	0.000005375	-0.000001140	0.000009534	0.000000328	-0.000000334	0.000000030	0.000000260
0.025238929	0.000279154	0.000002293	0.000079222	0.000067364	0.000029340	-0.000032337	0.000060490	-0.000004110	0.000005351	-0.000001131	0.000009477	0.000000324	-0.000000333	0.000000028	0.000000263
0.026053088	0.000275918	0.000002877	0.000078829	0.000066903	0.000029787	-0.000032139	0.000059984	-0.000003696	0.000005328	-0.000001166	0.000009439	0.000000314	-0.000000323	0.000000025	0.000000253
0.026867246	0.000272098	0.000004144	0.000078297	0.000066156	0.000030696	-0.000031935	0.000059329	-0.000003005	0.000005329	-0.000001216	0.000009435	0.000000295	-0.000000303	0.000000020	0.000000233
0.027681407	0.000267809	0.000006160	0.000077628	0.000065109	0.000032113	-0.000031737	0.000058533	-0.000002018	0.000005358	-0.000001279	0.000009473	0.000000265	-0.000000272	0.000000014	0.000000204
0.028495565	0.000263168	0.000008981	0.000076829	0.000063745	0.000034086	-0.000031558	0.000057602	-0.000000715	0.000005424	-0.000001348	0.000009557	0.000000223	-0.000000229	0.000000005	0.000000164
0.029309724	0.000258292	0.000012660	0.000075908	0.000062049	0.000036659	-0.000031411	0.000056545	0.000000924	0.000005530	-0.000001422	0.000009694	0.000000169	-0.000000172	-0.000000005	0.000000113
0.030123884	0.000252979	0.000017949	0.000074696	0.000059637	0.000040405	-0.000031314	0.000055228	0.000003223	0.000005715	-0.000001495	0.000009925	0.000000088	-0.000000087	-0.000000018	0.000000041
0.030938042	0.000247743	0.000023953	0.000073452	0.000056972	0.000044670	-0.000031275	0.000053837	0.000005823	0.000005946	-0.000001550	0.000010205	-0.000000006	0.000000010	-0.000000034	-0.000000041
0.031752203	0.000242740	0.000030549	0.000072226	0.000054114	0.000049398	-0.000031296	0.000052413	0.000008647	0.000006214	-0.000001599	0.000010532	-0.000000108	0.000000116	-0.000000050	-0.000000129
0.032566361	0.000238107	0.000037631	0.000071064	0.000051111	0.000054550	-0.000031370	0.000050998	0.000011613	0.000006505	-0.000001657	0.000010903	-0.000000216	0.000000229	-0.000000068	-0.000000224
0.033380520	0.000233975	0.000045106	0.000070002	0.000048004	0.000060098	-0.000031492	0.000049633	0.000014635	0.000006806	-0.000001747	0.000011321	-0.000000326	0.000000344	-0.000000086	-0.000000323
0.034194678	0.000230968	0.000053604	0.000069165	0.000044651	0.000066751	-0.000031683	0.000048419	0.000017649	0.000007101	-0.000001979	0.000011867	-0.000000435	0.000000459	-0.000000108	-0.000000431
0.035008837	0.000228623	0.000062095	0.000068498	0.000041331	0.000073453	-0.000031922	0.000047326	0.000020595	0.000007394	-0.000002217	0.000012439	-0.000000540	0.000000571	-0.000000129	-0.000000538
0.035822995	0.000227002	0.000070284	0.000068018	0.000038164	0.000079912	-0.000032212	0.000046377	0.000023422	0.000007684	-0.000002422	0.000013010	-0.000000640	0.000000677	-0.000000148	-0.000000640
0.036637153	0.000226177	0.000077891	0.000067734	0.000035271	0.000085842	-0.000032555	0.000045597	0.000026078	0.000007974	-0.000002559	0.000013552	-0.000000731	0.000000775	-0.000000166	-0.000000731
0.037451316	0.000226226	0.000084657	0.000067647	0.000032777	0.000090983	-0.000032949	0.000045006	0.000028502	0.000008263	-0.000002603	0.000014039	-0.000000814	0.000000861	-0.000000180	-0.000000808
0.038265474	0.000227979	0.000089393	0.000067811	0.000031222	0.000094341	-0.000033397	0.000044806	0.000030213	0.000008516	-0.000002512	0.000014368	-0.000000877	0.000000920	-0.000000189	-0.000000848
0.039079633	0.000230575	0.000093095	0.000068137	0.000030204	0.000096682	-0.000033878	0.000044790	0.000031632	0.000008765	-0.000002323	0.000014614	-0.000000931	0.000000967	-0.000000194	-0.000000871
0.039893791	0.000233896	0.000095768	0.000068608	0.000029724	0.000098001	-0.000034382	0.000044940	0.000032764	0.000009006	-0.000002046	0.000014776	-0.000000975	0.000001002	-0.000000195	-0.000000879
0.040707950	0.000237815	0.000097414	0.000069202	0.000029779	0.000098304	-0.000034894	0.000045238	0.000033608	0.000009236	-0.000001698	0.000014857	-0.000001009	0.000001026	-0.000000192	-0.000000873
0.041522108	0.000242197	0.000098029	0.000069899	0.000030353	0.000097612	-0.000035397	0.000045666	0.000034150	0.000009447	-0.000001302	0.000014861	-0.000001032	0.000001039	-0.000000185	-0.000000855
0.042336266	0.000246726	0.000097092	0.000070613	0.000031632	0.000095473	-0.000035803	0.000046204	0.000034188	0.000009593	-0.000000926	0.000014768	-0.000001042	0.000001034	-0.000000171	-0.000000813
0.043150429	0.000251456	0.000095258	0.000071403	0.000033320	0.000092564	-0.000036172	0.000046839	0.000033924	0.000009704	-0.000000560	0.000014630	-0.000001039	0.000001019	-0.000000154	-0.000000764
0.043964587	0.000256281	0.000092623	0.000072266	0.000035345	0.000089021	-0.000036499	0.000047550	0.000033393	0.000009779	-0.000000215	0.000014462	-0.000001023	0.000000992	-0.000000135	-0.000000710
0.044778746	0.000261097	0.000089269	0.000073191	0.000037636	0.000084974	-0.000036781	0.000048319	0.000032630	0.000009818	0.000000103	0.000014274	-0.000000993	0.000000955	-0.000000114	-0.000000655
0.045592904	0.000265802	0.000085274	0.000074168	0.000040125	0.000080542	-0.000037014	0.000049129	0.000031670	0.000009821	0.000000388	0.000014075	-0.000000947	0.000000908	-0.000000091	-0.000000602
0.046407063	0.000269690	0.000081119	0.000075170	0.000042498	0.000076303	-0.000037152	0.000049866	0.000030740	0.000009784	0.000000565	0.000013941	-0.000000880	0.000000851	-0.000000069	-0.000000575
0.047221221	0.000273421	0.000076395	0.000076173	0.000044995	0.000071794	-0.000037244	0.000050639	0.000029648	0.000009718	0.000000723	0.000013797	-0.000000799	0.000000785	-0.000000046	-0.000000550
0.048035379	0.000277059	0.000071084	0.000077161	0.000047617	0.000067010	-0.000037301	0.000051462	0.000028382	0.000009625	0.000000878	0.000013633	-0.000000707	0.000000711	-0.000000025	-0.000000527
0.048849542	0.000280667	0.000065159	0.000078124	0.000050370	0.000061939	-0.000037329	0.000052351	0.000026931	0.000009509	0.000001046	0.000013438	-0.000000605	0.000000629	-0.000000005	-0.000000504
0.049663700	0.000284311	0.000058574	0.000079051	0.000053265	0.000056562	-0.000037334	0.000053317	0.000025277	0.000009371	0.000001244	0.000013202	-0.000000495	0.000000542	0.000000011	-0.000000480
0.050477859	0.000288428	0.000050619	0.000079980	0.000056549	0.000050195	-0.000037419	0.000054423	0.000023503	0.000009262	0.000001696	0.000012819	-0.000000378	0.000000452	0.000000022	-0.000000462
0.051292017	0.000292725	0.000041813	0.000080871	0.000060053	0.000043447	-0.000037474	0.000055556	0.000021541	0.000009147	0.000002241	0.000012367	-0.000000256	0.000000359	0.000000028	-0.000000439
0.052106176	0.000297165	0.000032288	0.000081728	0.000063740	0.000036455	-0.000037485	0.000056692	0.000019379	0.000009025	0.000002858	0.000011862	-0.000000130	0.000000261	0.000000032	-0.000000410
0.052920334	0.000301671	0.000022262	0.000082556	0.000067537	0.000029414	-0.000037435	0.000057817	0.000016986	0.000008886	0.000003501	0.000011325	-0.000000000	0.000000158	0.000000032	-0.000000373
0.053734493	0.000306127	0.000012026	0.000083360	0.000071333	0.000022575	-0.000037312	0.000058939	0.000014310	0.000008717	0.000004104	0.000010787	0.000000132	0.000000049	0.000000028	-0.000000327
0.054548655	0.000310410	0.000002013	0.000084218	0.000074902	0.000016694	-0.000037008	0.000060260	0.000010625	0.000008408	0.000004313	0.000010339	0.000000272	-0.000000082	0.000000018	-0.000000245
0.055362813	0.000314277	-0.000007507	0.000085033	0.000078164	0.000011479	-0.000036623	0.000061597	0.000006653	0.000008045	0.000004365	0.000009926	0.000000411	-0.000000217	0.000000005	-0.000000155
0.056176972	0.000317599	-0.000016289	0.000085774	0.000081017	0.000007026	-0.000036163	0.000062913	0.000002491	0.000007634	0.000004262	0.000009547	0.000000546	-0.000000353	-0.000000011	-0.000000060
0.056991130	0.000320275	-0.000024112	0.000086406	0.000083372	0.000003417	-0.000035640	0.000064163	-0.000001757	0.000007181	0.000004016	0.000009194	0.000000674	-0.000000486	-0.000000029	0.000000035
0.057805289	0.000322228	-0.000030772	0.000086890	0.000085152	0.000000720	-0.000035067	0.000065302	-0.000005981	0.000006694	0.000003643	0.000008861	0.000000791	-0.000000610	-0.000000048	0.000000127
0.058619447	0.000323311	-0.000034792	0.000087065	0.000085740	-0.000000048	-0.000034487	0.000066239	-0.000009904	0.000006178	0.000003036	0.000008611	0.000000877	-0.000000707	-0.000000068	0.000000204
0.059433606	0.000323696	-0.000037665	0.000087060	0.000085821	-0.000000097	-0.000033900	0.000066981	-0.000013581	0.000005659	0.000002408	0.000008349	0.000000949	-0.000000790	-0.000000088	0.000000274
0.060247768	0.000323402	-0.000039555	0.000086872	0.000085474	0.000000401	-0.000033330	0.000067513	-0.000016931	0.000005158	0.000001816	0.000008071	0.000001006	-0.000000859	-0.000000107	0.000000337
0.061061926	0.000322422	-0.000040589	0.000086494	0.000084751	0.000001324	-0.000032797	0.000067829	-0.000019883	0.000004695	0.000001299	0.000007781	0.000001045	-0.000000912	-0.000000123	0.000000395
0.061876085	0.000320708	-0.000040849	0.000085916	0.000083678	0.000002599	-0.000032317	0.000067929	-0.000022374	0.000004287	0.000000881	0.000007491	0.000001064	-0.000000947	-0.000000138	0.000000446
0.062690243	0.000317888	-0.000039729	0.000084965	0.000081966	0.000004496	-0.000031999	0.000067660	-0.000023837	0.000004039	0.000000684	0.000007261	0.000001040	-0.000000943	-0.000000145	0.000000482
0.063504405	0.000314126	-0.000037917	0.000083842	0.000079956	0.000006739	-0.000031707	0.000067188	-0.000024877	0.000003847	0.000000542	0.000007067	0.000000998	-0.000000923	-0.000000149	0.000000511
0.064318560	0.000309367	-0.000035570	0.000082591	0.000077743	0.000009226	-0.000031412	0.000066531	-0.000025563	0.000003696	0.000000440	0.000006905	0.000000945	-0.000000890	-0.000000150	0.000000535
0.065132722	0.000303561	-0.000032861	0.000081259	0.000075428	0.000011837	-0.000031085	0.000065701	-0.000025965	0.000003575	0.000000364	0.000006771	0.000000885	-0.000000850	-0.000000148	0.000000553
0.065946877	0.000296665	-0.000029976	0.000079887	0.000073110	0.000014437	-0.000030699	0.000064715	-0.000026156	0.000003470	0.000000303	0.000006653	0.000000825	-0.000000807	-0.000000144	0.000000565
0.066761039	0.000287828	-0.000028132	0.000078595	0.000071304	0.000016137	-0.000030097	0.000063560	-0.000026479	0.000003338	0.000000277	0.000006489	0.000000790	-0.000000780	-0.000000136	0.000000580
0.067575194	0.000278054	-0.000026311	0.000077308	0.000069584	0.000017697	-0.000029419	0.000062294	-0.000026684	0.000003206	0.000000244	0.000006334	0.000000761	-0.000000754	-0.000000126	0.000000589
0.068389356	0.000267519	-0.000024504	0.000076027	0.000067935	0.000019144	-0.000028671	0.000060943	-0.000026789	0.000003068	0.000000189	0.000006192	0.000000738	-0.000000731	-0.000000115	0.000000592
0.069203518	0.000256398	-0.000022706	0.000074746	0.000066336	0.000020507	-0.000027862	0.000059532	-0.000026816	0.000002920	0.000000097	0.000006069	0.000000723	-0.000000711	-0.000000105	0.000000587
0.070017673	0.000244865	-0.000020916	0.000073459	0.000064762	0.000021818	-0.000026999	0.000058084	-0.000026790	0.000002757	-0.000000049	0.000005973	0.000000714	-0.000000694	-0.000000094	0.000000575
0.070831835	0.000233128	-0.000020007	0.000072148	0.000063385	0.000022650	-0.000025986	0.000056735	-0.000027226	0.000002500	-0.000000360	0.000005885	0.000000730	-0.000000692	-0.000000085	0.000000555
0.071645990	0.000221403	-0.000018932	0.000070854	0.000061988	0.000023568	-0.000024980	0.000055376	-0.000027515	0.000002252	-0.000000710	0.000005844	0.000000746	-0.000000689	-0.000000078	0.000000526
0.072460152	0.000209905	-0.000017480	0.000069603	0.000060535	0.000024699	-0.000024029	0.000054012	-0.000027541	0.000002037	-0.000001077	0.000005859	0.000000760	-0.000000682	-0.000000070	0.000000487
0.073274307	0.000198847	-0.000015439	0.000068419	0.000058988	0.000026168	-0.000023180	0.000052647	-0.000027191	0.000001874	-0.000001444	0.000005942	0.000000765	-0.000000667	-0.000000063	0.000000438
0.074088469	0.000188431	-0.000012592	0.000067320	0.000057296	0.000028107	-0.000022477	0.000051285	-0.000026357	0.000001783	-0.000001794	0.000006102	0.000000758	-0.000000640	-0.000000056	0.000000375
0.074902631	0.000179659	-0.000008094	0.000066300	0.000055167	0.000031111	-0.000022077	0.000049955	-0.000024695	0.000001824	-0.000002114	0.000006404	0.000000723	-0.000000591	-0.000000050	0.000000295
0.075716786	0.000171689	-0.000002508	0.000065376	0.000052806	0.000034752	-0.000021876	0.000048622	-0.000022412	0.000001953	-0.000002404	0.000006794	0.000000672	-0.000000528	-0.000000044	0.000000200
0.076530948	0.000164490	0.000004232	0.000064553	0.000050191	0.000039065	-0.000021885	0.000047276	-0.000019473	0.000002171	-0.000002661	0.000007271	0.000000602	-0.000000450	-0.000000039	0.000000089
0.077345103	0.000158025	0.000012201	0.000063834	0.000047289	0.000044090	-0.000022113	0.000045907	-0.000015849	0.000002479	-0.000002888	0.000007835	0.000000515	-0.000000358	-0.000000035	-0.000000039
0.078159265	0.000152248	0.000021475	0.000063221	0.000044062	0.000049876	-0.000022567	0.000044500	-0.000011514	0.000002875	-0.000003092	0.000008490	0.000000409	-0.000000250	-0.000000032	-0.000000184
0.078973420	0.000147186	0.000033022	0.000062714	0.000040161	0.000057067	-0.000023350	0.000042984	-0.000006041	0.000003408	-0.000003277	0.000009297	0.000000269	-0.000000116	-0.000000030	-0.000000357
0.079787582	0.000142690	0.000045817	0.000062327	0.000035901	0.000064974	-0.000024361	0.000041413	0.000000089	0.000004014	-0.000003458	0.000010191	0.000000114	0.000000030	-0.000000029	-0.000000548
0.080601744	0.000138686	0.000059752	0.000062063	0.000031307	0.000073517	-0.000025587	0.000039788	0.000006800	0.000004681	-0.000003648	0.000011166	-0.000000054	0.000000185	-0.000000031	-0.000000755
0.081415899	0.000135100	0.000074732	0.000061923	0.000026405	0.000082619	-0.000027013	0.000038112	0.000014024	0.000005396	-0.000003860	0.000012216	-0.000000232	0.000000347	-0.000000035	-0.000000977
0.082230061	0.000131859	0.000090672	0.000061904	0.000021228	0.000092207	-0.000028626	0.000036387	0.000021692	0.000006151	-0.000004102	0.000013338	-0.000000418	0.000000515	-0.000000041	-0.000001212
0.083044216	0.000128621	0.000107965	0.000062036	0.000015801	0.000102415	-0.000030432	0.000034590	0.000029907	0.000006938	-0.000004409	0.000014555	-0.000000610	0.000000685	-0.000000053	-0.000001459
0.083858378	0.000125668	0.000125951	0.000062260	0.000010202	0.000112883	-0.000032391	0.000032760	0.000038424	0.000007752	-0.000004747	0.000015824	-0.000000806	0.000000857	-0.000000068	-0.000001713
0.084672533	0.000123016	0.000144412	0.000062558	0.000004500	0.000123455	-0.000034481	0.000030904	0.000047156	0.000008586	-0.000005107	0.000017125	-0.000001003	0.000001028	-0.000000085	-0.000001970
0.085486695	0.000120688	0.000163117	0.000062910	-0.000001225	0.000133972	-0.000036678	0.000029025	0.000056019	0.000009435	-0.000005476	0.000018439	-0.000001199	0.000001197	-0.000000105	-0.000002227
0.086300857	0.000118710	0.000181829	0.000063295	-0.000006890	0.000144276	-0.000038955	0.000027124	0.000064927	0.000010293	-0.000005840	0.000019744	-0.000001392	0.000001362	-0.000000128	-0.000002481
0.087115012	0.000117278	0.000200102	0.000063619	-0.000012289	0.000154084	-0.000041234	0.000025141	0.000073799	0.000011137	-0.000006199	0.000020986	-0.000001578	0.000001520	-0.000000155	-0.000002719
0.087929174	0.000116230	0.000217925	0.000063932	-0.000017483	0.000163418	-0.000043540	0.000023155	0.000082523	0.000011980	-0.000006533	0.000022188	-0.000001755	0.000001671	-0.000000182	-0.000002949
0.088743329	0.000115538	0.000235094	0.000064239	-0.000022408	0.000172152	-0.000045854	0.000021181	0.000091017	0.000012819	-0.000006823	0.000023336	-0.000001922	0.000001810	-0.000000211	-0.000003173
0.089557491	0.000115167	0.000251399	0.000064548	-0.000026996	0.000180153	-0.000048160	0.000019231	0.000099203	0.000013651	-0.000007042	0.000024412	-0.000002074	0.000001936	-0.000000240	-0.000003390
0.090371646	0.000115082	0.000266622	0.000064880	-0.000031167	0.000187279	-0.000050442	0.000017319	0.000107013	0.000014475	-0.000007157	0.000025400	-0.000002209	0.000002044	-0.000000269	-0.000003604
0.091185808	0.000115328	0.000279913	0.000065349	-0.000034650	0.000192933	-0.000052638	0.000015497	0.000114158	0.000015273	-0.000007069	0.000026224	-0.000002310	0.000002122	-0.000000296	-0.000003817
0.091999970	0.000115817	0.000291748	0.000065899	-0.000037516	0.000197413	-0.000054806	0.000013698	0.000120913	0.000016075	-0.000006772	0.000026918	-0.000002389	0.000002177	-0.000000320	-0.000004030
0.092814125	0.000116503	0.000302042	0.000066534	-0.000039710	0.000200673	-0.000056940	0.000011924	0.000127267	0.000016881	-0.000006240	0.000027474	-0.000002447	0.000002211	-0.000000342	-0.000004244
0.093628287	0.000117329	0.000310725	0.000067252	-0.000041196	0.000202692	-0.000059037	0.000010190	0.000133195	0.000017690	-0.000005462	0.000027886	-0.000002485	0.000002224	-0.000000360	-0.000004456
0.094442442	0.000118224	0.000317743	0.000068041	-0.000041957	0.000203476	-0.000061085	0.000008527	0.000138651	0.000018493	-0.000004441	0.000028151	-0.000002508	0.000002219	-0.000000374	-0.000004668
0.095256604	0.000118585	0.000321755	0.000068927	-0.000041522	0.000202130	-0.000062990	0.000007201	0.000143027	0.000019239	-0.000003021	0.000028134	-0.000002504	0.000002189	-0.000000380	-0.000004870
0.096070759	0.000119048	0.000324256	0.000069837	-0.000040435	0.000199781	-0.000064849	0.000005999	0.000146955	0.000019966	-0.000001424	0.000027980	-0.000002500	0.000002153	-0.000000380	-0.000005066
0.096884921	0.000119569	0.000325633	0.000070699	-0.000038918	0.000196807	-0.000066653	0.000004934	0.000150450	0.000020660	0.000000235	0.000027735	-0.000002503	0.000002119	-0.000000377	-0.000005255
0.097699083	0.000120024	0.000326348	0.000071425	-0.000037264	0.000193659	-0.000068387	0.000004031	0.000153498	0.000021298	0.000001809	0.000027463	-0.000002520	0.000002090	-0.000000370	-0.000005435
0.098513238	0.000120218	0.000326944	0.000071913	-0.000035824	0.000190857	-0.000070028	0.000003315	0.000156063	0.000021856	0.000003135	0.000027239	-0.000002557	0.000002070	-0.000000362	-0.000005608
0.099327400	0.000117366	0.000329534	0.000071233	-0.000037084	0.000191852	-0.000071013	0.000003172	0.000156672	0.000021948	0.000002835	0.000027499	-0.000002637	0.000002058	-0.000000361	-0.000005765
0.100141555	0.000114241	0.000332977	0.000070304	-0.000038894	0.000193697	-0.000071961	0.000003151	0.000157064	0.000021984	0.000002216	0.000027897	-0.000002733	0.000002048	-0.000000358	-0.000005919
0.100955717	0.000111377	0.000337360	0.000069273	-0.000040979	0.000196072	-0.000073003	0.000003144	0.000157634	0.000022045	0.000001474	0.000028402	-0.000002844	0.000002041	-0.000000353	-0.000006074
0.101769872	0.000109338	0.000342729	0.000068283	-0.000043054	0.000198649	-0.000074273	0.000003045	0.000158768	0.000022207	0.000000802	0.000028981	-0.000002971	0.000002038	-0.000000344	-0.000006234
0.102584034	0.000108704	0.000349129	0.000067474	-0.000044839	0.000201100	-0.000075913	0.000002756	0.000160849	0.000022551	0.000000386	0.000029606	-0.000003114	0.000002041	-0.000000332	-0.000006399
0.103398196	0.000111254	0.000359264	0.000067303	-0.000045626	0.000202503	-0.000078714	0.000001042	0.000167047	0.000023593	0.000001267	0.000030224	-0.000003281	0.000002068	-0.000000307	-0.000006619
0.104212351	0.000116078	0.000370292	0.000067541	-0.000045566	0.000203118	-0.000082102	-0.000000977	0.000174630	0.000024937	0.000002700	0.000030849	-0.000003472	0.000002108	-0.000000277	-0.000006841
0.105026513	0.000123565	0.000381764	0.000068312	-0.000044362	0.000202662	-0.000086128	-0.000003188	0.000183487	0.000026598	0.000004749	0.000031463	-0.000003692	0.000002166	-0.000000243	-0.000007058
0.105840668	0.000134222	0.000393138	0.000069774	-0.000041668	0.000200832	-0.000090867	-0.000005430	0.000193493	0.000028594	0.000007481	0.000032047	-0.000003945	0.000002247	-0.000000203	-0.000007262
0.106654830	0.000148697	0.000403747	0.000072118	-0.000037073	0.000197310	-0.000096417	-0.000007482	0.000204492	0.000030943	0.000010965	0.000032576	-0.000004237	0.000002362	-0.000000160	-0.000007447
0.107468985	0.000171712	0.000410381	0.000076407	-0.000028389	0.000190022	-0.000103603	-0.000008173	0.000216215	0.000033840	0.000015743	0.000032908	-0.000004619	0.000002570	-0.000000110	-0.000007588
0.108283147	0.000199768	0.000414781	0.000081911	-0.000016993	0.000180646	-0.000111792	-0.000008134	0.000228499	0.000037100	0.000021334	0.000033113	-0.000005055	0.000002842	-0.000000060	-0.000007703
0.109097309	0.000232840	0.000416455	0.000088600	-0.000002827	0.000169288	-0.000120918	-0.000007168	0.000240986	0.000040665	0.000027634	0.000033168	-0.000005536	0.000003180	-0.000000012	-0.000007793
0.109911464	0.000270802	0.000414878	0.000096384	0.000014072	0.000156103	-0.000130868	-0.000005051	0.000253209	0.000044451	0.000034491	0.000033047	-0.000006048	0.000003577	0.000000030	-0.000007857
0.110725626	0.000313369	0.000409518	0.000105110	0.000033559	0.000141306	-0.000141471	-0.000001536	0.000264596	0.000048346	0.000041697	0.000032726	-0.000006570	0.000004019	0.000000063	-0.000007895
0.111539781	0.000359634	0.000396694	0.000114376	0.000055245	0.000125220	-0.000151776	0.000004729	0.000271957	0.000051832	0.000048303	0.000032167	-0.000007056	0.000004465	0.000000083	-0.000007866
0.112353943	0.000409184	0.000379818	0.000124049	0.000078684	0.000108155	-0.000162273	0.000012593	0.000277494	0.000055179	0.000054782	0.000031401	-0.000007492	0.000004908	0.000000093	-0.000007820
0.113168098	0.000461206	0.000359389	0.000133877	0.000103446	0.000090429	-0.000172798	0.000021881	0.000281146	0.000058318	0.000061010	0.000030434	-0.000007854	0.000005320	0.000000094	-0.000007760
0.113982260	0.000514745	0.000336019	0.000143601	0.000129052	0.000072385	-0.000183164	0.000032356	0.000282894	0.000061184	0.000066860	0.000029279	-0.000008120	0.000005675	0.000000089	-0.000007687
0.114796422	0.000568720	0.000310426	0.000152971	0.000154980	0.000054398	-0.000193168	0.000043730	0.000282762	0.000063713	0.000072207	0.000027958	-0.000008276	0.000005944	0.000000080	-0.000007595
0.115610577	0.000616887	0.000284397	0.000160731	0.000178427	0.000038351	-0.000201299	0.000055058	0.000279735	0.000065251	0.000076060	0.000026424	-0.000008184	0.000005926	0.000000069	-0.000007434
0.116424739	0.000663964	0.000257722	0.000167926	0.000201451	0.000022906	-0.000208868	0.000066622	0.000275293	0.000066477	0.000079365	0.000024830	-0.000008012	0.000005830	0.000000062	-0.000007247
0.117238894	0.000710135	0.000231048	0.000174655	0.000224126	0.000008125	-0.000216040	0.000078241	0.000269898	0.000067518	0.000082270	0.000023240	-0.000007791	0.000005689	0.000000060	-0.000007044
0.118053056	0.000755704	0.000205028	0.000181049	0.000246591	-0.000005930	-0.000223016	0.000089772	0.000264045	0.000068507	0.000084941	0.000021715	-0.000007550	0.000005537	0.000000062	-0.000006836
0.118867211	0.000801084	0.000180321	0.000187267	0.000269044	-0.000019184	-0.000230033	0.000101110	0.000258264	0.000069582	0.000087561	0.000020307	-0.000007309	0.000005401	0.000000070	-0.000006635
0.119681373	0.000849044	0.000160747	0.000194111	0.000292570	-0.000031090	-0.000238703	0.000111771	0.000255836	0.000071511	0.000091116	0.000019251	-0.000007166	0.000005388	0.000000081	-0.000006526
0.120495535	0.000897547	0.000143302	0.000201061	0.000316540	-0.000041970	-0.000247744	0.000122273	0.000254072	0.000073677	0.000094847	0.000018361	-0.000007024	0.000005400	0.000000095	-0.000006423
0.121309690	0.000946590	0.000127931	0.000208160	0.000341043	-0.000051811	-0.000257102	0.000132653	0.000252889	0.000076065	0.000098761	0.000017637	-0.000006873	0.000005435	0.000000112	-0.000006316
0.122123852	0.000996168	0.000114540	0.000215449	0.000366167	-0.000060625	-0.000266710	0.000142946	0.000252192	0.000078659	0.000102867	0.000017078	-0.000006705	0.000005493	0.000000133	-0.000006196
0.122938007	0.001046285	0.000102981	0.000222967	0.000392008	-0.000068456	-0.000276489	0.000153191	0.000251865	0.000081439	0.000107172	0.000016683	-0.000006510	0.000005575	0.000000158	-0.000006054
0.123752169	0.001099032	0.000092691	0.000231158	0.000419242	-0.000075619	-0.000286716	0.000163380	0.000252213	0.000084652	0.000112055	0.000016628	-0.000006302	0.000005743	0.000000197	-0.000005896
0.124566324	0.001151833	0.000083891	0.000239581	0.000447303	-0.000081934	-0.000296822	0.000173613	0.000252587	0.000087934	0.000117088	0.000016693	-0.000006039	0.000005924	0.000000242	-0.000005695
0.125380486	0.001204193	0.000076231	0.000248135	0.000476144	-0.000087545	-0.000306576	0.000183980	0.000252644	0.000091166	0.000122173	0.000016817	-0.000005710	0.000006110	0.000000290	-0.000005442
0.126194641	0.001255619	0.000069218	0.000256696	0.000505706	-0.000092673	-0.000315723	0.000194589	0.000251973	0.000094213	0.000127197	0.000016933	-0.000005313	0.000006296	0.000000339	-0.000005133
0.127008811	0.001305619	0.000062216	0.000265105	0.000535909	-0.000097616	-0.000323980	0.000205568	0.000250099	0.000096922	0.000132032	0.000016959	-0.000004850	0.000006477	0.000000389	-0.000004764
0.127822965	0.001356619	0.000050556	0.000273872	0.000569548	-0.000105343	-0.000331273	0.000218786	0.000244578	0.000098930	0.000136803	0.000016531	-0.000004370	0.000006713	0.000000448	-0.000004317
0.128637120	0.001404627	0.000038005	0.000281881	0.000603043	-0.000113238	-0.000336916	0.000232288	0.000237135	0.000100257	0.000141047	0.000015852	-0.000003834	0.000006931	0.000000499	-0.000003826
0.129451275	0.001448071	0.000024848	0.000288727	0.000635311	-0.000120947	-0.000340473	0.000245637	0.000227742	0.000100782	0.000144524	0.000014902	-0.000003251	0.000007122	0.000000534	-0.000003303
0.130265445	0.001485235	0.000011423	0.000294003	0.000665126	-0.000128066	-0.000341527	0.000258331	0.000216410	0.000100415	0.000146986	0.000013674	-0.000002632	0.000007273	0.000000549	-0.000002766
0.131079599	0.001514332	-0.000001912	0.000297310	0.000691163	-0.000134176	-0.000339706	0.000269817	0.000203197	0.000099096	0.000148191	0.000012181	-0.000001996	0.000007377	0.000000537	-0.000002231
0.131893754	0.001520492	-0.000013053	0.000295490	0.000704733	-0.000136146	-0.000331625	0.000277255	0.000186015	0.000095791	0.000145845	0.000010307	-0.000001395	0.000007367	0.000000447	-0.000001711
0.132707924	0.001518357	-0.000024211	0.000291750	0.000713508	-0.000137250	-0.000320972	0.000282759	0.000167848	0.000091851	0.000142371	0.000008303	-0.000000828	0.000007313	0.000000338	-0.000001241
0.133522078	0.001509948	-0.000035465	0.000286550	0.000718301	-0.000137851	-0.000308413	0.000286444	0.000149415	0.000087547	0.000138131	0.000006244	-0.000000292	0.000007213	0.000000219	-0.000000824
0.134336233	0.001497434	-0.000046760	0.000280377	0.000720056	-0.000138219	-0.000294654	0.000288512	0.000131405	0.000083137	0.000133476	0.000004202	0.000000222	0.000007064	0.000000100	-0.000000457
0.135150388	0.001483071	-0.000057871	0.000273730	0.000719805	-0.000138508	-0.000280423	0.000289241	0.000114477	0.000078856	0.000128734	0.000002245	0.000000730	0.000006859	-0.000000013	-0.000000129
0.135964558	0.001474504	-0.000062189	0.000268449	0.000719949	-0.000135675	-0.000269156	0.000288490	0.000104004	0.000076037	0.000125032	0.000001015	0.000001322	0.000006496	-0.000000111	0.000000136
0.136778712	0.001467285	-0.000066470	0.000263396	0.000719993	-0.000133100	-0.000258229	0.000287261	0.000094732	0.000073442	0.000121552	-0.000000152	0.000001925	0.000006087	-0.000000192	0.000000398
0.137592867	0.001462060	-0.000071524	0.000258672	0.000720552	-0.000131333	-0.000247620	0.000285941	0.000086161	0.000070989	0.000118343	-0.000001333	0.000002533	0.000005651	-0.000000250	0.000000666
0.138407037	0.001459312	-0.000078128	0.000254335	0.000722147	-0.000130904	-0.000237256	0.000284873	0.000077795	0.000068598	0.000115448	-0.000002600	0.000003139	0.000005205	-0.000000282	0.000000942
0.139221191	0.001459338	-0.000087047	0.000250390	0.000725198	-0.000132339	-0.000227012	0.000284336	0.000069139	0.000066190	0.000112899	-0.000004026	0.000003736	0.000004769	-0.000000283	0.000001223
0.140035346	0.001480903	-0.000101572	0.000249892	0.000741249	-0.000139534	-0.000220070	0.000289346	0.000060368	0.000064475	0.000112830	-0.000005914	0.000004356	0.000004460	-0.000000210	0.000001488
0.140849501	0.001499892	-0.000119167	0.000248659	0.000756204	-0.000148793	-0.000211720	0.000293760	0.000050196	0.000062260	0.000112544	-0.000008097	0.000004944	0.000004146	-0.000000108	0.000001734
0.141663671	0.001511640	-0.000140296	0.000245853	0.000767425	-0.000160118	-0.000200991	0.000296466	0.000037968	0.000059285	0.000111589	-0.000010614	0.000005484	0.000003817	0.000000018	0.000001963
0.142477825	0.001511750	-0.000165411	0.000240704	0.000772340	-0.000173536	-0.000187082	0.000296417	0.000023082	0.000055365	0.000109570	-0.000013482	0.000005958	0.000003466	0.000000157	0.000002186
0.143291980	0.001496260	-0.000194853	0.000232540	0.000768562	-0.000189035	-0.000169429	0.000292695	0.000005061	0.000050406	0.000106170	-0.000016700	0.000006351	0.000003094	0.000000301	0.000002415
0.144106150	0.001440588	-0.000238314	0.000216238	0.000741320	-0.000210022	-0.000141134	0.000280019	-0.000023472	0.000042645	0.000098697	-0.000020851	0.000006563	0.000002706	0.000000425	0.000002737
0.144920304	0.001370580	-0.000282969	0.000197454	0.000705861	-0.000231823	-0.000111416	0.000263906	-0.000052875	0.000034699	0.000090482	-0.000025067	0.000006693	0.000002338	0.000000530	0.000003068
0.145734459	0.001288901	-0.000326259	0.000176920	0.000663905	-0.000253218	-0.000081774	0.000244992	-0.000081485	0.000027001	0.000081963	-0.000029153	0.000006758	0.000002005	0.000000610	0.000003398
0.146548614	0.001197744	-0.000366002	0.000155280	0.000616957	-0.000273080	-0.000053376	0.000223848	-0.000107957	0.000019865	0.000073475	-0.000032936	0.000006773	0.000001721	0.000000662	0.000003717
0.147362784	0.001098730	-0.000400490	0.000133061	0.000566204	-0.000290433	-0.000027035	0.000200940	-0.000131303	0.000013484	0.000065233	-0.000036270	0.000006752	0.000001495	0.000000688	0.000004016
0.148176938	0.000990194	-0.000423455	0.000111257	0.000511411	-0.000301257	-0.000004286	0.000176044	-0.000148411	0.000008265	0.000057395	-0.000038555	0.000006728	0.000001340	0.000000683	0.000004268
0.148991093	0.000875589	-0.000441171	0.000089236	0.000454036	-0.000309270	0.000016313	0.000150015	-0.000162460	0.000003707	0.000049816	-0.000040345	0.000006682	0.000001248	0.000000661	0.000004487
0.149805263	0.000755957	-0.000454025	0.000067123	0.000394709	-0.000314657	0.000034819	0.000123128	-0.000173639	-0.000000251	0.000042507	-0.000041672	0.000006616	0.000001210	0.000000627	0.000004668
0.150619417	0.000632179	-0.000462400	0.000045035	0.000333951	-0.000317599	0.000051324	0.000095607	-0.000182145	-0.000003680	0.000035463	-0.000042568	0.000006534	0.000001217	0.000000583	0.000004807
0.151433572	0.000505029	-0.000466679	0.000023097	0.000272209	-0.000318278	0.000065944	0.000067648	-0.000188179	-0.000006648	0.000028671	-0.000043066	0.000006436	0.000001259	0.000000534	0.000004902
0.152247727	0.000381710	-0.000466239	0.000002529	0.000213517	-0.000316518	0.000077707	0.000041213	-0.000191328	-0.000009027	0.000022521	-0.000043168	0.000006320	0.000001319	0.000000485	0.000004939
0.153061897	0.000254450	-0.000462730	-0.000017881	0.000153478	-0.000312879	0.000088206	0.000014173	-0.000192607	-0.000011154	0.000016442	-0.000042937	0.000006192	0.000001390	0.000000436	0.000004937
0.153876051	0.000122716	-0.000456684	-0.000038177	0.000091828	-0.000307621	0.000097709	-0.000013608	-0.000192296	-0.000013105	0.000010368	-0.000042417	0.000006055	0.000001460	0.000000389	0.000004899
0.154690206	-0.000013862	-0.000448608	-0.000058377	0.000028408	-0.000301013	0.000106430	-0.000042212	-0.000190649	-0.000014944	0.000004254	-0.000041652	0.000005911	0.000001521	0.000000345	0.000004833
0.155504376	-0.000155529	-0.000438998	-0.000078476	-0.000036851	-0.000293339	0.000114549	-0.000071681	-0.000187904	-0.000016720	-0.000001931	-0.000040685	0.000005765	0.000001567	0.000000306	0.000004742
0.156318530	-0.000304143	-0.000429584	-0.000098788	-0.000104146	-0.000285783	0.000122427	-0.000102367	-0.000184581	-0.000018480	-0.000008219	-0.000039653	0.000005623	0.000001574	0.000000272	0.000004633
0.157132685	-0.000457580	-0.000419379	-0.000118821	-0.000173127	-0.000277616	0.000129868	-0.000133777	-0.000180578	-0.000020237	-0.000014585	-0.000038500	0.000005485	0.000001555	0.000000242	0.000004513
0.157946840	-0.000615459	-0.000408474	-0.000138472	-0.000243682	-0.000268866	0.000136949	-0.000165814	-0.000176006	-0.000022010	-0.000021024	-0.000037243	0.000005355	0.000001510	0.000000218	0.000004390
0.158761010	-0.000777352	-0.000396917	-0.000157650	-0.000315670	-0.000259536	0.000143761	-0.000198377	-0.000170949	-0.000023810	-0.000027529	-0.000035895	0.000005235	0.000001436	0.000000199	0.000004268
0.159575164	-0.000942789	-0.000384724	-0.000176287	-0.000388920	-0.000249611	0.000150400	-0.000231358	-0.000165474	-0.000025643	-0.000034085	-0.000034467	0.000005128	0.000001332	0.000000184	0.000004153
0.160389319	-0.001120048	-0.000371235	-0.000195313	-0.000467125	-0.000238401	0.000157752	-0.000266328	-0.000159420	-0.000027591	-0.000041024	-0.000032888	0.000005041	0.000001176	0.000000174	0.000004051
0.161203489	-0.001297317	-0.000357141	-0.000213414	-0.000544936	-0.000226680	0.000164961	-0.000300987	-0.000153046	-0.000029548	-0.000047856	-0.000031274	0.000004969	0.000000994	0.000000168	0.000003962
0.162017643	-0.001471947	-0.000342631	-0.000230424	-0.000621213	-0.000214614	0.000171965	-0.000334833	-0.000146457	-0.000031491	-0.000054482	-0.000029653	0.000004909	0.000000792	0.000000166	0.000003885
0.162831798	-0.001641383	-0.000327943	-0.000246252	-0.000694877	-0.000202404	0.000178711	-0.000367403	-0.000139769	-0.000033393	-0.000060813	-0.000028056	0.000004861	0.000000577	0.000000168	0.000003819
0.163645953	-0.001803173	-0.000313359	-0.000260879	-0.000764906	-0.000190297	0.000185146	-0.000398270	-0.000133107	-0.000035225	-0.000066764	-0.000026515	0.000004821	0.000000355	0.000000173	0.000003762
0.164460123	-0.001954968	-0.000299191	-0.000274346	-0.000830319	-0.000178588	0.000191216	-0.000427041	-0.000126599	-0.000036955	-0.000072252	-0.000025067	0.000004790	0.000000132	0.000000181	0.000003712
0.165274277	-0.002094523	-0.000285756	-0.000286733	-0.000890155	-0.000167615	0.000196857	-0.000453354	-0.000120370	-0.000038548	-0.000077197	-0.000023754	0.000004764	-0.000000083	0.000000191	0.000003667
0.166088432	-0.002219693	-0.000273358	-0.000298148	-0.000943451	-0.000157763	0.000201993	-0.000476872	-0.000114534	-0.000039971	-0.000081510	-0.000022627	0.000004743	-0.000000284	0.000000202	0.000003626
0.166902602	-0.002328418	-0.000262258	-0.000308703	-0.000989208	-0.000149468	0.000206530	-0.000497274	-0.000109189	-0.000041187	-0.000085094	-0.000021746	0.000004726	-0.000000462	0.000000214	0.000003588
