12.612024	58.01833	2.75955	17.57689	52.252888	7.11063	13.612135	71.104999	7.618079	25.835158	58.428629	10.368955	30.531992	56.87801	13.792236	32.077779	92.795222	32.531217	30.401491	68.296314	25.535606	16.34758	59.044606	-1.096183
12.538366	58.07924	2.769117	17.477683	52.232617	7.108811	13.717067	71.061359	7.649499	25.834223	58.412694	10.289661	30.918957	56.800627	13.768636	31.982841	92.815888	32.635006	30.285542	68.325402	25.485655	16.233154	59.094001	-1.127724
12.540557	58.080833	2.766921	17.480614	52.23355	7.10979	13.720189	71.062491	7.65204	25.836661	58.414392	10.289126	30.793436	56.841099	13.792688	31.985918	92.811871	32.638294	30.285302	68.325363	25.483902	16.235705	59.093728	-1.128414
12.540905	58.078957	2.768459	17.480385	52.233533	7.108191	13.720024	71.063152	7.652068	25.839198	58.414126	10.288576	30.891919	56.82475	13.773257	31.991698	92.811406	32.643024	30.287752	68.327169	25.483528	16.235337	59.092469	-1.129958
12.541171	58.08209	2.770001	17.483087	52.234449	7.107572	13.719539	71.063085	7.648907	25.839198	58.414126	10.288576	30.793114	56.84306	13.790984	31.99752	92.808821	32.647787	30.29038	68.328326	25.483136	16.235796	59.092515	-1.126819
12.541025	58.080873	2.770025	17.483017	52.235149	7.109205	13.720285	71.066886	7.652019	25.839328	58.416116	10.290263	30.795548	56.844777	13.790494	32.003076	92.806915	32.650722	30.295189	68.327917	25.480599	16.238117	59.092219	-1.129078
12.543564	58.080589	2.769367	17.485542	52.234827	7.108606	13.720198	71.065642	7.652036	25.841864	58.41585	10.289713	30.795548	56.844777	13.790494	32.011397	92.8057	32.655162	30.297639	68.329723	25.480225	16.238098	59.092922	-1.12747
12.543564	58.080589	2.769367	17.487945	52.236426	7.108021	13.72267	71.067368	7.651444	25.844151	58.416255	10.289192	30.798239	56.845826	13.789978	32.01972	92.803848	32.659577	30.300268	68.330881	25.479833	16.238346	59.092242	-1.127509
12.543538	58.081288	2.770957	17.488474	52.23576	7.109585	13.72267	71.067368	7.651444	25.844302	58.417548	10.289178	30.798143	56.847814	13.789993	32.025274	92.802578	32.662539	30.302718	68.332686	25.479459	16.238328	59.092945	-1.125901
12.543684	58.082506	2.770933	17.488174	52.236442	7.109619	13.722583	71.066123	7.65146	25.846838	58.417282	10.288628	30.798304	56.849135	13.789983	32.031052	92.802749	32.667296	30.305064	68.33315	25.479086	16.23796	59.091686	-1.127444
12.546456	58.082242	2.771827	17.490876	52.237358	7.109	13.725307	71.068432	7.650824	25.846589	58.417953	10.288657	30.798207	56.851123	13.789998	32.039393	92.800156	32.671742	30.307692	68.334307	25.478694	16.241016	59.093908	-1.126616
12.546456	58.082242	2.771827	17.491106	52.237375	7.110599	13.723243	71.06868	7.654589	25.849276	58.418981	10.288092	30.800674	56.852144	13.787763	32.047427	92.800997	32.674351	30.310143	68.336113	25.47832	16.240768	59.094588	-1.126578
12.546456	58.082242	2.771827	17.490876	52.237358	7.109	13.725307	71.068432	7.650824	25.849276	58.418981	10.288092	30.800577	56.854133	13.787778	32.050461	92.799736	32.677633	30.312489	68.336576	25.477946	16.243061	59.091141	-1.128824
12.546456	58.082242	2.771827	17.490876	52.237358	7.109	13.725549	71.068466	7.652404	25.849027	58.419651	10.288121	30.800577	56.854133	13.787778	32.055499	92.800355	32.67702	30.312311	68.337224	25.477965	16.240878	59.092672	-1.126591
12.546456	58.082242	2.771827	17.490876	52.237358	7.109	13.725636	71.069711	7.652388	25.849027	58.419651	10.288121	30.800352	56.854105	13.786059	32.057508	92.8016	32.673099	30.312415	68.338567	25.477964	16.240492	59.092116	-1.126526
12.546456	58.082242	2.771827	17.488351	52.23768	7.109599	13.723	71.068646	7.653008	25.849027	58.419651	10.288121	30.80003	56.856067	13.784355	32.057483	92.803614	32.673121	30.312237	68.339215	25.477982	16.238466	59.094181	-1.125927
12.546456	58.082242	2.771827	17.488351	52.23768	7.109599	13.723	71.068646	7.653008	25.848876	58.418357	10.288136	30.800191	56.857387	13.784345	32.054671	92.806953	32.671661	30.31206	68.339863	25.478	16.23796	59.091686	-1.127444
12.543684	58.082506	2.770933	17.488122	52.237663	7.108001	13.722592	71.066672	7.649835	25.849126	58.417687	10.288107	30.797821	56.858979	13.784839	32.051679	92.806095	32.668412	30.311986	68.341854	25.478018	16.240649	59.092649	-1.12816
12.543684	58.082506	2.770933	17.485825	52.238001	7.110199	13.719791	71.066269	7.650484	25.84634	58.418623	10.288686	30.892657	57.465085	13.95597	32.046079	92.810757	32.665469	30.309284	68.342688	25.478427	16.238328	59.092945	-1.125901
12.54371	58.081807	2.769344	17.485719	52.236064	7.108586	13.720043	71.066852	7.650439	25.84634	58.418623	10.288686	30.784304	56.794875	13.744045	32.040501	92.814041	32.662529	30.306686	68.344863	25.478836	16.238098	59.092922	-1.12747
12.54371	58.081807	2.769344	17.485719	52.236064	7.108586	13.717086	71.06766	7.649491	25.84636	58.417926	10.286984	30.784304	56.794875	13.744045	32.032175	92.81653	32.658141	30.303567	68.346306	25.47751	16.235824	59.095666	-1.126832
12.540791	58.080853	2.768473	17.483423	52.236403	7.110784	13.717008	71.066965	7.647882	25.84596	58.417302	10.287027	30.781515	56.795816	13.744577	32.026597	92.819814	32.655201	30.300969	68.348482	25.477919	16.232658	59.09536	-1.127647
12.540791	58.080853	2.768473	17.483017	52.235149	7.109205	13.716591	71.064442	7.646334	25.843673	58.416898	10.287548	30.781515	56.795816	13.744577	32.023067	92.822223	32.648375	30.298089	68.349963	25.478347	16.230126	59.09493	-1.128565
12.541051	58.080174	2.768435	17.48314	52.233228	7.109191	13.713886	71.065833	7.645341	25.843673	58.416898	10.287548	30.781257	56.796485	13.744603	32.01974	92.827451	32.64334	30.298015	68.351954	25.478365	16.230265	59.096166	-1.128591
12.538512	58.080457	2.769093	17.480791	52.234787	7.10977	13.713712	71.063344	7.645374	25.841136	58.417164	10.288098	30.789892	56.844364	13.786066	32.016437	92.830663	32.638282	30.295313	68.352787	25.478774	16.230356	59.094953	-1.126996
12.535739	58.080721	2.768198	17.477859	52.233855	7.108791	13.711085	71.06543	7.645991	25.838849	58.41676	10.288619	30.786796	56.850951	13.793873	32.013134	92.833876	32.633225	30.292789	68.352972	25.479166	16.227328	59.095882	-1.127837
12.533226	58.080305	2.767267	17.475334	52.234176	7.10939	13.708613	71.063704	7.646583	25.833646	58.415301	10.288032	30.784588	56.849262	13.796082	32.009833	92.836452	32.628141	30.290265	68.353157	25.479557	16.224934	59.096688	-1.128781
12.530074	58.079331	2.764844	17.473337	52.233832	7.111554	13.705578	71.063817	7.644026	25.831608	58.414227	10.288524	30.77972	56.845828	13.797062	32.0068	92.837713	32.62486	30.285468	68.350888	25.480305	16.222136	59.09764	-1.128052
12.527707	58.080133	2.763889	17.465425	52.232843	7.110141	13.699907	71.062865	7.64209	25.821712	58.414621	10.290694	30.77469	56.841075	13.798053	32.003545	92.836896	32.619758	30.280671	68.348619	25.481052	16.216806	59.098163	-1.128241
12.522275	58.078764	2.762087	17.465848	52.23024	7.110092	13.698918	71.05903	7.637398	25.814471	58.412088	10.290599	30.767517	56.837941	13.801257	32.00279	92.837449	32.614332	30.275874	68.346351	25.481799	16.211275	59.101813	-1.130013
12.516818	58.078093	2.761874	17.458165	52.229267	7.110277	13.693499	71.061263	7.637039	25.806981	58.410226	10.290533	30.776872	56.797084	13.968453	31.999311	92.835192	32.607434	30.268867	68.342315	25.484674	16.208743	59.101383	-1.130931
12.511324	58.077222	2.756907	17.450199	52.225121	7.10887	13.682398	71.056792	7.633127	25.794267	58.407602	10.291581	30.609602	56.53523	14.003502	31.996526	92.835879	32.605926	30.258918	68.339074	25.486205	16.195688	59.103234	-1.132253
12.505774	58.073937	2.75354	17.444124	52.219384	7.103686	13.677019	71.047119	7.634393	25.788384	58.402236	10.289365	30.589461	56.517177	14.008344	31.995768	92.837069	32.600527	30.251972	68.335725	25.490851	16.188322	59.101967	-1.133437
12.502502	58.071047	2.749553	17.435381	52.210989	7.103993	13.671057	71.035586	7.63414	25.789538	58.394852	10.287259	30.594001	56.517966	14.007388	31.989917	92.84294	32.59584	30.241969	68.334506	25.495943	16.183708	59.0973	-1.133729
12.502117	58.065998	2.746446	17.436228	52.202496	7.097086	13.663262	71.018584	7.637615	25.796344	58.378331	10.283707	30.601523	56.523557	14.005626	31.981645	92.860969	32.593409	30.236751	68.338234	25.502076	16.194653	59.094171	-1.136605
12.506992	58.061799	2.746753	17.442567	52.197248	7.093803	13.650785	70.984358	7.638839	25.811144	58.350985	10.273084	30.633579	56.697204	14.001652	31.965818	92.914443	32.595724	30.225582	68.354228	25.509133	16.197763	59.088176	-1.135765
12.509905	58.058941	2.746044	17.447725	52.198541	7.094216	13.625829	70.951918	7.629903	25.816229	58.337762	10.266334	30.631929	56.714036	14.001296	31.938157	93.03056	32.61125	30.199483	68.385551	25.516646	16.189249	59.089094	-1.13516
12.506202	58.056212	2.743707	17.459276	52.20541	7.096527	13.591422	70.953704	7.615119	25.824251	58.372196	10.266396	30.600849	56.744284	14.006382	31.745285	93.082932	32.654736	30.152901	68.429158	25.521877	16.162754	59.094539	-1.128105
12.5064	58.056031	2.740505	17.464718	52.214255	7.09691	13.447854	70.950784	7.578955	25.818161	58.418375	10.264291	30.601521	56.755101	14.005805	31.06757	93.269319	32.754812	30.03773	68.466791	25.534289	16.105584	59.103766	-1.115969
12.505407	58.053537	2.735898	17.473037	52.220875	7.098277	13.420442	70.955223	7.560879	25.758702	58.465769	10.26759	30.595842	56.769805	14.006363	31.403354	93.225197	32.693814	29.979931	68.485635	25.530411	16.003119	59.114626	-1.091501
12.50494	58.053497	2.732794	17.476183	52.230059	7.100858	13.392058	70.962128	7.538117	25.752029	58.476253	10.248248	30.561765	56.795252	14.012265	31.061043	93.42492	32.71876	29.883217	68.519821	25.536117	15.988072	59.118061	-1.094102
12.4963	58.055465	2.726987	17.479276	52.240464	7.101821	13.353884	70.976663	7.499731	25.712718	58.493046	10.223885	30.531508	56.817085	14.017538	30.814316	93.539213	32.746911	29.733121	68.544764	25.553908	15.961879	59.127751	-1.095406
12.48716	58.05428	2.718087	17.47767	52.249609	7.105567	13.311557	71.000462	7.429691	25.550645	58.554257	10.223401	30.505898	56.826887	14.022352	30.558081	93.622638	32.794303	29.557826	68.566236	25.575586	15.938583	59.14616	-1.097753
12.472361	58.055518	2.707415	17.476609	52.258609	7.107625	13.266293	71.017096	7.407799	25.496581	58.594013	10.221289	30.471718	56.833768	14.029025	30.377151	93.696877	32.849477	29.463799	68.58231	25.590182	15.917178	59.170783	-1.110871
12.443835	58.056584	2.640673	17.467512	52.264161	7.109908	13.154465	71.067032	7.406916	25.459201	58.628519	10.224705	30.433511	56.838521	14.036603	30.205644	93.683563	32.887478	29.285205	68.600119	25.61796	15.872527	59.180842	-1.133719
12.418941	58.05846	2.635811	17.450027	52.26379	7.112457	13.133847	71.066603	7.328499	25.397131	58.663586	10.233293	30.319408	56.851441	14.059284	30.005458	93.658827	32.939751	29.213569	68.610716	25.634693	15.805534	59.178455	-1.166163
12.366955	58.069841	2.639371	17.4312	52.2572	7.11191	13.129103	71.065935	7.316552	25.319057	58.662395	10.243258	30.321723	57.014039	14.061773	29.860099	93.532708	32.951807	29.15315	68.698938	25.680962	15.708993	59.183927	-1.149558
12.334157	58.073947	2.638118	17.403048	52.251768	7.113673	13.1314	71.062576	7.314372	25.303021	58.622842	10.239809	30.31039	57.005643	14.064415	29.733031	93.406612	32.964333	29.051457	68.809938	25.801644	15.705542	59.187023	-1.154868
12.315682	58.075873	2.638084	17.339017	52.254189	7.123584	13.14948	71.055601	7.310072	25.312874	58.563129	10.232717	30.32036	56.985999	14.063182	29.688229	93.248165	32.958381	29.056036	68.838876	25.869988	15.699659	59.176897	-1.159195
12.307364	58.076664	2.635412	17.281112	52.255159	7.132174	13.167255	71.043515	7.322173	25.347414	58.52644	10.224148	30.327513	56.786515	14.060261	29.669623	93.087219	32.956371	29.048747	68.76292	25.877939	15.690772	59.152936	-1.158961
12.297	58.07708	2.634913	17.25162	52.243519	7.130848	13.19438	71.011854	7.348354	25.34833	58.504907	10.222578	30.330403	56.772752	14.060234	29.680863	92.919684	32.966219	29.058948	68.607205	25.868611	15.698551	59.148569	-1.16398
12.29469	58.073574	2.635546	17.225922	52.212815	7.116792	13.228013	70.951841	7.423606	25.373373	58.450321	10.220669	30.356835	56.754535	14.055603	29.727689	92.814773	33.034935	29.074897	68.455686	25.859858	15.708799	59.142891	-1.164863
12.297052	58.068963	2.63492	17.208107	52.160799	7.070762	13.227248	70.928028	7.454991	25.484741	58.327836	10.193122	30.412695	56.722902	14.045537	29.799331	92.724074	33.079956	29.110296	68.323028	25.857174	15.730442	59.13028	-1.16709
12.303242	58.072802	2.639767	17.194601	52.149847	7.00285	13.216335	70.900925	7.497206	25.539025	58.304065	10.185055	30.411022	56.546105	14.043466	29.951418	92.685165	33.118633	29.165312	68.203126	25.836994	15.750012	59.117285	-1.167096
12.31463	58.07799	2.644858	17.200165	52.152389	7.004834	13.253483	70.906716	7.579922	25.548859	58.299447	10.193321	30.394228	56.697682	13.605076	30.122302	92.668216	33.184086	29.290214	68.072709	25.793371	15.759868	59.108574	-1.161215
12.337634	58.084575	2.655017	17.211062	52.157457	7.007207	13.295515	70.909285	7.609194	25.567849	58.29478	10.208243	30.431722	56.688518	13.597763	30.312394	92.610072	33.199581	29.351238	67.927855	25.732556	15.770835	59.092049	-1.150406
12.37362	58.088366	2.660258	17.224078	52.16095	7.007403	13.454965	70.921313	7.646429	25.60213	58.295993	10.274954	30.540128	56.665308	13.576482	30.536659	92.483992	33.17765	29.527629	67.770615	25.629038	15.825475	59.086065	-1.14558
12.439557	58.081197	2.659555	17.244509	52.158387	7.004191	13.509864	70.920209	7.731723	25.643918	58.291	10.312361	30.577672	56.64973	13.569426	30.777023	92.345883	33.14123	29.734608	67.604656	25.567202	15.971959	59.072534	-1.150915
12.473477	58.082406	2.673331	17.266756	52.150557	7.000459	13.575869	70.913438	7.839	25.696694	58.277417	10.316394	30.663658	56.615476	13.55321	31.068765	92.249054	33.109791	29.939932	67.437986	25.507019	16.024966	59.074715	-1.096273
12.504545	58.085976	2.690987	17.299599	52.138134	6.992642	13.762386	70.90649	7.911169	25.818613	58.237775	10.304323	30.807504	56.588449	13.524819	31.338822	92.191048	33.092248	30.142215	67.261292	25.445392	16.109588	59.061037	-1.102777
12.536967	58.089961	2.771174	17.384031	52.11138	6.972985	13.927457	70.891283	7.941076	25.887859	58.199262	10.315088	30.855642	56.576855	13.515424	31.597414	92.160995	33.086974	30.281168	67.088165	25.401003	16.268053	59.037516	-1.13086
12.561642	58.092782	2.782433	17.407799	52.107713	6.965522	13.994589	70.88058	8.04346	26.08445	58.132937	10.333662	30.928318	56.564542	13.501024	31.846363	92.151582	33.106751	30.477843	66.902482	25.291632	16.449664	59.009108	-1.161942
12.592596	58.098252	2.800134	17.427363	52.109833	6.965661	14.039596	70.873315	8.088741	26.161906	58.094401	10.354401	31.07569	56.540979	13.471764	32.083841	92.149858	33.137328	30.677508	66.755463	25.233968	16.514396	58.993983	-1.156523
12.635676	58.102871	2.816511	17.449686	52.116024	6.965174	14.081556	70.877918	8.183994	26.284475	58.082346	10.352606	31.11872	56.536345	13.463126	32.295551	92.137797	33.147445	30.965893	67.079172	25.891796	16.5515	58.984867	-1.145196
12.706798	58.101685	2.888729	17.473306	52.129655	6.966164	14.111915	70.886515	8.221253	26.330575	58.102787	10.358315	31.161494	56.532379	13.454513	32.449997	92.128981	33.170257	31.10961	67.264163	26.091074	16.610485	59.005056	-1.088976
12.75078	58.105889	2.89361	17.503391	52.143784	6.96904	14.135234	70.897811	8.248662	26.359938	58.135578	10.371177	31.233377	56.369309	13.883414	32.52699	92.141319	33.228459	31.193806	67.412472	26.2366	16.669113	59.002493	-1.09194
12.77069	58.113938	2.899809	17.535317	52.160834	6.973331	14.158474	70.911017	8.276092	26.386051	58.149259	10.391445	31.300585	56.181149	13.64435	32.546872	92.13435	33.260763	31.257691	67.527402	26.345359	16.769432	58.994771	-1.106052
12.784618	58.118858	2.904283	17.569572	52.183478	6.985484	14.183944	70.924393	8.334228	26.407115	58.158944	10.414505	31.321088	56.178275	13.640277	32.535363	92.121182	33.28774	31.158783	66.217719	26.310144	16.745117	58.978153	-1.0938
12.796095	58.122862	2.910991	17.641719	52.169066	6.968811	14.210691	70.965843	8.351133	26.425054	58.166715	10.450365	31.340106	56.172999	13.63661	32.483131	92.101315	33.316074	31.212524	66.540696	26.534002	16.746355	58.977054	-1.084334
12.808181	58.18101	2.913319	17.654119	52.167439	6.964209	14.229399	70.966343	8.366508	26.439083	58.166236	10.459403	31.371074	56.161938	13.630741	32.357497	92.069	33.349697	31.229258	66.532651	26.62354	16.746038	58.972123	-1.082659
12.810865	58.181947	2.91264	17.649897	52.163442	6.960126	14.344916	70.959012	8.359121	26.447301	58.162947	10.464502	31.402646	56.143122	13.625076	32.298194	91.954384	33.354444	31.238234	66.516862	26.681946	16.745442	58.970838	-1.085781
12.81571	58.181362	2.909775	17.640182	52.156197	6.952419	14.355318	70.954886	8.371524	26.442099	58.157651	10.467302	31.415118	56.135997	13.622825	32.188548	91.848018	33.368176	31.237779	66.502819	26.741629	16.746496	58.972169	-1.079513
12.813196	58.180946	2.908839	17.631419	52.142392	6.939414	14.357805	70.947001	8.38739	26.431848	58.152193	10.469489	31.414678	56.13092	13.623129	32.070039	91.823025	33.435745	31.220558	66.48589	26.787446	16.746677	58.975862	-1.081162
12.809671	58.182544	2.906459	17.61687	52.11938	6.932574	14.361332	70.93679	8.411226	26.417789	58.141039	10.465542	31.409176	56.126394	13.624446	31.919984	91.80036	33.534382	31.202413	66.480485	26.867819	16.403659	59.01612	-0.993473
12.806715	58.181388	2.900822	17.575608	52.122078	6.937103	14.365439	70.922938	8.459561	26.402504	58.118694	10.4549	31.399397	56.120413	13.626699	31.862876	91.730045	33.59498	31.176769	66.455248	26.953162	16.402282	59.015981	-1.002899
12.801199	58.185028	2.899015	17.514018	52.129279	6.946457	14.361634	70.882016	8.468537	26.368036	58.064529	10.41334	31.389439	56.108685	13.629233	31.569707	91.71803	33.740886	31.07162	66.435493	27.042892	16.402598	59.020905	-1.004571
12.798078	58.187167	2.896575	17.489729	52.12209	6.945546	14.360082	70.873273	8.4903	26.342118	58.040077	10.406646	31.402495	56.075231	13.627987	31.510743	91.58216	33.779173	31.074607	66.417389	27.163632	16.401909	59.020836	-1.009284
12.793081	58.189451	2.894694	17.468194	52.114597	6.945633	14.357264	70.862417	8.522215	26.318346	58.038015	10.455018	31.399343	56.064684	13.629084	31.412637	91.417981	33.832019	31.005995	66.530717	27.312574	16.402675	59.031923	-1.012653
12.792992	58.19065	2.893117	17.452138	52.108234	6.942845	14.364743	70.85111	8.583012	26.284237	58.038084	10.49852	31.395929	56.054806	13.630206	31.372533	91.273667	33.918418	31.071491	66.506789	27.434648	16.401808	59.028165	-1.01572
12.793256	58.193787	2.894661	17.443836	52.10214	6.938234	14.368429	70.841584	8.652926	26.014038	58.120549	10.573295	31.395648	56.0369	13.631034	31.32211	91.096282	33.999985	31.08079	66.468437	27.558043	16.401442	59.026905	-1.017265
12.79606	58.196641	2.89555	17.438042	52.099579	6.934649	14.374192	70.829758	8.715819	25.896275	58.134972	10.60653	31.410788	55.998095	13.629615	31.226879	90.924737	34.126874	30.953683	65.718469	27.020691	16.402173	59.029425	-1.014174
12.801612	58.199934	2.898929	17.434842	52.09162	6.930454	14.381325	70.81741	8.82444	25.935046	57.859887	10.60906	31.426367	55.964368	13.627897	31.2077	90.728573	34.209901	30.879153	65.171817	26.764118	16.403321	59.029541	-1.006319
12.80465	58.202809	2.901373	17.427807	52.08478	6.925388	14.381327	70.778681	8.939977	25.925278	57.768571	10.590563	31.444578	55.942526	13.625125	31.197935	90.559745	34.344935	30.929787	64.96792	27.242788	16.402683	59.025807	-1.007814
12.812969	58.202024	2.90407	17.426496	52.075229	6.917417	14.40293	70.765424	9.00743	25.925471	57.746458	10.613138	31.454154	55.924187	13.623972	31.18412	90.396695	34.471701	30.915842	64.702172	27.140783	16.401909	59.020836	-1.009284
12.816385	58.206139	2.908045	17.417109	52.065573	6.914558	14.433674	70.745616	9.123758	25.924743	57.73272	10.629032	31.478729	55.898448	13.620076	31.180402	90.197326	34.572791	30.923545	64.506925	27.149186	16.402512	59.016004	-1.001328
12.824212	58.206013	2.909225	17.411198	52.053417	6.904181	14.46204	70.689465	9.238908	25.914417	57.725282	10.651879	31.498764	55.871923	13.61715	31.185425	90.023804	34.720484	30.926991	64.334096	27.166886	16.402239	59.01353	-1.001277
12.835545	58.208803	2.915958	17.411078	52.043821	6.897389	14.487253	70.680006	9.31383	25.892348	57.719858	10.686987	31.46058	55.68805	13.399364	31.189042	89.870783	34.883846	30.950289	64.1473	27.198369	16.402748	59.009911	-0.994917
12.846972	58.21421	2.925853	17.406853	52.016802	6.879702	14.516225	70.668173	9.443952	25.87645	57.638295	10.687381	31.482848	55.66831	13.395666	31.134612	89.706813	35.06832	30.977301	63.977911	27.254394	16.403809	59.005125	-0.983819
12.871624	58.216957	3.001877	17.397817	52.010444	6.790826	14.542801	70.652145	9.576317	25.871105	57.629543	10.707163	31.508264	55.640537	13.391684	31.132222	89.536163	35.25741	31.000237	63.827477	27.305479	16.406651	59.010305	-0.968209
12.887334	58.219123	3.002645	17.404253	52.007131	6.78915	14.572798	70.634022	9.691522	26.677649	57.397932	10.586224	31.523541	55.632456	13.388904	31.139271	89.356896	35.456075	31.027957	63.643893	27.321647	16.409772	59.011843	-0.947809
12.906398	58.219171	3.007412	17.408521	52.006614	6.788036	14.593415	70.603639	9.771243	26.768533	57.407445	10.588067	31.552951	55.625386	13.38317	31.153424	89.185275	35.670561	31.146018	63.963548	27.661309	16.439106	59.132278	-0.83864
12.951374	58.213758	3.010621	17.423356	52.009211	6.78608	14.623067	70.596702	9.894748	26.824873	57.281124	11.035226	31.581448	55.098901	13.146153	31.161401	89.077129	35.943456	31.198648	63.936893	27.654096	16.468183	59.251542	-0.729373
13.025273	58.20775	3.011266	17.444929	52.019327	6.78922	14.65064	70.594429	10.002307	26.826596	57.29432	11.142663	31.607014	55.095406	13.141024	31.169914	89.029784	36.258565	31.352108	63.893344	27.632287	16.478513	59.305258	-0.698977
13.073361	58.217769	3.032818	17.496014	52.046615	6.792339	14.673096	70.599539	10.092927	26.844819	57.304403	11.213318	31.626185	55.09583	13.137041	31.186711	88.998877	36.61097	31.381834	63.708919	27.625488	16.478817	59.286921	-0.682886
13.12143	58.236628	3.117291	17.601283	52.06015	6.791111	14.690378	70.606335	10.224288	26.866439	57.315032	11.26944	31.649881	55.097029	13.132087	31.162495	88.981518	37.015587	31.412031	63.692396	27.393912	16.47591	59.238867	-0.666205
13.18159	58.311728	3.215325	17.678195	52.071333	6.802789	14.703288	70.623782	10.343482	26.884565	57.342731	11.291843	31.677034	55.101687	13.126262	31.200976	89.00083	37.456264	31.550514	63.503504	27.370905	16.415051	59.265694	-1.107711
13.220821	58.354706	3.237639	17.745577	52.10848	6.909453	14.70602	70.650366	10.430339	26.922763	57.412178	11.41782	31.702708	55.116122	13.120305	31.255285	88.986253	37.919484	31.595149	63.501502	27.364274	16.415051	59.265694	-1.107711
13.287699	58.408525	3.24938	17.910597	52.15824	7.01919	14.706946	70.682126	10.552162	26.957365	57.446134	11.445171	31.79548	55.132039	13.100415	31.249916	88.722726	37.919901	31.647498	63.505782	27.356342	16.415051	59.265694	-1.107711
13.373239	58.425395	3.27281	18.012243	52.189612	7.134743	14.721833	70.744954	10.672282	27.057084	57.511047	11.548681	31.855788	55.165325	13.533902	31.316007	88.506446	38.367984	31.992909	63.702801	28.675485	16.386051	59.26271	-1.30601
13.446231	58.50258	3.364877	18.091873	52.290238	7.277858	14.692675	70.861363	10.797821	27.190715	57.625274	11.599838	31.936857	55.220755	14.186633	31.390456	88.211638	38.740207	32.074065	63.723557	28.663298	16.386051	59.26271	-1.30601
13.514815	58.58975	3.46647	18.175882	52.402719	7.430101	14.665832	71.030799	10.912708	26.160323	57.839484	11.9649	31.90772	55.2816	14.18989	31.654298	89.215637	39.034499	32.291236	64.113019	29.32242	16.386051	59.26271	-1.30601
13.558404	58.623778	3.569015	18.162564	52.553424	7.607225	14.50052	71.205257	11.139431	26.182335	57.9916	12.146232	31.994807	55.85992	14.626325	32.190947	89.058972	40.381451	32.325649	64.173185	29.316245	16.386051	59.26271	-1.30601
13.576902	58.65445	3.635692	18.096258	52.71243	7.802701	14.336715	71.402304	11.461194	26.274974	58.139804	12.431397	32.090841	56.29671	15.506498	32.322724	89.134725	41.082588	32.408421	64.263384	29.76047	16.353125	59.353975	-1.300933
13.556707	58.705531	3.789878	18.101611	52.888256	8.014697	14.152194	71.630775	11.815209	27.365265	59.149298	14.203	32.126505	56.566162	15.947591	32.530385	89.263463	42.004948	32.705225	65.429805	31.109487	16.353125	59.353975	-1.300933
13.496775	58.846193	3.931209	17.96239	53.141698	8.356881	13.935841	71.936319	12.138091	27.234369	59.510302	14.902454	32.254603	57.395923	17.053133	32.816431	90.518354	43.374682	32.819838	65.558481	31.091736	16.358895	58.891381	-0.894574
13.583609	59.262515	4.764686	17.797157	53.450474	8.716846	13.689721	72.310969	12.427671	27.214138	60.088167	16.004624	32.404436	58.299496	18.832013	33.385039	91.749442	45.258583	33.12793	66.08455	32.203723	16.358895	58.891381	-0.894574
13.488351	59.379987	4.904025	17.659993	53.76791	9.078322	13.508137	72.699807	12.806484	27.404049	61.291302	17.30031	32.553315	59.377901	20.620504	34.004048	92.537366	47.542248	33.648563	68.058214	34.702227	16.358895	58.891381	-0.894574
13.451043	59.454715	5.020502	17.168077	54.207974	9.52067	13.355209	73.177379	13.286154	27.577949	62.307584	18.617357	32.758482	60.406833	22.353773	34.809819	93.30184	49.779948	33.978693	68.641902	35.825186	16.376554	59.047496	-0.89785
13.411407	59.542822	5.139358	17.291336	54.364153	9.867655	13.377473	73.749853	13.817369	27.719485	63.436234	20.282327	32.906105	61.530147	24.12821	35.678639	94.082149	52.225567	34.443254	70.129922	37.649924	16.376554	59.047496	-0.89785
13.390614	59.64209	5.294943	17.492735	54.66857	10.305004	13.539182	74.389835	14.432369	27.745056	64.66654	22.023438	33.55109	62.970503	25.854411	35.773256	94.948128	55.038696	34.815143	70.97025	39.953454	16.405542	59.050387	-0.699421
13.424332	59.748148	5.435344	17.847077	54.981659	10.685976	13.814055	75.043896	15.163223	27.988578	65.980925	23.734435	33.665251	64.305572	27.687074	36.127338	95.544261	57.739666	35.102524	72.376978	42.051115	16.434543	59.053279	-0.500894
13.481501	59.912841	5.559425	18.120565	55.785098	10.764371	14.389099	75.739063	15.963644	28.088831	68.480021	26.342305	33.83508	65.853151	29.485644	36.61564	96.897269	61.611196	35.464745	73.664775	45.095687	16.434543	59.053279	-0.500894
13.529366	60.084138	5.659841	18.070362	56.37656	11.155121	15.064196	76.493363	17.120595	28.187505	70.459505	28.862008	34.312022	68.097137	32.998625	37.142732	97.737369	65.525714	35.734878	75.762933	47.703402	16.434543	59.053279	-0.500894
13.631861	60.273876	5.744934	18.082481	57.047617	11.518628	15.970817	77.403911	18.72328	28.276643	72.429497	31.527752	34.748382	70.251808	36.170283	37.533755	98.792703	70.457889	36.150074	77.296501	50.787463	16.434543	59.053279	-0.500894
13.118887	60.376878	6.10314	18.543636	58.158582	12.783411	16.984825	78.304521	20.924675	28.829128	74.753509	34.867517	35.170713	72.489906	39.489718	38.09389	100.499592	74.939106	36.577666	79.264336	54.379385	16.472806	60.982	-0.512042
13.227002	61.035062	6.696011	18.2589	59.482352	13.936963	18.546721	79.966664	24.172606	29.248628	76.58176	39.174468	35.646583	74.745817	42.824258	38.453433	101.986447	79.711849	37.136216	81.491457	58.966717	16.715278	63.30333	-1.001164
13.58902	62.190949	7.639326	19.11034	61.313517	14.99593	19.72003	81.258419	27.434278	29.351244	78.436914	43.391457	36.137743	77.015643	46.147063	39.188405	102.948643	85.288992	37.453348	84.007738	63.608469	16.999993	66.103089	-1.500525
13.785838	63.223238	8.824046	18.841347	64.06249	16.340698	21.335173	82.583555	31.243604	29.885394	80.842948	47.729589	37.004992	79.410415	52.441949	39.579507	104.324741	90.398831	38.357799	86.250301	68.043401	16.162572	68.291741	-1.700938
14.166814	65.714911	11.43275	19.187839	67.638566	19.280759	22.734499	84.162345	36.33797	30.453955	83.332548	53.064003	36.396244	82.18647	58.107487	40.41605	106.0174	96.646109	39.009526	88.549773	73.018734	15.400434	70.606653	-1.914057
14.273285	69.487552	14.330676	19.412932	71.426845	22.266971	23.814024	85.112751	41.122649	31.096463	85.570561	58.201786	37.298467	84.51072	62.399695	41.081395	107.98511	101.914491	40.005299	91.013068	78.324843	14.750375	73.739789	-1.33786
14.17943	73.087266	17.703908	19.531946	74.445495	26.153166	23.810232	86.920431	45.951939	31.405731	87.751599	63.456174	37.904553	86.506445	67.06129	41.237187	110.256793	107.178493	40.361147	93.308932	83.664522	13.282502	77.064939	-1.158022
14.196178	77.328646	22.347395	19.602993	77.665531	30.072135	23.505268	88.73584	50.782478	33.000823	89.575809	67.824642	38.503933	88.676809	71.777652	42.54998	111.866544	111.84964	40.900563	96.054132	88.053911	12.922656	82.443695	-0.672542
14.235311	80.930524	26.596409	19.714224	81.195674	35.344968	24.180372	91.129039	55.503272	33.295827	91.664477	72.457876	39.737327	90.763119	76.314171	43.706367	113.829679	117.366466	42.263374	97.394314	93.565718	NaN	NaN	NaN
14.460317	84.392127	31.709404	19.587379	84.653495	40.371552	25.51254	94.311452	60.265456	33.918468	94.082996	77.142462	40.050363	93.415679	81.38356	44.232438	116.68633	121.807881	43.86859	99.452922	98.690463	NaN	NaN	NaN
14.497179	87.703224	36.67052	19.342176	87.205967	44.50743	24.85891	97.193474	65.095902	34.536717	96.497235	81.862608	40.638473	95.266716	85.992325	44.271343	118.762269	126.362948	43.672207	101.479935	102.349811	NaN	NaN	NaN
14.156976	90.58274	40.854807	19.799506	89.76074	48.830055	25.850076	99.975677	69.946359	35.825767	98.729674	86.71472	41.569134	98.123755	90.952787	45.742485	120.81328	131.198793	44.902679	103.393361	107.271175	NaN	NaN	NaN
14.457369	93.308541	45.424607	19.767312	92.915318	53.262576	26.164058	102.950798	74.61589	36.33088	101.23363	90.564076	42.037375	99.586308	94.617085	46.615892	122.789608	136.273449	45.996464	105.359464	111.183835	NaN	NaN	NaN
14.485176	96.106542	50.045497	20.527982	95.451979	58.467052	26.104478	105.75704	79.13171	37.023574	103.143114	93.677802	43.009257	102.709048	97.871188	47.79173	124.733286	139.931351	46.442681	106.96788	115.016143	NaN	NaN	NaN
14.507829	98.667423	54.710376	20.101377	98.023004	62.395815	26.395463	108.888182	83.485356	37.890045	105.952029	97.895026	43.831535	104.20738	101.901458	48.333069	126.403551	144.284274	46.839158	109.382333	118.624595	NaN	NaN	NaN
15.069801	101.216689	58.495386	20.723706	100.517724	66.681815	25.966276	111.913248	87.921174	38.417692	108.953231	102.851159	43.958168	106.675466	105.638424	49.104657	127.411927	147.895091	47.801442	110.746612	121.276359	NaN	NaN	NaN
14.811921	103.040183	63.227247	20.9372	103.05435	70.518285	26.090347	114.529395	91.137393	38.596251	110.938975	105.793508	45.89797	109.936604	109.159213	49.793311	129.371014	150.385942	48.092646	113.891136	124.391037	NaN	NaN	NaN
15.663873	105.269165	66.633511	21.530059	105.684197	74.755795	26.237158	117.165873	94.950883	39.663122	113.626788	108.045477	45.138871	112.292472	111.466908	50.654425	131.093859	154.618258	48.97492	115.400299	128.719942	NaN	NaN	NaN
16.843838	107.098489	70.364901	22.734287	107.109564	78.128572	26.173732	120.038516	98.776989	39.200069	116.007027	111.428346	45.539664	113.922834	114.509969	50.886382	133.205474	158.130723	50.119934	117.781058	131.49626	NaN	NaN	NaN
17.079568	109.153084	74.032444	23.20069	109.553836	81.50252	26.277621	122.502169	102.48613	40.189875	119.225771	114.804836	46.124206	116.813229	116.838727	51.897894	135.364598	161.375014	50.050768	119.832026	134.281523	NaN	NaN	NaN
18.982169	111.351243	77.802747	24.636623	111.54762	84.956884	26.447993	125.201557	106.11734	40.353803	121.716004	117.941177	46.387435	119.275643	119.366838	52.375374	136.872497	163.264477	50.866732	121.940082	136.210567	NaN	NaN	NaN
19.400798	113.109378	81.096643	25.815454	113.974343	88.706874	26.236721	127.787511	109.497984	41.369482	124.278393	120.405636	47.274992	121.722152	122.28791	NaN	NaN	NaN	51.480798	123.795979	138.929494	NaN	NaN	NaN
20.86312	115.2282	84.618783	27.396913	116.346173	91.543197	26.225237	130.244264	112.697468	41.480507	126.398573	122.694432	47.951274	124.040024	123.824128	NaN	NaN	NaN	52.257083	126.405433	141.974752	NaN	NaN	NaN
22.403068	117.286082	88.241551	29.098354	118.714169	94.653718	26.514328	133.355309	115.94598	41.520726	129.148312	124.937187	48.701578	126.883896	126.480299	NaN	NaN	NaN	52.224434	128.129815	143.461927	NaN	NaN	NaN
24.359725	120.030214	91.332157	29.574004	121.438268	98.522756	26.379767	135.59551	118.931628	41.377486	131.532441	127.062112	48.732253	128.902673	128.496481	NaN	NaN	NaN	52.843229	130.361563	145.627663	NaN	NaN	NaN
25.764614	122.310465	94.436646	31.561958	123.196968	101.794113	27.177792	138.246946	122.328665	41.907344	134.152543	129.305605	49.039977	130.995983	129.434968	NaN	NaN	NaN	53.012163	131.883356	147.145609	NaN	NaN	NaN
26.744672	124.731632	97.043943	33.310403	126.182501	105.343452	26.635381	140.196251	124.874481	42.326442	136.779001	130.307195	48.032005	133.013129	130.673389	NaN	NaN	NaN	53.990962	133.892905	148.889948	NaN	NaN	NaN
28.075792	127.848822	100.464385	34.901713	128.89088	108.879507	27.108439	143.031774	127.644706	41.210442	138.633607	130.675478	49.395177	135.461657	132.162738	NaN	NaN	NaN	54.729625	135.878385	149.763065	NaN	NaN	NaN
29.384374	130.800233	103.681002	35.848351	132.376517	110.229079	27.612442	145.479202	130.277154	41.066104	140.281137	132.040383	49.110603	137.595715	134.323201	NaN	NaN	NaN	55.033407	138.248847	151.613398	NaN	NaN	NaN
30.367148	133.809312	106.65227	35.907694	133.886309	112.86723	27.862535	148.005402	132.463772	41.0129	142.602911	133.382086	49.816198	140.256347	135.415237	NaN	NaN	NaN	55.199561	140.126585	152.892273	NaN	NaN	NaN
31.198429	137.236545	108.877922	37.421662	137.134016	115.042848	28.133242	150.252478	135.37183	42.240917	144.363258	135.731171	50.090782	142.093273	136.350702	NaN	NaN	NaN	56.086941	141.859578	154.058508	NaN	NaN	NaN
31.676455	140.345167	111.287925	38.24016	140.140091	117.193525	28.340071	152.526684	137.367888	42.140454	146.631874	135.770471	50.395562	143.79503	136.758127	NaN	NaN	NaN	57.147043	144.033325	155.27365	NaN	NaN	NaN
31.574475	143.64743	113.50971	38.204325	143.316741	118.967619	29.750557	155.145422	139.615826	42.210679	148.228295	136.914318	49.832178	146.165716	137.806398	NaN	NaN	NaN	58.2522	146.137616	155.669669	NaN	NaN	NaN
30.831226	147.083724	115.901587	38.377639	146.463116	120.848741	30.587787	157.753027	141.476716	42.992321	151.114711	137.712019	50.560735	148.309701	137.751792	NaN	NaN	NaN	57.751711	147.634214	155.890765	NaN	NaN	NaN
30.618794	149.648606	116.960043	38.868442	148.897742	122.427965	30.956993	160.124321	142.859794	42.775567	152.584158	137.472755	50.454843	149.925634	138.376233	NaN	NaN	NaN	58.883818	148.676089	157.175511	NaN	NaN	NaN
30.32984	153.107813	118.265842	38.647595	151.509626	122.426707	30.99381	162.417599	143.811982	43.15696	154.772146	137.60899	50.400904	151.949664	139.786822	NaN	NaN	NaN	58.189948	150.811285	156.471994	NaN	NaN	NaN
29.144068	156.308206	119.232149	38.077343	153.850262	122.664424	31.628728	164.896657	144.565613	44.233656	156.782669	139.038106	50.775217	153.264012	138.385865	NaN	NaN	NaN	59.156339	152.761068	156.507405	NaN	NaN	NaN
29.270993	159.56382	119.992661	37.54048	156.680514	123.699613	32.86034	168.140498	144.530654	44.550359	159.360462	138.953792	50.85548	153.973327	138.180062	NaN	NaN	NaN	59.862121	154.463619	156.176986	NaN	NaN	NaN
28.799408	162.717027	119.234415	36.294209	159.007331	122.953614	33.635868	170.481523	144.639509	44.403666	161.143432	138.155249	51.718735	156.716873	138.956215	NaN	NaN	NaN	59.879329	156.529848	156.559955	NaN	NaN	NaN
28.593008	165.85486	118.837115	36.891791	162.025077	123.009612	34.527661	173.094434	144.723588	45.058247	162.655252	139.184685	52.221558	158.666666	139.129548	NaN	NaN	NaN	59.917585	158.33642	155.734622	NaN	NaN	NaN
28.695136	168.999799	118.475153	37.621828	165.04738	122.352927	34.121077	175.656859	144.256104	44.97606	164.760155	138.091235	53.582846	160.253622	138.659938	NaN	NaN	NaN	60.530578	159.651716	156.259881	NaN	NaN	NaN
29.187902	171.705831	118.256213	37.205156	167.841215	121.64163	34.942683	177.983354	143.891119	45.63149	167.163719	138.621892	53.259869	163.280623	137.527599	NaN	NaN	NaN	59.529342	161.230208	154.651069	NaN	NaN	NaN