11.998354	61.865617	0.925737	19.057149	53.061619	3.228776	12.540877	70.166488	11.277685	25.099047	59.995564	10.998669	31.092767	60.595124	14.834585	22.708596	97.898782	30.091859	29.762394	69.923659	24.663676	16.589234	59.519126	-0.45148
12.066976	61.400436	0.896209	19.232246	53.564534	3.634469	12.477105	70.140204	11.256751	25.091845	60.01777	10.932789	31.113309	60.591554	14.847106	22.698106	97.879554	30.086885	29.100465	70.091056	24.801518	16.467578	59.512116	-0.848577
12.067156	61.399728	0.8962	19.215129	53.403516	3.63371	12.477065	70.142137	11.256757	25.093923	60.020178	10.930569	31.111949	60.596899	14.840127	22.692417	97.886065	30.082424	29.133831	70.123712	24.788144	16.463794	59.510382	-0.853219
12.064598	61.399999	0.896857	19.324011	53.569373	4.265941	12.471464	70.142498	11.254644	25.093869	60.022169	10.930576	31.110456	60.613221	14.844208	22.68962	97.891972	30.079361	29.092291	70.140628	24.783442	16.428792	58.875238	-0.639587
12.123995	61.71746	1.100165	19.326558	53.569057	4.265334	12.468624	70.144612	11.253594	25.093635	60.024858	10.930583	31.11139	60.635617	14.860584	22.683649	97.89644	30.073138	29.121175	70.141582	24.769882	16.422958	58.662972	-0.526255
12.121614	61.717021	1.100811	19.326558	53.569057	4.265334	12.465413	70.142289	11.250918	25.091502	60.024441	10.93281	31.109903	60.644557	14.864628	22.682938	97.90227	30.067957	29.121923	70.134685	24.764629	16.458358	59.196427	-0.639493
12.041661	61.55623	0.695244	19.326558	53.569057	4.265334	12.460144	70.143913	11.25042	25.088542	60.025386	10.931647	31.109653	60.649185	14.861162	22.677397	97.904171	30.065194	29.12119	70.134603	24.759332	16.455796	59.196708	-0.638831
12.116675	61.716849	1.102112	19.324011	53.569373	4.265941	12.455088	70.142385	11.251517	25.088721	60.024687	10.931647	31.109551	60.65049	14.859424	22.674658	97.902804	30.063798	29.115525	70.135607	24.756589	16.453234	59.196989	-0.638169
12.114293	61.716409	1.102759	19.324011	53.569373	4.265941	12.449394	70.145207	11.247807	25.083572	60.024499	10.931017	31.107008	60.650745	14.859909	22.672351	97.904178	30.065902	29.112866	70.13509	24.755221	16.437528	59.143683	-0.690971
12.111736	61.716677	1.103413	19.321463	53.569689	4.266549	12.444391	70.143152	11.250509	25.081204	60.024064	10.93155	31.104485	60.64635	14.862111	22.670021	97.90356	30.067988	29.110207	70.134573	24.753853	16.432873	59.144271	-0.686446
12.101682	61.71704	1.106022	19.321463	53.569689	4.266549	12.428187	70.14182	11.248987	25.068828	60.023986	10.93421	31.091585	60.645584	14.862776	22.670235	97.899623	30.069697	29.102359	70.13373	24.751513	16.419236	59.144401	-0.687931
12.084308	61.716792	1.110578	19.318916	53.570005	4.267156	12.398859	70.140766	11.247009	25.050819	60.021118	10.934532	31.075426	60.642382	14.860407	22.670775	97.896409	30.073164	29.08475	70.132995	24.752522	16.380918	59.147399	-0.676391
12.048856	61.719125	1.119721	19.313598	53.571348	4.268375	12.336113	70.144254	11.250613	25.020092	60.024842	10.937535	31.048024	60.651197	14.867525	22.665946	97.897787	30.075621	29.056325	70.13231	24.751564	16.293393	59.157671	-0.655457
11.961468	61.739983	1.141436	19.310604	53.573088	4.26899	12.249441	70.145781	11.254357	24.976147	60.02999	10.943191	31.007272	60.661937	14.873568	22.651418	97.900576	30.081264	29.007024	70.13578	24.750251	16.224038	59.165985	-0.637562
11.902298	61.747554	1.156496	19.300192	53.575064	4.271424	12.201014	70.151142	11.248243	24.845723	60.056901	10.96641	30.867364	60.685333	14.900258	22.630853	97.907159	30.080673	28.878733	70.138748	24.744834	16.196907	59.168416	-0.635706
11.864996	61.747325	1.166261	19.290004	53.576327	4.273853	12.125552	70.16112	11.169983	24.815949	60.057848	10.971111	30.833215	60.704277	14.912382	22.598281	97.911218	30.08533	28.838154	70.138661	24.733103	16.147548	59.174659	-0.623095
11.812176	61.749409	1.179959	19.277268	53.577907	4.276889	11.995401	70.173816	11.183223	24.764379	60.06094	10.973292	30.788156	60.731105	14.932234	22.492436	97.913396	30.10194	28.781133	70.141997	24.731233	16.031481	59.18945	-0.594857
11.693937	61.774184	1.209528	19.269627	53.578854	4.278711	11.933702	70.178382	11.178305	24.676028	60.076608	10.984628	30.624805	60.750756	14.961486	22.472665	97.914173	30.108251	28.635704	70.150678	24.744972	15.952982	59.198949	-0.578136
11.615024	61.781066	1.229787	19.267527	53.577746	4.27931	11.859595	70.18522	11.177776	24.56648	60.095746	10.996842	30.588562	60.752237	14.963022	22.450651	97.911692	30.116635	28.589887	70.151299	24.746823	15.905909	59.204176	-0.569388
11.528444	61.78875	1.252008	19.276063	53.573951	4.277472	11.718382	70.199354	11.188463	24.525109	60.09764	10.993534	30.5478	60.760231	14.967313	22.424394	97.906057	30.130933	28.53697	70.152545	24.753387	15.81022	59.215477	-0.546447
11.390824	61.811419	1.286759	19.282051	53.570472	4.27624	11.649999	70.210609	11.105581	24.47047	60.105651	10.994587	30.491057	60.767168	14.974476	22.393375	97.902472	30.147697	28.38978	70.159492	24.772807	15.697338	59.236294	-0.517857
11.313951	61.820154	1.306384	19.29014	53.5681	4.27441	11.583334	70.221389	11.103458	24.312633	60.143272	11.009097	30.342857	60.786697	15.002569	22.355332	97.900991	30.169022	28.344585	70.160874	24.779943	15.627135	59.256388	-0.502097
11.203761	61.842707	1.33397	19.295234	53.567468	4.273196	11.460112	70.24272	11.115179	24.220065	60.166931	10.952427	30.177366	60.801237	15.03	22.244249	97.901637	30.202329	28.294949	70.163397	24.793147	15.47839	59.291531	-0.463193
11.128925	61.873268	1.351879	19.303099	53.565809	4.27137	11.415952	70.259012	11.109696	24.075335	60.206693	10.978408	30.121642	60.807361	15.029133	22.219388	97.904218	30.225393	28.229685	70.166383	24.806947	15.415053	59.305391	-0.447222
11.085911	61.886035	1.362434	19.30797	53.565889	4.270159	11.374046	70.294315	11.106347	24.05487	60.215331	10.981016	29.996732	60.75527	14.348629	22.193547	97.910412	30.259279	28.11116	70.17743	24.830822	15.390988	59.31609	-0.439612
11.061495	61.8941	1.368382	19.315387	53.565653	4.268342	11.351012	70.306593	11.094828	24.039487	60.223585	10.985924	29.975864	60.759393	14.352553	22.165445	97.911358	30.295215	28.084674	70.178976	24.84397	15.368594	59.325655	-0.431036
11.034875	61.901019	1.374967	19.312617	53.566681	4.268953	11.322788	70.324275	11.01343	24.025997	60.229538	10.98523	29.958059	60.761177	14.355989	22.138735	97.909438	30.323797	28.061905	70.18109	24.863773	15.349676	59.338171	-0.428525
11.035669	61.907823	1.374393	19.310293	53.566285	4.269556	11.314849	70.331876	11.013525	24.015147	60.228699	10.985661	29.94621	60.75898	14.358451	22.121525	97.901432	30.34743	28.05189	70.18794	24.896136	15.326543	59.353035	-0.421515
11.038842	61.915067	1.373173	19.305646	53.565493	4.270762	11.322878	70.337094	11.015073	24.00993	60.227938	10.98672	29.943554	60.749769	14.359452	22.119856	97.88885	30.372384	28.051894	70.183972	24.9251	15.268385	59.377227	-0.407426
11.059027	61.923975	1.367418	19.301223	53.563989	4.271965	11.338711	70.339088	11.014945	24.010022	60.218709	10.986683	29.955003	60.733727	14.358011	22.139534	97.875142	30.403209	28.067295	70.168775	24.949899	15.211162	59.387693	-0.391218
11.075245	61.938808	1.362383	19.297023	53.561773	4.273163	11.362797	70.338421	11.014742	24.017821	60.20926	10.983368	29.97015	60.722731	14.355578	22.17538	97.85897	30.440593	28.103366	70.131266	24.97199	15.244872	59.383336	-0.398242
11.107595	61.938867	1.353925	19.287729	53.560189	4.275576	11.397875	70.335083	11.017108	24.028097	60.198976	10.981198	29.98732	60.713563	14.352649	22.21478	97.843016	30.488036	28.131691	70.117917	25.000095	15.30114	59.379088	-0.412806
11.158721	61.933517	1.340849	19.283305	53.558685	4.276778	11.435769	70.327879	11.022107	24.043773	60.191454	10.979664	30.009403	60.704579	14.348738	22.249856	97.806429	30.516016	28.16809	70.119158	25.046898	15.392313	59.364277	-0.434445
11.249605	61.918497	1.317899	19.283529	53.557973	4.276774	11.490001	70.322711	11.030187	24.063685	60.182353	10.978728	29.98954	60.524919	14.117952	22.293147	97.794175	30.548981	28.217092	70.117096	25.077223	15.41355	59.359184	-0.439774
11.294211	61.91934	1.306196	19.283529	53.557973	4.276774	11.608092	70.31497	11.024385	24.084372	60.173874	10.981175	30.021289	60.516976	14.112043	22.350978	97.786902	30.592466	28.290393	70.108662	25.082046	15.438984	59.359537	-0.447987
11.336084	61.921158	1.295155	19.281205	53.557577	4.277377	11.676568	70.311463	11.108849	24.104351	60.165343	10.97856	30.066108	60.50636	14.103671	22.506652	97.781356	30.61889	28.419203	70.09396	25.074715	15.477725	59.356773	-0.453124
11.381044	61.920586	1.283435	19.283976	53.55655	4.276766	11.755173	70.304398	11.207737	24.131843	60.154731	10.974338	30.210487	60.484347	14.076067	22.568578	97.768084	30.636938	28.469275	70.08517	25.07956	15.559656	59.350434	-0.472709
11.496449	61.887156	1.255061	19.281205	53.557577	4.277377	11.87636	70.300029	11.201532	24.172896	60.141435	10.970828	30.249077	60.468942	14.069185	22.637742	97.754072	30.652195	28.557524	70.072174	25.078521	15.651849	59.340301	-0.49655
11.577738	61.86074	1.235231	19.283305	53.558685	4.276778	11.928065	70.301929	11.208685	24.298986	60.112963	10.950294	30.285742	60.46118	14.062289	22.79696	97.657095	30.647961	28.68479	70.052989	25.07514	15.671584	59.340891	-0.501817
11.601014	61.867259	1.228797	19.283081	53.559397	4.276782	11.97235	70.37456	11.208726	24.319093	60.111119	10.95108	30.34004	60.452316	14.051938	22.939739	97.539022	30.651325	28.836618	70.027452	25.075319	15.696615	59.342876	-0.506808
11.612652	61.880508	1.225046	19.285405	53.559793	4.276179	12.022547	70.456757	11.209318	24.341859	60.110442	10.954713	30.4761	60.433849	14.025807	23.020118	97.430984	30.68999	28.902738	70.014338	25.114531	15.739433	59.344325	-0.514823
11.617939	61.899242	1.222664	19.292599	53.560269	4.274365	12.068036	70.463289	11.227798	24.362813	60.112498	10.958903	30.494609	60.429273	14.02236	23.068421	97.326496	30.741909	28.943622	70.009253	25.160664	15.858851	59.337318	-0.544301
11.642449	61.900811	1.216175	19.297023	53.561773	4.273163	12.14891	70.463832	11.236931	24.381983	60.115586	10.970385	30.510924	60.423564	14.019409	23.105843	97.279893	30.814482	28.974602	69.995219	25.195523	15.883993	59.33808	-0.547691
11.667313	61.900965	1.209669	19.30444	53.561537	4.271345	12.183342	70.46263	11.339097	24.391215	60.116902	10.980621	30.519956	60.417235	14.017941	23.152764	97.26905	30.925659	29.001078	69.981981	25.24927	15.899158	59.339772	-0.550046
11.363144	61.529265	1.706865	19.309311	53.561618	4.270135	12.217679	70.458422	11.442898	24.406659	60.129102	11.064644	30.527144	60.408384	14.016973	23.20199	97.246711	31.054274	29.029019	69.978881	25.337571	15.909167	59.342235	-0.547865
11.792252	61.419111	1.389898	19.306764	53.561933	4.270742	12.235259	70.46137	11.467494	24.415293	60.126392	11.069801	30.538101	60.394412	14.015524	23.26425	97.202082	31.1736	29.06881	69.935596	25.406137	15.924082	59.346585	-0.550207
11.902738	61.42272	1.360888	19.304217	53.562249	4.271349	12.257879	70.459343	11.489372	24.418762	60.120933	11.076008	30.551332	60.371407	14.014099	23.389026	97.155188	31.284387	29.109018	69.926487	25.529202	15.944181	59.348425	-0.553878
11.924213	61.586677	1.358691	19.306988	53.561222	4.270738	12.269548	70.457688	11.511839	24.426853	60.114912	11.077771	30.579303	60.348947	14.009713	23.439567	97.090146	31.440652	29.172335	69.906285	25.648809	15.96233	59.349138	-0.555306
11.928615	61.588969	1.357419	19.306988	53.561222	4.270738	12.289897	70.44708	11.537458	24.432507	60.107883	11.081748	30.593153	60.333328	14.007781	23.506916	97.026872	31.600978	29.939888	69.755859	25.637292	15.990678	59.348004	-0.560987
11.943599	61.588769	1.353523	19.301893	53.561853	4.271952	12.322041	70.440998	11.641908	24.574129	60.06634	11.060325	30.608226	60.312847	14.005865	23.597699	96.896359	31.756213	29.957631	69.764561	25.763319	16.039296	59.345536	-0.568742
11.96114	61.5883	1.348975	19.30444	53.561537	4.271345	12.365465	70.429973	11.753844	24.629306	60.035065	11.056989	30.64812	60.282411	13.999537	23.749122	96.743678	31.910286	29.973743	69.766434	25.880426	16.132073	59.333275	-0.592601
11.983973	61.586586	1.343116	19.309087	53.562329	4.270139	12.406631	70.428909	11.831529	24.8719	59.997571	11.018612	30.756806	60.254514	13.979368	23.814705	96.580022	32.079278	29.957089	69.936936	25.982154	16.155723	59.332005	-0.595366
12.034151	61.575106	1.330657	19.313735	53.563121	4.268932	12.851653	70.386034	11.798136	24.897288	59.958578	11.020722	30.768634	60.237068	13.977946	23.903683	96.412727	32.261629	29.880915	69.935092	26.124675	16.172652	59.335536	-0.599955
12.087504	61.513429	1.40086	19.320705	53.564309	4.267123	12.880461	70.405826	11.839635	24.833637	59.873213	11.018921	30.738178	59.69778	13.971476	24.087776	96.252862	32.455328	29.935324	69.90507	26.253458	16.194468	59.342094	-0.601032
12.1129	61.516739	1.397535	19.395084	53.408624	4.898661	12.906358	70.417534	11.878865	24.82971	59.764506	11.00824	30.797665	59.849421	14.196586	24.270295	96.11048	32.708976	29.99966	69.867642	26.3825	16.24307	59.355151	-0.607714
12.133184	61.520589	1.395513	19.40414	53.410914	4.896279	12.932812	70.419271	11.998273	24.82347	59.654828	11.00148	30.808854	59.83474	14.195157	24.384472	95.926897	32.944212	30.098571	69.816647	26.521422	16.35724	59.357864	-0.634784
12.15287	61.525841	1.391933	19.4111	53.412098	4.894489	12.97897	70.41036	12.108506	24.815211	59.530947	10.991268	30.848709	59.481203	14.641161	24.487858	95.758708	33.23321	30.072505	69.824709	26.677316	16.382609	59.357711	-0.64139
12.167261	61.529691	1.388073	19.420381	53.413676	4.892102	13.012094	70.40515	12.151517	24.778	59.336519	10.823837	30.867034	59.45834	14.638788	24.607662	95.598453	33.524305	30.093283	69.823124	26.830165	16.394639	59.360889	-0.647881
12.181711	61.534043	1.382626	19.423443	53.419447	4.890938	13.082032	70.396491	12.173501	24.836011	59.835482	10.824989	30.874834	59.447388	14.637845	24.82088	95.45533	33.777547	30.112269	69.820001	26.970595	16.434646	59.229863	-0.648886
12.190636	61.542497	1.381675	19.476902	53.412788	4.87832	13.132482	70.409516	12.278024	24.845654	59.836515	10.822856	30.893438	59.611961	14.639283	25.046137	95.332794	34.060672	30.038472	69.803815	27.109053	16.43488	59.229876	-0.647286
12.190643	61.556711	1.382735	19.644631	53.385058	4.839219	13.179684	70.425066	12.364824	24.854935	59.838947	10.820722	30.891973	59.608053	14.639785	25.220901	95.209415	34.359297	30.143428	69.794348	27.210414	16.435958	59.233634	-0.642492
12.009634	61.639403	1.427237	19.867644	53.344972	4.78746	13.22007	70.445144	12.408019	24.861127	59.84374	10.819122	30.885244	59.605361	14.641258	25.403167	95.145103	34.720883	30.109588	69.671797	27.271814	16.437036	59.237392	-0.637699
12.27842	61.432578	1.366924	20.106632	53.300843	4.732078	13.271347	70.473067	12.43725	24.872231	59.848701	10.816455	30.881237	59.601714	14.642247	25.488928	94.980639	34.801731	30.078672	69.519758	27.334287	16.437989	59.23991	-0.632903
12.309312	61.807847	1.906552	20.429101	53.232638	4.657974	13.312885	70.515155	12.45845	24.875332	59.855856	10.815388	30.876691	59.600152	14.643229	25.629415	94.816386	35.083514	30.113468	69.365786	27.376035	16.43977	59.243706	-0.623309
12.309598	61.816765	1.905991	20.607763	53.201492	4.616441	13.369638	70.625852	12.46863	24.872978	59.864941	10.815389	30.871247	59.602064	14.644198	25.853189	94.667184	35.470371	30.157642	69.223325	27.425161	16.440972	59.248704	-0.618517
12.32502	61.838463	1.955433	20.502255	53.248824	4.638891	13.436019	70.718352	12.54951	24.827352	59.897578	10.823396	30.830907	59.265183	14.642335	26.102786	94.534215	35.900347	30.273941	69.080548	27.485846	16.442614	59.248794	-0.607315
12.329484	61.805866	1.982649	20.392718	53.285717	4.663083	13.491527	70.752071	12.56968	24.837549	59.906033	10.820734	30.824363	59.271274	14.643294	26.317004	94.362842	36.297053	30.305182	68.921317	27.527923	16.456349	59.232281	-0.501652
12.332784	61.818676	1.991523	20.396073	53.298291	4.661364	12.279017	71.167633	12.859245	24.577905	59.994253	10.871734	30.816357	59.282928	14.644239	26.510669	94.241973	36.75771	30.329534	68.786349	27.584899	16.819406	60.687847	-1.159683
12.328406	61.839806	2.000759	20.551349	53.657407	5.729287	12.169695	71.284988	13.011834	24.488957	60.036902	10.888534	30.846445	59.482946	14.872968	26.863281	94.390159	37.921853	31.028971	67.691947	27.270363	16.804852	60.746106	-1.159094
12.280342	61.890186	2.023048	20.530281	53.67776	5.732915	12.241605	71.443424	13.121671	24.526017	60.074968	11.328484	30.835023	59.517262	14.873358	27.078189	94.494563	38.712709	31.065626	68.212007	27.277217	16.804852	60.746106	-1.159094
12.277707	61.906683	2.030634	20.557481	53.684651	5.72588	12.290253	71.623301	13.239716	24.557709	60.260327	11.325185	30.905023	59.917189	15.329252	27.364787	94.655487	39.458959	30.853616	68.65913	27.589654	16.804852	60.746106	-1.159094
12.287712	61.924763	2.041918	20.647644	54.189876	5.938049	12.80423	71.572645	13.202483	24.567786	60.485939	11.549452	30.871764	59.988854	15.331918	27.555883	94.836612	40.298333	30.876253	68.946068	28.006185	16.804852	60.746106	-1.159094
12.342902	62.341414	2.117702	20.803196	54.544136	6.789674	12.814543	71.827666	13.339327	24.666537	61.08344	12.438133	30.958589	60.44587	16.245941	27.760522	95.064242	41.251591	30.987819	69.214007	28.419726	16.804852	60.746106	-1.159094
12.327896	62.393671	2.161029	20.779989	54.563979	6.793765	12.606019	72.057842	13.492108	25.506251	61.249601	12.493434	30.933611	60.779598	16.711203	28.069869	95.336075	42.362818	31.051314	69.570196	28.863728	16.38345	60.790536	-1.049615
12.275892	62.412812	2.165436	20.76788	54.607366	7.013947	12.281042	72.432734	13.511301	25.621893	61.714173	12.924366	30.872931	61.511407	17.422383	28.296887	95.658479	43.625267	31.236521	70.408455	30.088899	16.413293	61.111192	-1.050137
12.300731	62.422762	2.164379	20.762516	54.657119	7.01175	11.930118	72.863087	13.46577	25.695331	62.444158	14.044634	30.88945	62.657849	19.056302	28.453152	96.336737	44.668618	31.329446	71.248586	31.070595	15.752611	61.293492	-0.884835
12.243752	62.489546	2.192926	20.919677	55.06058	8.082775	11.516657	73.385786	13.436358	25.669188	63.750311	15.196418	30.824076	63.67295	20.46897	28.701911	97.016051	46.349	31.333463	72.036432	31.740019	15.752611	61.293492	-0.884835
12.081327	62.29033	1.963739	18.586765	56.483119	9.246463	11.17637	73.971693	13.424781	25.637198	64.931898	16.800249	30.772972	65.11445	21.887026	28.977981	98.791566	48.729592	31.354548	73.491428	33.173544	15.752611	61.293492	-0.884835
12.239676	62.274744	1.923712	18.671724	56.970948	9.460738	11.094012	74.566677	14.598005	25.613486	66.353585	18.407119	29.819286	66.430118	23.916191	29.228326	100.139637	51.382737	31.395298	75.737676	35.334355	15.752611	61.293492	-0.884835
12.560822	62.112151	2.899091	18.932793	57.581167	10.051861	11.87512	75.038857	14.444335	25.688	68.183989	20.462938	29.757045	68.867148	26.756746	29.352046	101.700498	54.012767	31.36239	77.831772	37.633039	15.706728	61.667866	-1.296654
12.920593	62.077056	2.809552	19.05276	57.85078	10.243005	12.210915	75.767064	15.888735	25.758926	70.133371	22.982426	29.648084	71.438352	29.374165	29.618364	104.471858	57.48619	31.318929	79.612664	40.632776	15.28941	64.327363	-1.183076
13.364827	62.409834	3.55633	19.912971	58.396647	11.622306	12.630969	76.853107	17.328187	25.902517	72.850133	26.205463	29.541854	74.08243	32.468678	29.695468	106.806379	61.426876	31.307231	82.304228	44.026111	14.753888	66.219567	-1.685054
13.610483	62.740261	4.136951	20.022463	59.811485	12.485765	13.197364	78.638411	19.192312	25.811261	75.167396	29.700268	29.34919	76.785991	35.347672	29.643522	108.979414	64.90229	31.162506	85.416379	46.967454	14.061562	67.794616	-1.925399
13.531959	63.179538	4.792668	20.115421	61.122013	13.139368	13.765986	80.546974	21.941185	25.568605	77.841958	32.307047	29.256461	79.932417	39.41677	29.586516	112.139952	69.628432	30.931101	88.430949	50.406839	14.103708	67.956834	-1.72129
13.580017	64.059372	5.21151	20.892011	62.431854	15.212759	14.449978	81.593918	24.908033	25.802162	81.266134	37.443277	28.968971	82.774304	43.041799	29.429253	115.08776	74.193469	30.858476	91.715955	55.314366	12.292196	69.783267	-1.881085
14.52717	65.074666	6.924865	20.516146	64.8718	17.087991	15.304604	84.358968	28.788807	25.788119	84.172988	40.99211	28.748361	86.562716	47.644408	28.906096	118.64535	78.673363	30.687332	95.583953	59.770686	11.427627	70.965329	-0.385509
15.270185	66.227639	8.390367	19.897142	67.54429	18.328628	16.628075	86.881459	32.87687	26.085642	87.513165	46.904876	28.571776	90.050067	52.985033	29.232234	122.555154	85.268929	30.568456	99.352507	64.987031	11.113129	71.247253	-0.936295
13.996352	69.738017	10.731293	18.570806	71.938191	21.040064	17.843427	89.517101	37.729231	26.089294	90.688224	51.69833	30.117417	93.963138	58.055223	29.197235	125.680895	90.14249	30.333066	102.780168	69.491867	10.697055	73.653017	-0.822367
12.750435	73.493819	14.256451	17.637945	76.482355	24.354057	18.608838	91.85197	42.638196	26.216122	93.933243	57.480313	29.586218	98.026098	63.262379	28.529601	129.841081	95.196469	30.129892	106.766969	74.26874	8.900116	77.512528	-1.1754
13.328596	77.109581	18.058864	16.90008	81.250189	28.753068	18.331504	95.781017	47.831965	25.162525	98.002225	62.385589	29.494979	100.865832	68.229628	28.848777	134.141874	99.373803	30.885654	110.554825	79.836942	7.552812	81.295848	-1.230793
13.633067	81.694454	22.626325	17.314523	84.78225	32.993414	19.113073	99.44465	52.921915	24.985606	101.533978	66.790692	29.415534	104.412651	72.735484	28.830374	137.974547	103.942835	30.547717	114.714678	85.169392	NaN	NaN	NaN
15.142574	84.348834	26.368396	18.207174	88.760239	37.224725	19.034053	103.650523	56.712621	24.730193	105.466313	71.463368	29.373649	108.35113	77.517297	28.485869	141.453925	108.803947	30.244867	117.580888	89.774163	NaN	NaN	NaN
17.451777	88.099448	30.974021	19.751676	92.129218	41.440552	18.201393	107.943376	60.868066	25.103242	108.97738	75.922598	29.038114	112.628832	82.809343	28.664761	145.569748	113.802403	30.245025	121.184141	94.162939	NaN	NaN	NaN
19.500583	90.781059	35.494103	21.464439	95.256014	46.183885	18.023137	112.014385	65.172601	25.107301	112.930621	80.164236	29.018489	116.362144	86.651947	27.550169	149.173434	118.493822	30.280282	124.95266	98.606187	NaN	NaN	NaN
21.144305	94.476662	40.400196	22.211857	99.675473	50.389193	17.631123	115.838216	69.5633	24.067727	116.722501	84.313054	29.487134	119.748351	91.293369	27.870218	152.961666	123.665734	30.056984	128.783997	102.965662	NaN	NaN	NaN
22.726675	98.036775	45.173179	23.154521	102.684282	54.867242	17.45773	119.616834	73.974884	24.76697	120.425297	88.176248	29.607658	123.285131	95.176419	27.966215	156.068332	128.871065	29.80353	132.660979	107.243442	NaN	NaN	NaN
23.588028	101.602478	49.146847	24.483379	106.709966	59.628104	17.296384	123.063775	77.854649	24.582281	124.40471	92.182423	29.131014	127.603108	99.041342	27.724466	161.821577	131.389829	29.948788	136.568923	111.3872	NaN	NaN	NaN
24.067531	105.137614	53.665617	24.654784	110.211696	64.740005	16.620174	126.690365	82.17794	24.934699	128.065032	96.325547	29.805171	131.188952	102.764323	26.202788	165.535193	135.261066	30.024672	140.491043	115.470336	NaN	NaN	NaN
24.727004	109.286154	58.451608	24.704576	114.49136	68.183265	16.27298	130.495534	86.48903	24.831319	131.74911	99.420157	29.969939	134.58292	105.431297	27.369616	168.791046	140.419103	29.954846	144.59244	119.462222	NaN	NaN	NaN
24.78088	113.505452	63.24149	24.665456	118.026854	72.132107	14.743889	134.707122	90.597642	24.974748	136.269865	103.024	29.826434	138.551501	109.609475	27.052219	172.263385	143.683508	30.240968	148.653093	123.523911	NaN	NaN	NaN
24.638418	116.761929	66.513201	24.326067	122.220063	77.077581	13.687912	137.788034	94.418305	25.116674	139.382444	105.927431	29.67868	142.565241	112.545571	26.709703	175.844335	146.860883	28.846227	152.248909	126.496872	NaN	NaN	NaN
23.660129	120.278897	69.728075	24.176978	126.04723	80.803432	12.680983	141.651427	98.258956	24.579377	143.598755	109.207669	29.720372	146.11806	115.254433	25.950931	179.660328	149.888099	28.889277	154.67805	127.861273	NaN	NaN	NaN
23.07846	124.852833	74.64072	24.636647	130.358788	85.585861	12.17775	145.373462	102.077207	24.391009	147.21983	112.067969	29.289041	149.628397	118.340227	25.329792	183.281911	153.277769	29.175728	157.904322	129.789816	NaN	NaN	NaN
21.886127	128.860334	79.773367	24.218295	133.839916	90.083595	11.600916	149.534742	106.253725	24.085624	151.141597	113.368345	29.665214	153.552753	120.357139	24.158001	186.925375	155.424673	28.888298	161.20291	131.550096	NaN	NaN	NaN
21.12737	132.852863	83.693487	24.389184	138.464662	94.175892	10.891538	153.575151	109.590954	23.972643	155.571	116.738017	28.955735	157.387669	122.378418	24.415041	189.812877	158.99751	29.01077	164.979921	134.140586	NaN	NaN	NaN
20.111988	136.758947	88.103009	23.357833	141.547586	97.910024	10.01677	157.452219	112.670653	24.38298	159.386257	119.476525	29.231352	160.514867	125.416048	NaN	NaN	NaN	29.031217	168.898126	136.59447	NaN	NaN	NaN
18.362945	140.074666	91.464656	23.080363	145.787339	101.681602	9.201342	161.500107	115.827004	24.211566	163.289492	121.044509	28.608674	164.623705	126.669601	NaN	NaN	NaN	28.372426	172.592131	138.923944	NaN	NaN	NaN
17.900172	143.948821	95.643907	23.289322	149.159221	105.082073	9.196653	165.372073	118.77309	24.219041	167.201321	122.687532	28.459714	168.033279	128.82685	NaN	NaN	NaN	28.454051	176.724297	141.476839	NaN	NaN	NaN
16.815642	148.013455	99.530964	22.88166	153.594207	108.640384	7.608892	169.0684	121.392498	23.306112	171.02101	124.131911	28.151718	172.3916	129.918553	NaN	NaN	NaN	28.487049	179.876602	142.625883	NaN	NaN	NaN
16.243731	151.276418	103.712758	22.390527	157.717208	111.922701	7.484347	173.027311	123.947045	22.522438	174.799017	125.579063	28.012313	176.534585	131.503631	NaN	NaN	NaN	27.685955	183.315585	143.922278	NaN	NaN	NaN
15.212519	155.762334	106.572205	21.939987	161.181908	113.196111	6.979036	176.804336	126.47608	NaN	NaN	NaN	28.001187	179.183448	132.037403	NaN	NaN	NaN	27.900282	185.509427	144.423071	NaN	NaN	NaN
14.56371	159.723622	110.264041	22.169475	165.355373	116.873535	7.577553	180.402374	128.834416	NaN	NaN	NaN	NaN	NaN	NaN	NaN	NaN	NaN	27.677424	186.601069	142.559779	NaN	NaN	NaN
14.365101	164.059627	112.523689	22.271715	169.116234	118.73373	7.86346	183.897528	130.20998	NaN	NaN	NaN	NaN	NaN	NaN	NaN	NaN	NaN	27.611922	188.215026	142.53074	NaN	NaN	NaN
13.907252	169.037496	114.748954	21.632133	172.735463	118.701113	9.567138	188.185421	131.669994	NaN	NaN	NaN	NaN	NaN	NaN	NaN	NaN	NaN	NaN	NaN	NaN	NaN	NaN	NaN
12.129112	173.462425	115.285479	21.717831	177.122703	117.061185	NaN	NaN	NaN	NaN	NaN	NaN	NaN	NaN	NaN	NaN	NaN	NaN	NaN	NaN	NaN	NaN	NaN	NaN
11.347155	179.154824	115.962321	21.072741	181.618282	112.39435	NaN	NaN	NaN	NaN	NaN	NaN	NaN	NaN	NaN	NaN	NaN	NaN	NaN	NaN	NaN	NaN	NaN	NaN