12.635639	58.416762	2.867441	19.867409	51.629008	7.482663	16.148449	70.688654	10.676037	26.936411	59.778319	10.927958	33.460983	59.830321	14.712689	34.141538	98.632592	31.031161	33.770064	70.784659	23.368302	18.853862	55.810581	-1.17127
12.67181	58.442878	2.856559	19.771385	51.654107	7.543487	16.058986	70.708449	10.651704	26.974069	59.962676	11.162461	33.482163	59.888893	14.773477	34.140884	98.623991	31.085681	33.989221	70.991899	24.082378	18.786369	55.784686	-1.132396
12.674361	58.442588	2.855924	19.770771	51.65802	7.540211	16.059315	70.70973	10.653341	26.787291	59.598229	10.003607	33.486574	59.891061	14.768991	33.945494	98.796106	31.118751	33.99191	71.043393	24.061411	18.789023	55.789349	-1.136296
12.676713	58.443007	2.855296	19.779023	51.663487	7.541798	16.065079	70.711896	10.655514	26.788955	59.5722	10.0209	33.493869	59.896264	14.762294	33.74369	98.911194	31.149101	34.012541	71.157508	24.130188	18.788655	55.788091	-1.137908
12.681815	58.442428	2.854025	19.7879	51.670224	7.546678	16.067399	70.713082	10.654968	26.793504	59.5617	10.009003	33.498268	59.903113	14.756075	33.743534	98.915322	31.149117	34.00868	71.148968	24.106697	18.795114	55.788053	-1.143097
12.68652	58.443266	2.852769	19.800416	51.683101	7.557585	16.070577	70.717396	10.6577	26.808649	59.590689	10.04673	33.502654	59.914644	14.748122	33.65219	98.927646	31.159581	34.007013	71.152177	24.095913	18.802765	55.792737	-1.12665
12.68907	58.442976	2.852134	19.816502	51.696743	7.569567	16.078331	70.719468	10.657689	26.815853	59.600583	10.045157	33.514269	59.926077	14.736956	33.644706	98.935824	31.16065	34.008357	71.159309	24.086577	18.811051	55.790914	-1.140589
12.696524	58.442816	2.850235	19.832175	51.711285	7.584844	16.086698	70.720894	10.660943	26.828415	59.612544	10.042523	33.524462	59.942555	14.733364	33.634475	98.945993	31.160244	34.009569	71.169155	24.077251	18.821293	55.79487	-1.143227
12.701626	58.442237	2.848964	19.853784	51.773147	7.615663	16.091652	70.723141	10.659851	26.838582	59.621491	10.042116	33.53901	59.983372	14.749375	33.624223	98.954115	31.159819	34.010623	71.176287	24.067895	18.833308	55.79249	-1.143266
12.703978	58.442656	2.848336	19.881826	51.784734	7.714857	16.094863	70.725505	10.662575	26.851507	59.632054	10.039481	33.552999	60.025468	14.760105	33.619158	98.965046	31.160567	34.017064	71.184448	24.059562	18.846458	55.796676	-1.146576
12.708882	58.442786	2.847073	19.897901	51.636024	7.935797	16.097514	70.727972	10.663667	26.847376	59.64921	10.040067	33.558896	60.038974	14.755161	33.613969	98.976681	31.161307	34.01841	71.190962	24.053786	18.865053	55.790644	-1.158303
12.711234	58.443205	2.846444	19.915184	51.635152	7.93181	16.097728	70.729945	10.665308	26.80829	59.722741	10.052933	33.552734	60.05911	14.75211	33.613875	98.986947	31.161379	34.022529	71.197327	24.049413	18.873103	55.796163	-1.158668
12.713785	58.442915	2.845809	19.919952	51.691695	7.937129	16.09733	70.732564	10.663684	26.808574	59.730636	10.052969	33.551663	60.065211	14.748591	33.614059	98.993843	31.163253	34.021605	71.202016	24.045818	18.875179	55.794079	-1.159316
12.711234	58.443205	2.846444	19.950223	51.779724	7.996096	16.094795	70.734168	10.665874	26.808263	59.732752	10.054675	33.55104	60.068609	14.74683	33.614132	98.994515	31.163266	34.018834	71.205588	24.04622	18.869642	55.801283	-1.157969
12.710838	58.444623	2.846458	19.965038	51.846729	8.023773	16.08666	70.736121	10.665898	26.808934	59.734669	10.056392	33.543233	60.070072	14.748273	33.616728	98.995189	31.162949	34.016089	71.207124	24.04661	18.871878	55.806342	-1.156989
12.710838	58.444623	2.846458	19.959405	51.845583	8.024904	16.080828	70.737854	10.663739	26.804223	59.736383	10.055775	33.530832	60.067314	14.752428	33.616863	98.989017	31.162914	34.008616	71.204948	24.047786	18.860847	55.80152	-1.151082
12.703186	58.445493	2.848364	19.944333	51.850232	8.031622	16.074765	70.74097	10.661586	26.794517	59.73463	10.056216	33.515848	60.059415	14.757035	33.617379	98.976724	31.16467	34.002095	71.199471	24.05435	18.844937	55.821097	-1.156801
12.700636	58.445782	2.848999	19.904574	51.788974	8.000848	16.063384	70.742509	10.658894	26.785096	59.728181	10.056642	33.502287	60.044027	14.765165	33.620181	98.958914	31.164227	33.99098	71.190991	24.063495	18.830718	55.812518	-1.145351
12.690235	58.447651	2.851547	19.861843	51.700752	7.924417	16.051788	70.742076	10.654564	26.776399	59.716218	10.055353	33.489288	60.019037	14.769749	33.625428	98.941896	31.165247	33.980024	71.177762	24.072617	18.814989	55.819282	-1.147851
12.682583	58.44852	2.853452	19.860834	51.668867	7.849608	16.040244	70.741099	10.651864	26.776592	59.693268	10.052429	33.473655	59.985448	14.771251	33.630651	98.924291	31.168056	33.966588	71.164065	24.083915	18.799903	55.818427	-1.143895
12.672579	58.44897	2.855986	19.824898	51.625875	7.732761	16.026443	70.738788	10.648077	26.784494	59.660576	10.046729	33.440036	59.910108	14.729143	33.630336	98.875068	31.170603	33.948032	71.150758	24.09778	18.779326	55.811751	-1.140235
12.662574	58.44942	2.85852	19.778064	51.51425	7.585576	16.012128	70.739788	10.642672	26.765163	59.65321	10.051003	33.39213	59.852139	14.650291	33.633694	98.851979	31.17557	33.92491	71.139878	24.114263	18.773053	55.80518	-1.136686
12.652372	58.450579	2.861061	19.731439	51.402902	7.445067	15.998095	70.738861	10.638892	26.732492	59.648555	10.056259	33.339455	59.776003	14.608043	33.634245	98.823281	31.177197	33.914994	71.192603	24.201573	18.753426	55.811677	-1.134658
12.637069	58.452318	2.864872	19.760758	51.631205	7.507687	15.981395	70.738825	10.635668	26.662582	59.654498	10.067343	33.218422	59.770311	14.639953	33.64189	98.739571	31.177948	33.880609	71.170529	24.227158	18.7307	55.806981	-1.120617
12.613916	58.455635	2.870595	19.76747	51.733763	7.546617	15.960999	70.741536	10.626477	26.544006	59.670906	10.090354	33.19119	59.745667	14.656243	33.644821	98.718508	31.181087	33.796797	71.152993	24.266625	18.692501	55.810817	-1.110702
12.580165	58.46153	2.878873	19.766705	51.871706	7.541239	15.912068	70.739941	10.63204	26.517392	59.662943	10.096239	33.17203	59.700565	14.669804	33.650703	98.68995	31.18568	33.778039	71.142057	24.289953	18.616406	55.82366	-1.099557
12.527571	58.472998	2.891632	19.710081	51.630267	7.519727	15.806762	70.738305	10.641566	26.478443	59.660068	10.101434	33.119965	59.672991	14.686837	33.655822	98.628473	31.189307	33.751659	71.133078	24.318027	18.543352	55.834883	-1.074502
12.464382	58.487044	2.906945	19.668096	51.532673	7.552723	15.7835	70.741343	10.63294	26.380833	59.672115	10.116752	32.962602	59.609489	14.684305	33.658612	98.542762	31.192521	33.71533	71.13273	24.364329	18.505829	55.836879	-1.081393
12.43868	58.49065	2.913303	19.624215	51.539182	7.572923	15.751165	70.759369	10.540674	26.272672	59.681196	10.130807	32.914897	59.586526	14.713208	33.660057	98.520532	31.203287	33.078508	71.197541	24.534882	18.45345	55.83918	-1.06269
12.432217	58.487265	2.915167	19.497748	51.609987	7.629812	15.74482	70.751417	10.54719	26.259257	59.627876	10.136656	32.884208	59.567672	14.729966	33.656594	98.506573	31.216593	33.081146	71.197876	24.554607	18.367425	55.840035	-1.041864
12.436946	58.479175	2.914456	19.514178	51.767689	7.64684	15.752803	70.738094	10.552556	26.275172	59.579825	10.142863	32.911488	59.569422	14.717644	33.650655	98.511152	31.232182	33.041707	71.208857	24.549411	18.352392	55.835573	-1.034097
12.454402	58.478565	2.910023	19.54512	51.891312	7.650406	15.771175	70.737422	10.563914	26.286476	59.597516	10.145326	32.953016	59.583744	14.697203	33.643042	98.520653	31.253627	33.075239	71.206334	24.513024	18.430117	55.827547	-1.052352
12.479708	58.476376	2.903679	19.522451	51.661336	7.561699	15.796687	70.739468	10.572	26.31487	59.622435	10.135569	33.002322	59.596693	14.678817	33.639499	98.531139	31.285707	33.128639	71.18459	24.441997	18.514232	55.821445	-1.075786
12.538961	58.467584	2.88905	19.541324	51.662981	7.557117	15.833499	70.74348	10.586045	26.369852	59.639968	10.131194	33.085873	59.6016	14.661177	33.639101	98.541877	31.302538	33.265115	71.177785	24.400664	18.541816	55.8217	-1.079798
12.616466	58.455345	2.86996	19.560197	51.664627	7.552535	15.883853	70.749387	10.605503	26.531159	59.639813	10.100274	33.20888	59.601214	14.639833	33.651119	98.55119	31.31589	33.311645	71.176327	24.387762	18.575027	55.823852	-1.083525
12.645687	58.456832	2.862386	19.607776	51.730438	7.636374	16.020962	70.747906	10.674798	26.651848	59.685775	10.088896	33.349755	59.595055	14.618601	33.665884	98.55851	31.330722	33.370998	71.170421	24.393005	18.614348	55.82957	-1.087556
12.6704	58.456771	2.856062	19.678696	51.818584	7.773831	16.060511	70.748411	10.789045	26.73012	59.705677	10.097874	33.387865	59.577314	14.623574	33.681355	98.554964	31.349141	33.502879	71.183077	24.459193	18.708667	55.830112	-1.111999
12.690211	58.45658	2.851001	19.84197	51.849139	7.88412	16.039568	70.932967	10.471776	26.742974	59.742705	10.132777	33.397495	59.553906	14.670058	33.686017	98.540665	31.400501	33.277422	71.455097	24.447633	18.652952	55.87048	-1.099144
12.715519	58.454391	2.844656	19.859693	51.878797	8.023639	16.032246	70.608742	10.466787	26.742729	59.799572	10.237928	33.396726	59.546586	14.811513	33.689402	98.531972	31.524341	33.160541	70.942403	24.453791	18.552834	55.90316	-1.057672
12.713712	58.469703	2.844175	19.86378	51.881603	8.152198	16.02192	70.61023	10.469002	26.687162	59.814169	10.320059	33.374937	59.521733	14.980669	33.68504	98.489562	31.665682	33.102899	70.927107	24.463265	18.53067	55.909647	-1.048503
12.692663	58.492007	2.848193	19.839917	51.879048	8.176547	16.02017	70.540665	10.536354	26.593895	59.816117	10.404443	33.299246	59.465276	15.160222	33.647051	98.378147	31.777008	33.037077	70.529609	24.466884	18.492218	55.906547	-1.036974
12.691276	58.496971	2.848244	19.795369	51.864939	8.196582	16.025119	70.520239	10.670155	26.584538	59.770665	10.452902	33.263342	59.365269	15.285101	33.508069	98.21696	31.953034	32.989828	70.497537	24.475217	18.439289	55.913042	-1.038274
12.680876	58.498839	2.850792	19.617513	51.833053	8.238782	16.025464	70.496435	10.80016	26.579517	59.697037	10.483177	33.23387	59.188212	15.318572	33.369557	98.043458	32.149246	32.960349	70.448743	24.481255	18.363784	55.921582	-0.999511
12.677532	58.501966	2.851456	19.422884	51.860342	8.289586	16.000248	70.461438	10.922544	26.570001	59.595684	10.505927	33.174729	59.01465	15.344365	33.324819	97.849221	32.351896	32.921856	70.393907	24.488914	18.296235	55.929418	-0.978475
12.674387	58.504383	2.852113	19.391272	51.842853	8.305687	15.99552	70.451798	10.952453	26.562734	59.523881	10.558316	33.036228	58.858157	15.38263	33.288982	97.600344	32.563454	32.844922	70.344573	24.502482	18.255281	55.912794	-0.961921
12.676145	58.50693	2.851507	19.352533	51.82384	8.319621	15.989774	70.439258	10.972551	26.49088	59.472914	10.646654	32.989245	58.680756	15.404233	33.212655	97.301293	32.816172	32.682545	70.117443	24.277797	17.404556	58.052323	-0.339935
12.673198	58.508638	2.852156	19.300945	51.806652	8.339677	15.925446	70.414354	11.005725	26.376163	59.420619	10.702584	32.92606	58.520573	15.426985	33.084821	97.003729	33.067773	32.601175	69.372171	25.266156	17.421034	57.991979	-0.340506
12.677414	58.555665	2.885357	18.534991	51.916837	7.775681	15.838035	70.390539	11.04219	26.207457	59.411855	10.778865	32.801311	58.368236	15.459955	32.91392	96.797768	33.322809	32.550672	69.319122	25.275619	17.371562	58.173019	-0.338697
12.661209	58.56747	2.892393	18.534991	51.916837	7.775681	15.828622	70.387315	11.057968	26.168679	59.390991	10.860897	32.73813	58.232235	15.471178	32.734123	96.627224	33.664277	32.487643	69.280424	25.286598	17.415303	58.069842	-0.278026
12.653381	58.577503	2.897501	18.430156	51.92987	7.799456	15.805329	70.39307	11.085219	25.417719	59.503069	11.044728	32.643427	58.060002	15.338145	32.550849	96.459099	34.024787	32.320297	69.267114	25.312948	17.383583	58.198009	-0.273598
12.619559	58.541511	2.863876	18.429218	51.959846	7.854307	15.765225	70.401055	11.144585	25.168964	59.554281	11.152507	32.488354	57.97021	15.315869	32.357793	96.302366	34.432965	32.221521	69.270491	25.823308	17.385764	58.205543	-0.263965
12.587709	58.567102	2.870468	18.42089	51.953767	7.876209	15.646456	70.405509	11.317094	25.145419	59.572444	11.285969	32.435212	57.821938	15.325177	32.149337	96.13647	34.863374	32.190531	69.269569	26.12452	17.387612	58.225427	-0.265607
12.582608	58.567681	2.871738	18.407566	51.932109	7.804622	15.604003	70.398132	11.491646	25.596169	59.767333	12.163202	32.366456	57.762865	15.451442	31.9398	96.009012	35.417878	32.147995	69.264847	26.50387	17.390021	58.221844	-0.246307
12.617206	58.541091	2.864504	18.421832	51.932988	7.801188	15.430165	70.398715	11.682392	25.570742	59.397101	12.634713	31.11255	57.823826	15.781306	31.72454	95.886479	36.032186	32.009783	69.29076	26.917079	17.389311	58.199546	-0.235014
12.695559	58.508158	2.846462	18.451275	51.993107	7.878219	15.260262	70.423421	11.883365	25.51463	58.722129	13.099934	31.312136	58.260776	18.022719	31.52526	96.105708	37.121509	31.852462	69.362475	27.335843	17.343129	58.506554	-0.77463
12.692612	58.509866	2.847111	19.065183	51.924904	7.928805	15.220611	70.519055	12.066752	25.735326	59.254889	13.544278	31.363152	59.077305	18.761943	31.247925	96.271409	38.140848	31.711908	69.435489	27.684582	17.343129	58.506554	-0.77463
12.686917	58.512573	2.848404	19.22685	51.747789	9.235203	15.054893	71.035809	11.367759	25.859407	59.856643	14.481608	31.354695	59.656128	19.513869	30.957701	96.60039	39.386535	31.636328	69.577938	28.042021	17.343129	58.506554	-0.77463
12.758163	58.496239	2.831166	18.801825	52.92535	10.71806	14.835202	71.510134	11.131781	25.978898	60.508137	15.180534	31.375343	60.387495	20.233006	30.670223	97.002353	40.784999	31.825587	70.99604	29.865119	17.343129	58.506554	-0.77463
12.643424	58.562146	2.856511	18.169451	53.067679	11.07949	14.482311	72.023015	10.931663	26.019707	61.009074	15.41254	31.301164	61.288384	20.965699	30.56934	98.209859	43.530926	31.783542	72.1629	31.114071	17.519646	60.143702	-1.045639
12.815813	58.745982	3.931245	17.901487	53.431568	11.612075	14.160308	72.551954	10.852184	25.548352	62.582655	16.699037	31.124446	62.195807	21.508284	30.371745	99.326221	45.67693	32.615278	73.230058	32.257832	17.346547	59.42194	-0.773304
12.946196	59.086774	4.130191	18.882041	53.448441	11.389744	14.023026	72.835502	12.501785	25.967382	64.577296	17.835465	31.171003	63.904842	23.231819	30.13227	100.560627	47.898647	32.144128	74.672803	33.640301	16.227677	59.660672	-0.491524
13.130755	59.071667	4.084838	18.645665	54.115491	11.660806	13.617275	73.172461	12.586207	26.22268	66.252355	19.947016	31.74014	66.926997	26.131107	29.573318	102.886221	50.740691	32.442974	76.867771	35.835738	15.99881	60.990644	-0.650538
13.376552	59.058642	4.024012	18.736828	54.355778	11.904116	13.657665	74.80659	13.27345	26.229899	68.614213	21.889607	32.043041	69.481667	28.094416	30.010464	105.09211	53.833965	32.049174	78.811372	37.669977	15.767066	62.091397	-0.809419
12.95065	59.621277	5.020225	18.988265	54.93138	12.148681	13.723819	75.555488	14.399575	26.206125	71.038621	23.840905	31.269714	72.597633	30.217084	29.334794	107.429009	56.409735	32.077959	81.151585	39.585544	15.427545	63.138813	-1.39814
13.04863	59.892615	5.218151	19.351289	55.723928	12.921343	14.151306	77.369397	16.37831	25.413951	73.848226	26.39905	31.678413	75.295387	33.171269	29.129625	110.294276	60.262683	32.102825	84.853616	42.750262	15.509303	62.977337	-0.750312
13.513899	60.45695	6.684791	19.72975	57.134563	13.792139	14.749112	78.957496	18.336695	26.141907	77.162056	29.485918	31.253099	79.184661	36.498505	27.971767	113.183807	63.917466	31.722413	88.613801	46.266137	15.236054	64.027935	-0.907164
13.719129	61.260478	7.095233	20.136155	57.826583	14.875313	15.950162	81.410092	20.671291	25.801993	80.344563	33.447085	30.873535	83.076715	40.079852	27.93685	116.807329	68.329329	30.738556	92.376034	50.021273	15.072349	64.037003	-0.852597
13.985956	61.612666	7.927864	20.39854	59.775179	15.29451	16.272227	84.37201	24.121591	25.554901	84.094423	37.674264	29.798559	87.088571	44.740091	27.381346	121.35097	73.797371	30.217987	96.280554	53.914807	13.853569	66.358013	-1.208668
14.62364	62.814311	9.151827	20.356183	62.301559	16.709855	17.412812	86.424435	28.642815	25.262696	88.054313	41.674115	29.648077	90.968065	48.318378	25.988389	126.076899	77.7021	29.530335	100.215804	58.031286	13.313552	67.401792	-1.94928
15.776919	65.276492	10.75019	19.9828	65.100392	18.439304	17.882895	89.842022	33.095736	24.563808	92.021255	47.208541	29.261156	95.3709	53.199616	25.649653	130.680629	82.437314	28.629135	105.604091	64.057246	13.077567	69.353726	-1.888422
15.026852	68.935043	12.98188	19.085774	69.435685	20.024148	18.39219	92.47018	37.821242	24.099898	95.911367	52.743645	28.453529	99.381901	59.388401	24.3579	136.390005	85.270962	28.081892	110.774124	69.619539	12.188655	70.902148	-1.654295
14.698633	74.133884	16.504715	18.470363	74.195166	22.97599	18.509068	96.057035	42.881918	23.772205	99.913844	57.795137	28.303459	104.110071	64.558654	23.906584	141.085634	90.284266	28.326882	115.903511	75.263604	10.699268	75.14196	-1.032945
15.01954	78.660335	21.524861	18.25154	78.722703	26.090213	18.386189	100.479098	48.003349	23.235278	103.980303	61.369994	27.582824	108.697725	68.975004	23.088956	146.049735	94.252598	27.182184	118.541088	78.953426	11.163587	81.097792	-1.142739
17.213494	83.242969	25.809782	18.698726	84.143456	30.088354	17.838553	104.342747	51.952488	23.152201	108.849393	66.959933	26.887638	112.787232	73.683565	22.307606	150.72567	98.242969	26.38878	123.840304	83.435327	NaN	NaN	NaN
18.808491	86.052463	29.144979	20.023429	88.294952	34.240338	17.896651	108.848705	56.395019	22.233214	113.279805	71.054486	26.48275	117.939193	78.106816	21.626772	155.55146	102.284139	25.825877	128.068601	87.814279	NaN	NaN	NaN
20.301956	90.389471	33.261097	21.286168	92.405448	38.951314	17.675377	112.887757	60.618485	21.828181	117.813023	75.177297	25.467123	122.101601	82.037068	20.689946	161.109777	106.192632	25.199834	132.795223	92.123398	NaN	NaN	NaN
21.755563	93.533258	37.204187	22.317812	96.580282	43.517073	17.207879	117.026581	64.841069	21.143184	121.816666	79.277799	25.166992	126.614734	85.734722	20.087493	166.56751	110.554286	24.915716	137.463208	96.237961	NaN	NaN	NaN
21.760296	98.265944	41.855619	22.927293	100.895943	47.206535	17.045451	122.325641	68.860531	21.17223	126.136655	83.442409	24.855987	130.971117	90.494123	19.023349	171.247756	114.509077	23.87897	141.823686	100.072578	NaN	NaN	NaN
22.268051	102.417502	46.745208	23.016439	109.453398	56.181911	16.32014	126.316932	72.62669	20.848738	130.686951	87.3328	24.254382	135.776514	94.175972	18.452455	176.666599	118.39511	23.330318	146.75273	103.876765	NaN	NaN	NaN
22.518008	106.237396	49.96803	22.806527	113.882345	59.480696	15.558864	131.571231	76.162532	20.095052	135.626401	91.453538	24.440618	139.720216	97.962135	16.73634	181.07319	121.284957	23.22086	151.270901	107.527654	NaN	NaN	NaN
22.188124	110.72032	53.744314	22.217751	117.792476	62.557328	14.649416	136.242782	79.762	19.500633	139.939955	94.81899	22.755752	145.169366	100.727121	15.233376	185.683741	124.086269	22.180533	155.727892	110.925658	NaN	NaN	NaN
20.977896	115.222202	57.341537	21.069058	122.850283	66.886429	13.4501	140.844917	83.387089	18.730491	144.897152	97.685421	23.142814	149.503245	104.010191	NaN	NaN	NaN	21.669041	160.263496	114.245108	NaN	NaN	NaN
20.392128	120.506149	61.113917	19.824838	127.597047	70.617533	12.013737	145.472371	86.645739	18.740138	149.437925	100.328218	22.583337	154.485224	107.688584	NaN	NaN	NaN	21.61491	165.016393	117.478642	NaN	NaN	NaN
18.587441	125.57689	64.819914	18.514119	132.36819	73.785187	10.522264	150.097342	90.351491	18.0098	154.02284	104.208117	21.721752	158.87092	110.561941	NaN	NaN	NaN	20.480105	169.745704	120.412217	NaN	NaN	NaN
17.226064	129.430741	67.470878	16.715392	136.683732	76.887778	10.105516	154.76013	94.002827	17.643334	157.835703	106.558101	21.573927	163.357553	113.268059	NaN	NaN	NaN	19.89706	174.231501	123.248886	NaN	NaN	NaN
15.417817	134.767892	71.004865	15.875833	141.410955	80.006795	7.900865	159.559634	97.446536	16.179312	162.798235	109.262665	20.465556	168.082412	116.869017	NaN	NaN	NaN	18.677259	178.716967	125.75571	NaN	NaN	NaN
12.902705	139.199498	73.750665	14.692749	145.799878	83.336938	6.325878	164.214197	100.799947	16.227088	167.154251	112.024097	19.953906	171.835897	118.476439	NaN	NaN	NaN	18.436664	182.830756	128.780225	NaN	NaN	NaN
11.859265	143.444957	77.210978	14.042657	150.333138	86.452761	5.284542	168.80187	104.189321	15.58361	172.295095	114.008701	19.348571	176.25175	121.0543	NaN	NaN	NaN	17.894226	187.668015	130.959672	NaN	NaN	NaN
9.56411	148.47352	80.381852	12.522556	154.921052	89.529879	3.959984	173.095232	106.040557	14.347475	176.813423	115.626903	19.37058	180.642951	122.763016	NaN	NaN	NaN	NaN	NaN	NaN	NaN	NaN	NaN
8.266044	152.620144	83.543718	10.558874	159.000631	92.214354	2.551029	178.192947	108.823933	14.407175	180.75546	117.12864	18.30014	185.027556	123.164487	NaN	NaN	NaN	NaN	NaN	NaN	NaN	NaN	NaN
5.906622	156.926974	86.851496	9.849604	163.262475	95.053798	0.992406	182.020189	110.633576	13.251942	185.852466	118.191057	18.205352	188.941015	124.339264	NaN	NaN	NaN	NaN	NaN	NaN	NaN	NaN	NaN
4.249345	161.457238	90.234554	8.87	167.384367	97.648801	NaN	NaN	NaN	NaN	NaN	NaN	NaN	NaN	NaN	NaN	NaN	NaN	NaN	NaN	NaN	NaN	NaN	NaN
2.660899	166.111847	93.486413	7.385797	171.513952	101.021644	NaN	NaN	NaN	NaN	NaN	NaN	NaN	NaN	NaN	NaN	NaN	NaN	NaN	NaN	NaN	NaN	NaN	NaN
0.983789	170.113973	96.524328	7.112964	176.066565	103.812492	NaN	NaN	NaN	NaN	NaN	NaN	NaN	NaN	NaN	NaN	NaN	NaN	NaN	NaN	NaN	NaN	NaN	NaN
0.420515	174.499023	99.927527	6.434042	179.595103	106.004534	NaN	NaN	NaN	NaN	NaN	NaN	NaN	NaN	NaN	NaN	NaN	NaN	NaN	NaN	NaN	NaN	NaN	NaN
-0.682952	178.929286	102.95967	6.628802	184.405422	108.647385	NaN	NaN	NaN	NaN	NaN	NaN	NaN	NaN	NaN	NaN	NaN	NaN	NaN	NaN	NaN	NaN	NaN	NaN