0.000000,0.000000,0.000000,0.999651,0.000000,0.000000,-0.023371,0.463648,0.000000,0.510951,0.000000,0.451649,0.014073,-0.867745,0.204709,0.324547,-0.186927,0.924610,-0.065762,0.342821,0.512391,-0.751352,0.233974,-0.451649,-0.014073,-0.867745,0.204709,-0.324547,0.186927,0.924610,-0.065762,-0.342821,-0.512391,-0.751352,0.233974,0.000000,0.000000,0.000000,1.000000,0.000000,0.000000,0.000000
0.000000,0.000000,0.000000,0.999675,0.000000,0.000000,-0.022543,0.463648,0.000000,0.512496,0.000000,0.455050,0.015634,-0.863292,0.213919,0.319438,-0.183659,0.927027,-0.063600,0.341918,0.504145,-0.758216,0.228149,-0.455050,-0.015634,-0.863292,0.213919,-0.319438,0.183659,0.927027,-0.063600,-0.341918,-0.504145,-0.758216,0.228149,0.000000,0.000000,0.000000,1.000000,0.000000,0.000000,0.000000
0.000000,0.000000,0.000000,0.999711,0.000000,0.000000,-0.021144,0.463648,0.000000,0.513378,0.000000,0.459658,0.019788,-0.856959,0.225970,0.314933,-0.178818,0.929524,-0.061054,0.342660,0.491664,-0.766767,0.221073,-0.459658,-0.019788,-0.856959,0.225970,-0.314933,0.178818,0.929524,-0.061054,-0.342660,-0.491664,-0.766767,0.221073,0.000000,0.000000,0.000000,1.000000,0.000000,0.000000,0.000000
0.000000,0.000000,0.000000,0.999745,0.000000,0.000000,-0.019877,0.463648,0.000000,0.507633,0.000000,0.468157,0.023291,-0.848513,0.236995,0.313477,-0.175355,0.930771,-0.059488,0.347267,0.482124,-0.771201,0.218151,-0.468157,-0.023291,-0.848513,0.236995,-0.313477,0.175355,0.930771,-0.059488,-0.347267,-0.482124,-0.771201,0.218151,0.000000,0.000000,0.000000,1.000000,0.000000,0.000000,0.000000
0.000000,0.000000,0.000000,0.999781,0.000000,0.000000,-0.018489,0.463648,0.000000,0.504155,0.000000,0.481428,0.028253,-0.835333,0.250731,0.318075,-0.170663,0.929884,-0.058543,0.355534,0.469545,-0.775216,0.215660,-0.481428,-0.028253,-0.835333,0.250731,-0.318075,0.170663,0.929884,-0.058543,-0.355534,-0.469545,-0.775216,0.215660,0.000000,0.000000,0.000000,1.000000,0.000000,0.000000,0.000000
0.000000,0.000000,0.000000,0.999819,0.000000,0.000000,-0.017000,0.463648,0.000000,0.495756,0.000000,0.499706,0.035754,-0.817471,0.264748,0.326412,-0.160973,0.928082,-0.055930,0.367683,0.443767,-0.783781,0.206596,-0.499706,-0.035754,-0.817471,0.264748,-0.326412,0.160973,0.928082,-0.055930,-0.367683,-0.443767,-0.783781,0.206596,0.000000,0.000000,0.000000,1.000000,0.000000,0.000000,0.000000
0.000000,0.000000,0.000000,0.999859,0.000000,0.000000,-0.015322,0.463648,0.000000,0.487359,0.000000,0.520920,0.043017,-0.796577,0.279246,0.339212,-0.149023,0.924312,-0.052684,0.379986,0.412200,-0.794327,0.194132,-0.520920,-0.043017,-0.796577,0.279246,-0.339212,0.149023,0.924312,-0.052684,-0.379986,-0.412200,-0.794327,0.194132,0.000000,0.000000,0.000000,1.000000,0.000000,0.000000,0.000000
0.000000,0.000000,0.000000,0.999873,0.000000,0.000000,-0.014459,0.463648,0.000000,0.473335,0.000000,0.546290,0.053286,-0.770417,0.294339,0.358196,-0.135862,0.917280,-0.049579,0.398676,0.377762,-0.803098,0.181546,-0.546290,-0.053286,-0.770417,0.294339,-0.358196,0.135862,0.917280,-0.049579,-0.398676,-0.377762,-0.803098,0.181546,0.000000,0.000000,0.000000,1.000000,0.000000,0.000000,0.000000
0.000000,0.000000,0.000000,0.999850,0.000000,0.000000,-0.016322,0.463648,0.000000,0.460960,0.000000,0.576839,0.059740,-0.738022,0.308524,0.385576,-0.122791,0.904325,-0.047327,0.422033,0.343904,-0.807279,0.170481,-0.576839,-0.059740,-0.738022,0.308524,-0.385576,0.122791,0.904325,-0.047327,-0.422033,-0.343904,-0.807279,0.170481,0.000000,0.000000,0.000000,1.000000,0.000000,0.000000,0.000000
0.000000,0.000000,0.000000,0.999849,0.000000,0.000000,-0.016543,0.463648,0.000000,0.446039,0.000000,0.610466,0.065937,-0.701206,0.323575,0.423244,-0.110301,0.883970,-0.047004,0.452379,0.311854,-0.802879,0.163261,-0.610466,-0.065937,-0.701206,0.323575,-0.423244,0.110301,0.883970,-0.047004,-0.452379,-0.311854,-0.802879,0.163261,0.000000,0.000000,0.000000,1.000000,0.000000,0.000000,0.000000
0.000000,0.000000,0.000000,0.999849,0.000000,0.000000,-0.014656,0.463648,0.000000,0.434667,0.000000,0.643806,0.071460,-0.661131,0.337801,0.470049,-0.098322,0.856034,-0.047798,0.491459,0.279975,-0.788169,0.160199,-0.643806,-0.071460,-0.661131,0.337801,-0.470049,0.098322,0.856034,-0.047798,-0.491459,-0.279975,-0.788169,0.160199,0.000000,0.000000,0.000000,1.000000,0.000000,0.000000,0.000000
0.000000,0.000000,0.000000,0.999874,0.000000,0.000000,-0.013204,0.463648,0.000000,0.418054,0.000000,0.676251,0.077565,-0.618231,0.351508,0.521888,-0.084857,0.821237,-0.045830,0.538247,0.242584,-0.765601,0.150728,-0.676251,-0.077565,-0.618231,0.351508,-0.521888,0.084857,0.821237,-0.045830,-0.538247,-0.242584,-0.765601,0.150728,0.000000,0.000000,0.000000,1.000000,0.000000,0.000000,0.000000
0.000000,0.000000,0.000000,0.999891,0.000000,0.000000,-0.011758,0.463648,0.000000,0.399403,0.000000,0.708420,0.080614,-0.572643,0.364692,0.579074,-0.071034,0.777523,-0.041676,0.590751,0.203644,-0.730932,0.134811,-0.708420,-0.080614,-0.572643,0.364692,-0.579074,0.071034,0.777523,-0.041676,-0.590751,-0.203644,-0.730932,0.134811,0.000000,0.000000,0.000000,1.000000,0.000000,0.000000,0.000000
0.000000,0.000000,0.000000,0.999910,0.000000,0.000000,-0.010085,0.463648,0.000000,0.383019,0.000000,0.736655,0.086335,-0.528363,0.379175,0.636882,-0.056371,0.728247,-0.037653,0.644968,0.163111,-0.688581,0.118190,-0.736655,-0.086335,-0.528363,0.379175,-0.636882,0.056371,0.728247,-0.037653,-0.644968,-0.163111,-0.688581,0.118190,0.000000,0.000000,0.000000,1.000000,0.000000,0.000000,0.000000
0.000000,0.000000,0.000000,0.999927,0.000000,0.000000,-0.007724,0.463648,0.000000,0.362548,0.000000,0.760287,0.090453,-0.485374,0.393159,0.692221,-0.041325,0.672815,-0.029140,0.698399,0.121709,-0.637484,0.089204,-0.760287,-0.090453,-0.485374,0.393159,-0.692221,0.041325,0.672815,-0.029140,-0.698399,-0.121709,-0.637484,0.089204,0.000000,0.000000,0.000000,1.000000,0.000000,0.000000,0.000000
0.000000,0.000000,0.000000,0.999939,0.000000,0.000000,-0.005049,0.463648,0.000000,0.352425,0.000000,0.776919,0.092794,-0.444391,0.411643,0.745716,-0.029832,0.611867,-0.016964,0.746789,0.090390,-0.575258,0.050744,-0.776919,-0.092794,-0.444391,0.411643,-0.745716,0.029832,0.611867,-0.016964,-0.746789,-0.090390,-0.575258,0.050744,0.000000,0.000000,0.000000,1.000000,0.000000,0.000000,0.000000
0.000000,0.000000,0.000000,0.999942,0.000000,0.000000,-0.001998,0.463648,0.000000,0.342746,0.000000,0.792086,0.094928,-0.406230,0.427480,0.795579,-0.021469,0.550713,-0.007770,0.796926,0.066775,-0.509839,0.022786,-0.792086,-0.094928,-0.406230,0.427480,-0.795579,0.021469,0.550713,-0.007770,-0.796926,-0.066775,-0.509839,0.022786,0.000000,0.000000,0.000000,1.000000,0.000000,0.000000,0.000000
0.000000,0.000000,0.000000,0.999946,0.000000,0.000000,-0.001576,0.463648,0.000000,0.329704,0.000000,0.808200,0.098701,-0.373082,0.431751,0.839411,-0.014745,0.493486,-0.003102,0.841538,0.047095,-0.450991,0.008464,-0.808200,-0.098701,-0.373082,0.431751,-0.839411,0.014745,0.493486,-0.003102,-0.841538,-0.047095,-0.450991,0.008464,0.000000,0.000000,0.000000,1.000000,0.000000,0.000000,0.000000
0.000000,0.000000,0.000000,0.999966,0.000000,0.000000,-0.000136,0.463648,0.000000,0.314095,0.000000,0.819172,0.104744,-0.346589,0.435191,0.874802,-0.008444,0.442076,0.002234,0.880432,0.028280,-0.396143,-0.007257,-0.819172,-0.104744,-0.346589,0.435191,-0.874802,0.008444,0.442076,0.002234,-0.880432,-0.028280,-0.396143,-0.007257,0.000000,0.000000,0.000000,1.000000,0.000000,0.000000,0.000000
0.000000,0.000000,0.000000,0.999966,0.000000,0.000000,-0.000118,0.463648,0.000000,0.299988,0.000000,0.828255,0.110473,-0.324155,0.436875,0.902990,-0.002122,0.396830,0.008591,0.911086,0.009738,-0.348888,-0.026358,-0.828255,-0.110473,-0.324155,0.436875,-0.902990,0.002122,0.396830,0.008591,-0.911086,-0.009738,-0.348888,-0.026358,0.000000,0.000000,0.000000,1.000000,0.000000,0.000000,0.000000
0.000000,0.000000,0.000000,0.999968,0.000000,0.000000,-0.001770,0.463648,0.000000,0.284232,0.000000,0.835961,0.117101,-0.307287,0.434467,0.924848,0.003239,0.357960,0.015008,0.935107,-0.005907,-0.307887,-0.045691,-0.835961,-0.117101,-0.307287,0.434467,-0.924848,-0.003239,0.357960,0.015008,-0.935107,0.005907,-0.307887,-0.045691,0.000000,0.000000,0.000000,1.000000,0.000000,0.000000,0.000000
0.000000,0.000000,0.000000,0.999971,0.000000,0.000000,-0.001467,0.463648,0.000000,0.275563,0.000000,0.840998,0.122383,-0.295296,0.432513,0.940824,0.005401,0.325889,0.018301,0.952633,-0.012289,-0.271417,-0.055584,-0.840998,-0.122383,-0.295296,0.432513,-0.940824,-0.005401,0.325889,0.018301,-0.952633,0.012289,-0.271417,-0.055584,0.000000,0.000000,0.000000,1.000000,0.000000,0.000000,0.000000
