0.000000,0.000000,0.000000,0.999434,0.000000,0.000000,0.033635,0.463648,0.000000,0.568765,0.000000,0.500476,0.012120,-0.802343,0.322414,0.272234,-0.064043,0.959695,-0.017979,0.483400,0.172381,-0.851008,0.097716,-0.500476,-0.012120,-0.802343,0.322414,-0.272234,0.064043,0.959695,-0.017979,-0.483400,-0.172381,-0.851008,0.097716,0.000000,0.000000,0.000000,1.000000,0.000000,0.000000,0.000000
0.000000,0.000000,0.000000,0.999420,0.000000,0.000000,0.034028,0.463648,0.000000,0.571739,0.000000,0.505646,0.020282,-0.797819,0.324574,0.275991,-0.060092,0.958838,-0.017052,0.486310,0.161824,-0.851854,0.092050,-0.505646,-0.020282,-0.797819,0.324574,-0.275991,0.060092,0.958838,-0.017052,-0.486310,-0.161824,-0.851854,0.092050,0.000000,0.000000,0.000000,1.000000,0.000000,0.000000,0.000000
0.000000,0.000000,0.000000,0.999400,0.000000,0.000000,0.034596,0.463648,0.000000,0.574473,0.000000,0.510700,0.026794,-0.793337,0.327119,0.280268,-0.057359,0.957752,-0.016542,0.489417,0.154519,-0.851957,0.088414,-0.510700,-0.026794,-0.793337,0.327119,-0.280268,0.057359,0.957752,-0.016542,-0.489417,-0.154519,-0.851957,0.088414,0.000000,0.000000,0.000000,1.000000,0.000000,0.000000,0.000000
0.000000,0.000000,0.000000,0.999383,0.000000,0.000000,0.035052,0.463648,0.000000,0.577067,0.000000,0.515672,0.032230,-0.788815,0.330034,0.284602,-0.055584,0.956587,-0.016348,0.492733,0.149715,-0.851321,0.086405,-0.515672,-0.032230,-0.788815,0.330034,-0.284602,0.055584,0.956587,-0.016348,-0.492733,-0.149715,-0.851321,0.086405,0.000000,0.000000,0.000000,1.000000,0.000000,0.000000,0.000000
0.000000,0.000000,0.000000,0.999371,0.000000,0.000000,0.035402,0.463648,0.000000,0.579227,0.000000,0.521734,0.037640,-0.783394,0.333230,0.290020,-0.053863,0.955057,-0.016247,0.496709,0.145034,-0.850226,0.084652,-0.521734,-0.037640,-0.783394,0.333230,-0.290020,0.053863,0.955057,-0.016247,-0.496709,-0.145034,-0.850226,0.084652,0.000000,0.000000,0.000000,1.000000,0.000000,0.000000,0.000000
0.000000,0.000000,0.000000,0.999363,0.000000,0.000000,0.035626,0.463648,0.000000,0.574188,0.000000,0.529198,0.043248,-0.777024,0.336232,0.297247,-0.053220,0.952811,-0.016665,0.500063,0.143357,-0.848643,0.084687,-0.529198,-0.043248,-0.777024,0.336232,-0.297247,0.053220,0.952811,-0.016665,-0.500063,-0.143357,-0.848643,0.084687,0.000000,0.000000,0.000000,1.000000,0.000000,0.000000,0.000000
0.000000,0.000000,0.000000,0.999341,0.000000,0.000000,0.036232,0.463648,0.000000,0.568463,0.000000,0.537166,0.046969,-0.770317,0.339329,0.306184,-0.053541,0.949839,-0.017600,0.504034,0.144204,-0.845749,0.086654,-0.537166,-0.046969,-0.770317,0.339329,-0.306184,0.053541,0.949839,-0.017600,-0.504034,-0.144204,-0.845749,0.086654,0.000000,0.000000,0.000000,1.000000,0.000000,0.000000,0.000000
0.000000,0.000000,0.000000,0.999311,0.000000,0.000000,0.037047,0.463648,0.000000,0.557834,0.000000,0.544622,0.048366,-0.763953,0.341482,0.316045,-0.055333,0.946292,-0.018960,0.508612,0.148933,-0.841454,0.091004,-0.544622,-0.048366,-0.763953,0.341482,-0.316045,0.055333,0.946292,-0.018960,-0.508612,-0.148933,-0.841454,0.091004,0.000000,0.000000,0.000000,1.000000,0.000000,0.000000,0.000000
0.000000,0.000000,0.000000,0.999328,0.000000,0.000000,0.036516,0.463648,0.000000,0.545300,0.000000,0.554674,0.045908,-0.755477,0.343643,0.328923,-0.058268,0.941425,-0.020886,0.514328,0.156767,-0.835754,0.097552,-0.554674,-0.045908,-0.755477,0.343643,-0.328923,0.058268,0.941425,-0.020886,-0.514328,-0.156767,-0.835754,0.097552,0.000000,0.000000,0.000000,1.000000,0.000000,0.000000,0.000000
0.000000,0.000000,0.000000,0.999312,0.000000,0.000000,0.036944,0.463648,0.000000,0.531402,0.000000,0.566353,0.043989,-0.744120,0.347428,0.345275,-0.060087,0.934636,-0.022558,0.522331,0.161763,-0.829403,0.102539,-0.566353,-0.043989,-0.744120,0.347428,-0.345275,0.060087,0.934636,-0.022558,-0.522331,-0.161763,-0.829403,0.102539,0.000000,0.000000,0.000000,1.000000,0.000000,0.000000,0.000000
0.000000,0.000000,0.000000,0.999292,0.000000,0.000000,0.037473,0.463648,0.000000,0.515174,0.000000,0.581306,0.043912,-0.728543,0.352658,0.366128,-0.059758,0.925506,-0.023601,0.531486,0.161179,-0.823296,0.104055,-0.581306,-0.043912,-0.728543,0.352658,-0.366128,0.059758,0.925506,-0.023601,-0.531486,-0.161179,-0.823296,0.104055,0.000000,0.000000,0.000000,1.000000,0.000000,0.000000,0.000000
0.000000,0.000000,0.000000,0.999245,0.000000,0.000000,0.038569,0.463648,0.000000,0.501657,0.000000,0.598052,0.039632,-0.709493,0.359740,0.391867,-0.059524,0.913040,-0.024810,0.542918,0.160960,-0.815232,0.106037,-0.598052,-0.039632,-0.709493,0.359740,-0.391867,0.059524,0.913040,-0.024810,-0.542918,-0.160960,-0.815232,0.106037,0.000000,0.000000,0.000000,1.000000,0.000000,0.000000,0.000000
0.000000,0.000000,0.000000,0.999258,0.000000,0.000000,0.038223,0.463648,0.000000,0.486195,0.000000,0.617411,0.036217,-0.688272,0.365030,0.421027,-0.057877,0.898004,-0.025716,0.558350,0.156825,-0.804394,0.106349,-0.617411,-0.036217,-0.688272,0.365030,-0.421027,0.057877,0.898004,-0.025716,-0.558350,-0.156825,-0.804394,0.106349,0.000000,0.000000,0.000000,1.000000,0.000000,0.000000,0.000000
0.000000,0.000000,0.000000,0.999206,0.000000,0.000000,0.039422,0.463648,0.000000,0.467895,0.000000,0.639561,0.033538,-0.662293,0.371330,0.456950,-0.053481,0.877545,-0.025200,0.576923,0.145368,-0.791980,0.101056,-0.639561,-0.033538,-0.662293,0.371330,-0.456950,0.053481,0.877545,-0.025200,-0.576923,-0.145368,-0.791980,0.101056,0.000000,0.000000,0.000000,1.000000,0.000000,0.000000,0.000000
0.000000,0.000000,0.000000,0.999077,0.000000,0.000000,0.042014,0.463648,0.000000,0.443884,0.000000,0.661589,0.032360,-0.635655,0.377370,0.495613,-0.048016,0.853868,-0.023738,0.598271,0.130863,-0.776767,0.092818,-0.661589,-0.032360,-0.635655,0.377370,-0.495613,0.048016,0.853868,-0.023738,-0.598271,-0.130863,-0.776767,0.092818,0.000000,0.000000,0.000000,1.000000,0.000000,0.000000,0.000000
0.000000,0.000000,0.000000,0.998960,0.000000,0.000000,0.044451,0.463648,0.000000,0.425088,0.000000,0.684930,0.033267,-0.603755,0.385202,0.538704,-0.039156,0.824053,-0.019098,0.623310,0.106433,-0.758136,0.074793,-0.684930,-0.033267,-0.603755,0.385202,-0.538704,0.039156,0.824053,-0.019098,-0.623310,-0.106433,-0.758136,0.074793,0.000000,0.000000,0.000000,1.000000,0.000000,0.000000,0.000000
0.000000,0.000000,0.000000,0.998776,0.000000,0.000000,0.047746,0.463648,0.000000,0.409553,0.000000,0.704948,0.034985,-0.570697,0.399264,0.584922,-0.028481,0.788561,-0.012357,0.655752,0.077636,-0.728816,0.049637,-0.704948,-0.034985,-0.570697,0.399264,-0.584922,0.028481,0.788561,-0.012357,-0.655752,-0.077636,-0.728816,0.049637,0.000000,0.000000,0.000000,1.000000,0.000000,0.000000,0.000000
0.000000,0.000000,0.000000,0.998657,0.000000,0.000000,0.050014,0.463648,0.000000,0.391651,0.000000,0.725962,0.037213,-0.534271,0.412207,0.635093,-0.019032,0.744253,-0.005354,0.693322,0.052722,-0.686871,0.024183,-0.725962,-0.037213,-0.534271,0.412207,-0.635093,0.019032,0.744253,-0.005354,-0.693322,-0.052722,-0.686871,0.024183,0.000000,0.000000,0.000000,1.000000,0.000000,0.000000,0.000000
0.000000,0.000000,0.000000,0.998510,0.000000,0.000000,0.053267,0.463648,0.000000,0.374642,0.000000,0.745601,0.040593,-0.497620,0.424011,0.685307,-0.009380,0.695136,0.003494,0.730799,0.027505,-0.639850,-0.006432,-0.745601,-0.040593,-0.497620,0.424011,-0.685307,0.009380,0.695136,0.003494,-0.730799,-0.027505,-0.639850,-0.006432,0.000000,0.000000,0.000000,1.000000,0.000000,0.000000,0.000000
0.000000,0.000000,0.000000,0.998355,0.000000,0.000000,0.056174,0.463648,0.000000,0.360837,0.000000,0.762043,0.041928,-0.463595,0.434781,0.732931,-0.001732,0.641665,0.012331,0.768683,0.008281,-0.583359,-0.035742,-0.762043,-0.041928,-0.463595,0.434781,-0.732931,0.001732,0.641665,0.012331,-0.768683,-0.008281,-0.583359,-0.035742,0.000000,0.000000,0.000000,1.000000,0.000000,0.000000,0.000000
0.000000,0.000000,0.000000,0.998333,0.000000,0.000000,0.056689,0.463648,0.000000,0.348911,0.000000,0.777907,0.045600,-0.430240,0.441719,0.777159,0.006093,0.586031,0.025978,0.800711,-0.011591,-0.526302,-0.078098,-0.777907,-0.045600,-0.430240,0.441719,-0.777159,-0.006093,0.586031,0.025978,-0.800711,0.011591,-0.526302,-0.078098,0.000000,0.000000,0.000000,1.000000,0.000000,0.000000,0.000000
0.000000,0.000000,0.000000,0.998286,0.000000,0.000000,0.057573,0.463648,0.000000,0.333477,0.000000,0.792483,0.052379,-0.401470,0.443562,0.816985,0.012031,0.530767,0.036612,0.832088,-0.028214,-0.473914,-0.110725,-0.792483,-0.052379,-0.401470,0.443562,-0.816985,-0.012031,0.530767,0.036612,-0.832088,0.028214,-0.473914,-0.110725,0.000000,0.000000,0.000000,1.000000,0.000000,0.000000,0.000000
0.000000,0.000000,0.000000,0.998146,0.000000,0.000000,0.060389,0.463648,0.000000,0.321173,0.000000,0.804283,0.060512,-0.377250,0.445497,0.852974,0.016689,0.478888,0.043500,0.862407,-0.040644,-0.422152,-0.132410,-0.804283,-0.060512,-0.377250,0.445497,-0.852974,-0.016689,0.478888,0.043500,-0.862407,0.040644,-0.422152,-0.132410,0.000000,0.000000,0.000000,1.000000,0.000000,0.000000,0.000000
0.000000,0.000000,0.000000,0.998068,0.000000,0.000000,0.061773,0.463648,0.000000,0.311849,0.000000,0.813376,0.068984,-0.357830,0.446052,0.882143,0.019557,0.432512,0.049280,0.889376,-0.048254,-0.372705,-0.150116,-0.813376,-0.068984,-0.357830,0.446052,-0.882143,-0.019557,0.432512,0.049280,-0.889376,0.048254,-0.372705,-0.150116,0.000000,0.000000,0.000000,1.000000,0.000000,0.000000,0.000000
0.000000,0.000000,0.000000,0.998062,0.000000,0.000000,0.061871,0.463648,0.000000,0.308675,0.000000,0.821498,0.075980,-0.339966,0.446585,0.907488,0.021409,0.389718,0.054208,0.912910,-0.052938,-0.326516,-0.165134,-0.821498,-0.075980,-0.339966,0.446585,-0.907488,-0.021409,0.389718,0.054208,-0.912910,0.052938,-0.326516,-0.165134,0.000000,0.000000,0.000000,1.000000,0.000000,0.000000,0.000000
0.000000,0.000000,0.000000,0.998038,0.000000,0.000000,0.062247,0.463648,0.000000,0.307479,0.000000,0.826908,0.080693,-0.328315,0.445520,0.926597,0.020945,0.353780,0.056477,0.933375,-0.050703,-0.284234,-0.172152,-0.826908,-0.080693,-0.328315,0.445520,-0.926597,-0.020945,0.353780,0.056477,-0.933375,0.050703,-0.284234,-0.172152,0.000000,0.000000,0.000000,1.000000,0.000000,0.000000,0.000000
0.000000,0.000000,0.000000,0.998097,0.000000,0.000000,0.061385,0.463648,0.000000,0.303705,0.000000,0.835135,0.086484,-0.318157,0.438130,0.940868,0.019629,0.324242,0.057162,0.945821,-0.046623,-0.253950,-0.173973,-0.835135,-0.086484,-0.318157,0.438130,-0.940868,-0.019629,0.324242,0.057162,-0.945821,0.046623,-0.253950,-0.173973,0.000000,0.000000,0.000000,1.000000,0.000000,0.000000,0.000000
