0.000000,0.000000,0.000000,0.988281,0.000000,0.000000,0.152631,0.463648,0.000000,0.651590,0.000000,0.497616,0.076454,-0.819021,0.275122,0.289466,-0.101230,0.951312,-0.030794,0.393998,0.284484,-0.864204,0.129738,-0.497616,-0.076454,-0.819021,0.275122,-0.289466,0.101230,0.951312,-0.030794,-0.393998,-0.284484,-0.864204,0.129738,0.000000,0.000000,0.000000,1.000000,0.000000,0.000000,0.000000
0.000000,0.000000,0.000000,0.988359,0.000000,0.000000,0.152121,0.463648,0.000000,0.653385,0.000000,0.497280,0.074599,-0.819047,0.276113,0.288789,-0.102751,0.951331,-0.031175,0.394435,0.288356,-0.862279,0.131993,-0.497280,-0.074599,-0.819047,0.276113,-0.288789,0.102751,0.951331,-0.031175,-0.394435,-0.288356,-0.862279,0.131993,0.000000,0.000000,0.000000,1.000000,0.000000,0.000000,0.000000
0.000000,0.000000,0.000000,0.988454,0.000000,0.000000,0.151490,0.463648,0.000000,0.655402,0.000000,0.495580,0.069472,-0.819502,0.278674,0.286884,-0.106493,0.951394,-0.032038,0.393920,0.297921,-0.857880,0.137022,-0.495580,-0.069472,-0.819502,0.278674,-0.286884,0.106493,0.951394,-0.032038,-0.393920,-0.297921,-0.857880,0.137022,0.000000,0.000000,0.000000,1.000000,0.000000,0.000000,0.000000
0.000000,0.000000,0.000000,0.988590,0.000000,0.000000,0.150585,0.463648,0.000000,0.657093,0.000000,0.493618,0.065352,-0.820234,0.280778,0.284321,-0.109868,0.951703,-0.032695,0.393776,0.306431,-0.853871,0.141634,-0.493618,-0.065352,-0.820234,0.280778,-0.284321,0.109868,0.951703,-0.032695,-0.393776,-0.306431,-0.853871,0.141634,0.000000,0.000000,0.000000,1.000000,0.000000,0.000000,0.000000
0.000000,0.000000,0.000000,0.988753,0.000000,0.000000,0.149494,0.463648,0.000000,0.658731,0.000000,0.491440,0.060363,-0.821125,0.282879,0.281583,-0.113964,0.951950,-0.033528,0.393594,0.316709,-0.848842,0.147296,-0.491440,-0.060363,-0.821125,0.282879,-0.281583,0.113964,0.951950,-0.033528,-0.393594,-0.316709,-0.848842,0.147296,0.000000,0.000000,0.000000,1.000000,0.000000,0.000000,0.000000
0.000000,0.000000,0.000000,0.988918,0.000000,0.000000,0.148387,0.463648,0.000000,0.659100,0.000000,0.488931,0.054394,-0.822175,0.285149,0.278000,-0.118651,0.952335,-0.034388,0.394867,0.327976,-0.842248,0.154520,-0.488931,-0.054394,-0.822175,0.285149,-0.278000,0.118651,0.952335,-0.034388,-0.394867,-0.327976,-0.842248,0.154520,0.000000,0.000000,0.000000,1.000000,0.000000,0.000000,0.000000
0.000000,0.000000,0.000000,0.989071,0.000000,0.000000,0.147365,0.463648,0.000000,0.659481,0.000000,0.486524,0.048775,-0.823416,0.286684,0.274645,-0.123154,0.952687,-0.035235,0.397053,0.338600,-0.835458,0.161907,-0.486524,-0.048775,-0.823416,0.286684,-0.274645,0.123154,0.952687,-0.035235,-0.397053,-0.338600,-0.835458,0.161907,0.000000,0.000000,0.000000,1.000000,0.000000,0.000000,0.000000
0.000000,0.000000,0.000000,0.989249,0.000000,0.000000,0.146171,0.463648,0.000000,0.659545,0.000000,0.484209,0.044088,-0.824845,0.287415,0.270771,-0.127186,0.953258,-0.035873,0.400152,0.347837,-0.828930,0.168941,-0.484209,-0.044088,-0.824845,0.287415,-0.270771,0.127186,0.953258,-0.035873,-0.400152,-0.347837,-0.828930,0.168941,0.000000,0.000000,0.000000,1.000000,0.000000,0.000000,0.000000
0.000000,0.000000,0.000000,0.989465,0.000000,0.000000,0.144729,0.463648,0.000000,0.657974,0.000000,0.479741,0.038458,-0.827397,0.288367,0.265704,-0.131752,0.954057,-0.036461,0.403850,0.358049,-0.821326,0.177068,-0.479741,-0.038458,-0.827397,0.288367,-0.265704,0.131752,0.954057,-0.036461,-0.403850,-0.358049,-0.821326,0.177068,0.000000,0.000000,0.000000,1.000000,0.000000,0.000000,0.000000
0.000000,0.000000,0.000000,0.989681,0.000000,0.000000,0.143261,0.463648,0.000000,0.655852,0.000000,0.478139,0.030546,-0.827740,0.291051,0.263586,-0.137415,0.953859,-0.037851,0.405797,0.371520,-0.812656,0.186363,-0.478139,-0.030546,-0.827740,0.291051,-0.263586,0.137415,0.953859,-0.037851,-0.405797,-0.371520,-0.812656,0.186363,0.000000,0.000000,0.000000,1.000000,0.000000,0.000000,0.000000
0.000000,0.000000,0.000000,0.989831,0.000000,0.000000,0.142209,0.463648,0.000000,0.653215,0.000000,0.478657,0.026573,-0.826769,0.293408,0.263443,-0.140448,0.953456,-0.038750,0.408550,0.378460,-0.807095,0.192179,-0.478657,-0.026573,-0.826769,0.293408,-0.263443,0.140448,0.953456,-0.038750,-0.408550,-0.378460,-0.807095,0.192179,0.000000,0.000000,0.000000,1.000000,0.000000,0.000000,0.000000
0.000000,0.000000,0.000000,0.990025,0.000000,0.000000,0.140852,0.463648,0.000000,0.649695,0.000000,0.479591,0.022494,-0.825506,0.295865,0.263118,-0.143553,0.953089,-0.039641,0.411002,0.385557,-0.801507,0.198024,-0.479591,-0.022494,-0.825506,0.295865,-0.263118,0.143553,0.953089,-0.039641,-0.411002,-0.385557,-0.801507,0.198024,0.000000,0.000000,0.000000,1.000000,0.000000,0.000000,0.000000
0.000000,0.000000,0.000000,0.990228,0.000000,0.000000,0.139406,0.463648,0.000000,0.645161,0.000000,0.482112,0.022016,-0.823742,0.296552,0.263862,-0.144505,0.952715,-0.040044,0.414584,0.387055,-0.798198,0.201287,-0.482112,-0.022016,-0.823742,0.296552,-0.263862,0.144505,0.952715,-0.040044,-0.414584,-0.387055,-0.798198,0.201287,0.000000,0.000000,0.000000,1.000000,0.000000,0.000000,0.000000
0.000000,0.000000,0.000000,0.990448,0.000000,0.000000,0.137800,0.463648,0.000000,0.640459,0.000000,0.486207,0.020927,-0.820853,0.297688,0.266224,-0.145521,0.951851,-0.040721,0.418323,0.388866,-0.794626,0.204790,-0.486207,-0.020927,-0.820853,0.297688,-0.266224,0.145521,0.951851,-0.040721,-0.418323,-0.388866,-0.794626,0.204790,0.000000,0.000000,0.000000,1.000000,0.000000,0.000000,0.000000
0.000000,0.000000,0.000000,0.990648,0.000000,0.000000,0.136330,0.463648,0.000000,0.635947,0.000000,0.490749,0.021629,-0.817677,0.298668,0.268050,-0.144305,0.951505,-0.040646,0.423467,0.384909,-0.793638,0.205288,-0.490749,-0.021629,-0.817677,0.298668,-0.268050,0.144305,0.951505,-0.040646,-0.423467,-0.384909,-0.793638,0.205288,0.000000,0.000000,0.000000,1.000000,0.000000,0.000000,0.000000
0.000000,0.000000,0.000000,0.990870,0.000000,0.000000,0.134686,0.463648,0.000000,0.633468,0.000000,0.498333,0.024102,-0.812221,0.300089,0.274164,-0.141904,0.950001,-0.040857,0.427626,0.378764,-0.794586,0.203675,-0.498333,-0.024102,-0.812221,0.300089,-0.274164,0.141904,0.950001,-0.040857,-0.427626,-0.378764,-0.794586,0.203675,0.000000,0.000000,0.000000,1.000000,0.000000,0.000000,0.000000
0.000000,0.000000,0.000000,0.991060,0.000000,0.000000,0.133304,0.463648,0.000000,0.625039,0.000000,0.507182,0.028436,-0.806301,0.299996,0.280138,-0.137913,0.948738,-0.040489,0.432017,0.368598,-0.797381,0.199397,-0.507182,-0.028436,-0.806301,0.299996,-0.280138,0.137913,0.948738,-0.040489,-0.432017,-0.368598,-0.797381,0.199397,0.000000,0.000000,0.000000,1.000000,0.000000,0.000000,0.000000
0.000000,0.000000,0.000000,0.991207,0.000000,0.000000,0.132231,0.463648,0.000000,0.617209,0.000000,0.513969,0.028399,-0.800853,0.303169,0.284040,-0.137192,0.947713,-0.040885,0.435557,0.366383,-0.796250,0.200064,-0.513969,-0.028399,-0.800853,0.303169,-0.284040,0.137192,0.947713,-0.040885,-0.435557,-0.366383,-0.796250,0.200064,0.000000,0.000000,0.000000,1.000000,0.000000,0.000000,0.000000
0.000000,0.000000,0.000000,0.991352,0.000000,0.000000,0.131174,0.463648,0.000000,0.609480,0.000000,0.523682,0.028617,-0.794042,0.305330,0.290639,-0.136661,0.945858,-0.041807,0.438134,0.365117,-0.795179,0.200879,-0.523682,-0.028617,-0.794042,0.305330,-0.290639,0.136661,0.945858,-0.041807,-0.438134,-0.365117,-0.795179,0.200879,0.000000,0.000000,0.000000,1.000000,0.000000,0.000000,0.000000
0.000000,0.000000,0.000000,0.991551,0.000000,0.000000,0.129661,0.463648,0.000000,0.600029,0.000000,0.532231,0.031233,-0.788512,0.304931,0.295785,-0.135282,0.944443,-0.042265,0.443787,0.360929,-0.793828,0.201780,-0.532231,-0.031233,-0.788512,0.304931,-0.295785,0.135282,0.944443,-0.042265,-0.443787,-0.360929,-0.793828,0.201780,0.000000,0.000000,0.000000,1.000000,0.000000,0.000000,0.000000
0.000000,0.000000,0.000000,0.991759,0.000000,0.000000,0.128058,0.463648,0.000000,0.590375,0.000000,0.541896,0.034177,-0.781622,0.304624,0.302367,-0.133790,0.942421,-0.042815,0.450407,0.356418,-0.791792,0.202744,-0.541896,-0.034177,-0.781622,0.304624,-0.302367,0.133790,0.942421,-0.042815,-0.450407,-0.356418,-0.791792,0.202744,0.000000,0.000000,0.000000,1.000000,0.000000,0.000000,0.000000
0.000000,0.000000,0.000000,0.992034,0.000000,0.000000,0.125840,0.463648,0.000000,0.580230,0.000000,0.553323,0.038083,-0.773121,0.304420,0.312466,-0.132082,0.939033,-0.043878,0.456405,0.352027,-0.790198,0.203463,-0.553323,-0.038083,-0.773121,0.304420,-0.312466,0.132082,0.939033,-0.043878,-0.456405,-0.352027,-0.790198,0.203463,0.000000,0.000000,0.000000,1.000000,0.000000,0.000000,0.000000
0.000000,0.000000,0.000000,0.992367,0.000000,0.000000,0.123041,0.463648,0.000000,0.568923,0.000000,0.566768,0.043574,-0.763396,0.302332,0.324732,-0.125163,0.935426,-0.042980,0.468165,0.333737,-0.791494,0.196504,-0.566768,-0.043574,-0.763396,0.302332,-0.324732,0.125163,0.935426,-0.042980,-0.468165,-0.333737,-0.791494,0.196504,0.000000,0.000000,0.000000,1.000000,0.000000,0.000000,0.000000
0.000000,0.000000,0.000000,0.992549,0.000000,0.000000,0.121541,0.463648,0.000000,0.560260,0.000000,0.580796,0.045743,-0.751835,0.303009,0.339511,-0.118362,0.930460,-0.042286,0.477911,0.316317,-0.793699,0.189242,-0.580796,-0.045743,-0.751835,0.303009,-0.339511,0.118362,0.930460,-0.042286,-0.477911,-0.316317,-0.793699,0.189242,0.000000,0.000000,0.000000,1.000000,0.000000,0.000000,0.000000
0.000000,0.000000,0.000000,0.992807,0.000000,0.000000,0.119342,0.463648,0.000000,0.544599,0.000000,0.594972,0.048309,-0.740941,0.301529,0.356695,-0.112769,0.924220,-0.042192,0.487857,0.302021,-0.793530,0.183889,-0.594972,-0.048309,-0.740941,0.301529,-0.356695,0.112769,0.924220,-0.042192,-0.487857,-0.302021,-0.793530,0.183889,0.000000,0.000000,0.000000,1.000000,0.000000,0.000000,0.000000
0.000000,0.000000,0.000000,0.993010,0.000000,0.000000,0.117611,0.463648,0.000000,0.525367,0.000000,0.607878,0.049679,-0.730870,0.299240,0.373761,-0.107098,0.917279,-0.041760,0.499635,0.287126,-0.791913,0.178572,-0.607878,-0.049679,-0.730870,0.299240,-0.373761,0.107098,0.917279,-0.041760,-0.499635,-0.287126,-0.791913,0.178572,0.000000,0.000000,0.000000,1.000000,0.000000,0.000000,0.000000
0.000000,0.000000,0.000000,0.993406,0.000000,0.000000,0.114079,0.463648,0.000000,0.507878,0.000000,0.623308,0.049205,-0.717416,0.298008,0.395583,-0.102295,0.907312,-0.041849,0.512685,0.274623,-0.787522,0.174797,-0.623308,-0.049205,-0.717416,0.298008,-0.395583,0.102295,0.907312,-0.041849,-0.512685,-0.274623,-0.787522,0.174797,0.000000,0.000000,0.000000,1.000000,0.000000,0.000000,0.000000
0.000000,0.000000,0.000000,0.993873,0.000000,0.000000,0.109846,0.463648,0.000000,0.489617,0.000000,0.646440,0.054115,-0.694575,0.297001,0.429019,-0.092443,0.890580,-0.040531,0.527871,0.249901,-0.786567,0.162479,-0.646440,-0.054115,-0.694575,0.297001,-0.429019,0.092443,0.890580,-0.040531,-0.527871,-0.249901,-0.786567,0.162479,0.000000,0.000000,0.000000,1.000000,0.000000,0.000000,0.000000
0.000000,0.000000,0.000000,0.994232,0.000000,0.000000,0.106732,0.463648,0.000000,0.477688,0.000000,0.670036,0.057203,-0.669436,0.298516,0.463979,-0.081338,0.871950,-0.038517,0.546673,0.221662,-0.784239,0.148283,-0.670036,-0.057203,-0.669436,0.298516,-0.463979,0.081338,0.871950,-0.038517,-0.546673,-0.221662,-0.784239,0.148283,0.000000,0.000000,0.000000,1.000000,0.000000,0.000000,0.000000
0.000000,0.000000,0.000000,0.994485,0.000000,0.000000,0.104487,0.463648,0.000000,0.465318,0.000000,0.693613,0.061751,-0.641844,0.301515,0.502411,-0.068630,0.849324,-0.035208,0.569083,0.189046,-0.779404,0.129976,-0.693613,-0.061751,-0.641844,0.301515,-0.502411,0.068630,0.849324,-0.035208,-0.569083,-0.189046,-0.779404,0.129976,0.000000,0.000000,0.000000,1.000000,0.000000,0.000000,0.000000
0.000000,0.000000,0.000000,0.994668,0.000000,0.000000,0.102861,0.463648,0.000000,0.454545,0.000000,0.716506,0.060937,-0.613045,0.304231,0.543766,-0.058426,0.821278,-0.033486,0.595827,0.163027,-0.766146,0.117805,-0.716506,-0.060937,-0.613045,0.304231,-0.543766,0.058426,0.821278,-0.033486,-0.595827,-0.163027,-0.766146,0.117805,0.000000,0.000000,0.000000,1.000000,0.000000,0.000000,0.000000
0.000000,0.000000,0.000000,0.994707,0.000000,0.000000,0.102510,0.463648,0.000000,0.444670,0.000000,0.738561,0.060357,-0.580558,0.310624,0.588073,-0.046317,0.786522,-0.029264,0.629362,0.130771,-0.746051,0.099657,-0.738561,-0.060357,-0.580558,0.310624,-0.588073,0.046317,0.786522,-0.029264,-0.629362,-0.130771,-0.746051,0.099657,0.000000,0.000000,0.000000,1.000000,0.000000,0.000000,0.000000
0.000000,0.000000,0.000000,0.994687,0.000000,0.000000,0.102707,0.463648,0.000000,0.433036,0.000000,0.759329,0.059310,-0.547580,0.318562,0.632660,-0.039312,0.748465,-0.027054,0.660377,0.112127,-0.718040,0.089184,-0.759329,-0.059310,-0.547580,0.318562,-0.632660,0.039312,0.748465,-0.027054,-0.660377,-0.112127,-0.718040,0.089184,0.000000,0.000000,0.000000,1.000000,0.000000,0.000000,0.000000
0.000000,0.000000,0.000000,0.994820,0.000000,0.000000,0.101465,0.463648,0.000000,0.416686,0.000000,0.778072,0.063467,-0.516311,0.324552,0.677030,-0.031859,0.706454,-0.023595,0.698493,0.091453,-0.678670,0.076254,-0.778072,-0.063467,-0.516311,0.324552,-0.677030,0.031859,0.706454,-0.023595,-0.698493,-0.091453,-0.678670,0.076254,0.000000,0.000000,0.000000,1.000000,0.000000,0.000000,0.000000
0.000000,0.000000,0.000000,0.994712,0.000000,0.000000,0.102441,0.463648,0.000000,0.408662,0.000000,0.795728,0.066035,-0.482803,0.336044,0.723120,-0.024840,0.658325,-0.020457,0.737953,0.071986,-0.633054,0.064425,-0.795728,-0.066035,-0.482803,0.336044,-0.723120,0.024840,0.658325,-0.020457,-0.737953,-0.071986,-0.633054,0.064425,0.000000,0.000000,0.000000,1.000000,0.000000,0.000000,0.000000
0.000000,0.000000,0.000000,0.994607,0.000000,0.000000,0.103363,0.463648,0.000000,0.402030,0.000000,0.814757,0.068845,-0.449749,0.342156,0.768425,-0.017887,0.605632,-0.015808,0.776271,0.052697,-0.585128,0.048433,-0.814757,-0.068845,-0.449749,0.342156,-0.768425,0.017887,0.605632,-0.015808,-0.776271,-0.052697,-0.585128,0.048433,0.000000,0.000000,0.000000,1.000000,0.000000,0.000000,0.000000
0.000000,0.000000,0.000000,0.994326,0.000000,0.000000,0.105978,0.463648,0.000000,0.399269,0.000000,0.828662,0.072527,-0.419456,0.352897,0.809245,-0.011971,0.554769,-0.011566,0.812625,0.036045,-0.537011,0.034413,-0.828662,-0.072527,-0.419456,0.352897,-0.809245,0.011971,0.554769,-0.011566,-0.812625,-0.036045,-0.537011,0.034413,0.000000,0.000000,0.000000,1.000000,0.000000,0.000000,0.000000
0.000000,0.000000,0.000000,0.993991,0.000000,0.000000,0.109169,0.463648,0.000000,0.396866,0.000000,0.836095,0.076206,-0.397498,0.362288,0.841382,-0.007602,0.509005,-0.006096,0.847850,0.023489,-0.484078,0.017957,-0.836095,-0.076206,-0.397498,0.362288,-0.841382,0.007602,0.509005,-0.006096,-0.847850,-0.023489,-0.484078,0.017957,0.000000,0.000000,0.000000,1.000000,0.000000,0.000000,0.000000
0.000000,0.000000,0.000000,0.993727,0.000000,0.000000,0.111539,0.463648,0.000000,0.386751,0.000000,0.842481,0.084084,-0.378911,0.368095,0.870587,-0.004367,0.465550,-0.002658,0.879950,0.013907,-0.434334,0.007685,-0.842481,-0.084084,-0.378911,0.368095,-0.870587,0.004367,0.465550,-0.002658,-0.879950,-0.013907,-0.434334,0.007685,0.000000,0.000000,0.000000,1.000000,0.000000,0.000000,0.000000
0.000000,0.000000,0.000000,0.993481,0.000000,0.000000,0.113726,0.463648,0.000000,0.379153,0.000000,0.847061,0.090476,-0.363783,0.373212,0.894819,-0.002453,0.426653,-0.000164,0.907105,0.008278,-0.388482,0.000221,-0.847061,-0.090476,-0.363783,0.373212,-0.894819,0.002453,0.426653,-0.000164,-0.907105,-0.008278,-0.388482,0.000221,0.000000,0.000000,0.000000,1.000000,0.000000,0.000000,0.000000
0.000000,0.000000,0.000000,0.993271,0.000000,0.000000,0.115570,0.463648,0.000000,0.370724,0.000000,0.849161,0.099400,-0.352452,0.378613,0.913427,0.000471,0.393922,0.003813,0.927939,-0.000292,-0.350127,-0.011752,-0.849161,-0.099400,-0.352452,0.378613,-0.913427,-0.000471,0.393922,0.003813,-0.927939,0.000292,-0.350127,-0.011752,0.000000,0.000000,0.000000,1.000000,0.000000,0.000000,0.000000
0.000000,0.000000,0.000000,0.993109,0.000000,0.000000,0.116963,0.463648,0.000000,0.362543,0.000000,0.850144,0.107361,-0.346531,0.380241,0.925773,0.001565,0.369254,0.005855,0.942725,-0.003432,-0.318545,-0.017908,-0.850144,-0.107361,-0.346531,0.380241,-0.925773,-0.001565,0.369254,0.005855,-0.942725,0.003432,-0.318545,-0.017908,0.000000,0.000000,0.000000,1.000000,0.000000,0.000000,0.000000
0.000000,0.000000,0.000000,0.992920,0.000000,0.000000,0.118599,0.463648,0.000000,0.358071,0.000000,0.850172,0.113874,-0.342397,0.382409,0.935830,0.002619,0.348069,0.007944,0.954092,-0.006379,-0.292179,-0.024251,-0.850172,-0.113874,-0.342397,0.382409,-0.935830,-0.002619,0.348069,0.007944,-0.954092,0.006379,-0.292179,-0.024251,0.000000,0.000000,0.000000,1.000000,0.000000,0.000000,0.000000
