34.873282	16.345376	-0.033792	30.865387	22.887246	3.368964	43.113581	13.574277	6.963895	38.449041	26.731371	8.222888	42.367105	29.678444	14.298698	51.821778	39.368916	13.732448	49.472028	20.838752	15.563469	62.214396	35.471489	13.81116	59.957072	19.456371	15.675883	69.329785	28.202221	16.832985	61.002225	28.864259	15.585051	51.588052	31.179531	16.178356
34.874841	16.353237	0.022784	30.857582	22.904173	3.316334	43.117279	13.450378	6.889727	38.275911	26.752771	9.259523	42.395961	29.547376	14.275375	51.792919	39.393555	13.723204	49.499121	20.787058	15.566307	62.130167	35.432135	13.699405	59.937686	19.552278	15.606914	69.306303	28.16756	16.879768	60.989412	28.987515	15.680553	51.610752	31.294126	16.232402
34.874772	16.352964	0.02083	30.860624	22.910094	3.32034	43.116326	13.450473	6.889915	38.250623	26.750616	9.206484	42.390961	29.547604	14.27543	51.790897	39.393905	13.726512	49.499342	20.788842	15.560321	62.129234	35.432428	13.702692	59.936428	19.554685	15.606622	69.305334	28.167937	16.883066	60.988679	28.985674	15.685725	51.609339	31.294979	16.239014
35.426069	15.713187	-0.034312	30.857642	22.906946	3.318038	43.119511	13.450354	6.889639	37.905316	26.617282	8.196013	42.393794	29.550057	14.276911	51.790761	39.390709	13.7185	49.499084	20.789241	15.564072	62.128226	35.431691	13.696144	59.937679	19.55445	15.604678	69.30488	28.167491	16.879772	60.989933	28.987953	15.683852	51.609571	31.294228	16.232427
35.415617	15.736561	-0.03413	30.858936	22.907034	3.318165	43.119511	13.450354	6.889639	37.914188	26.651872	8.453716	42.392153	29.547502	14.275434	51.793365	39.390686	13.718434	49.501634	20.791551	15.562018	62.127877	35.429056	13.694664	59.938646	19.554671	15.606547	69.306757	28.168006	16.883063	60.989583	28.985306	15.6824	51.610166	31.294642	16.235701
35.42122	15.713645	-0.030023	30.857803	22.904892	3.32226	43.122632	13.447423	6.887657	38.108839	26.747963	9.243929	42.393345	29.5474	14.275438	51.796146	39.388372	13.720123	49.501724	20.78964	15.566259	62.130321	35.429867	13.701199	59.940831	19.552202	15.606699	69.30818	28.168074	16.883059	60.990104	28.985744	15.6857	51.61313	31.295782	16.245498
35.415641	15.740067	-0.031282	30.86209	22.897282	3.324526	43.127039	13.447078	6.885516	38.236077	26.782241	9.536949	42.393802	29.545357	14.277198	51.798791	39.382862	13.7138	49.50367	20.787566	15.57016	62.133255	35.426741	13.696322	59.943409	19.552296	15.60683	69.311754	28.167673	16.879691	60.993618	28.985353	15.682307	51.612963	31.292399	16.23746
35.418195	15.731604	-0.033334	30.859648	22.892993	3.328039	43.128873	13.441559	6.883692	37.956722	26.792623	9.746978	42.395969	29.542676	14.275662	51.800899	39.378506	13.720526	49.504057	20.783072	15.572884	62.136008	35.423018	13.706445	59.945272	19.550001	15.608786	69.31496	28.165901	16.884775	60.995908	28.981443	15.689276	51.617312	31.292148	16.255629
35.422193	15.72472	-0.028232	30.86433	22.888356	3.332353	43.134155	13.433276	6.880175	38.045891	26.807779	9.90866	42.396426	29.540633	14.277423	51.805476	39.370931	13.719174	49.504032	20.779921	15.587122	62.141889	35.421073	13.711376	59.950932	19.545109	15.609156	69.321527	28.163443	16.883258	61.000777	28.978749	15.687689	51.619951	31.287452	16.255923
35.429554	15.71895	-0.030428	30.866221	22.881763	3.339565	43.140343	13.42963	6.873985	38.137942	26.827567	10.133482	42.398818	29.535729	14.277718	51.811215	39.364011	13.724307	49.50857	20.770881	15.593896	62.147254	35.417327	13.72143	59.953194	19.543205	15.613327	69.324519	28.161386	16.885109	61.003417	28.977486	15.69611	51.62572	31.287279	16.274052
35.441903	15.698513	-0.026882	30.878003	22.878722	3.352759	43.156338	13.417951	6.86607	38.238554	26.852	10.352336	42.401606	29.534379	14.282646	51.817715	39.355129	13.734435	49.510225	20.763301	15.610948	62.152269	35.410946	13.730005	59.957635	19.541004	15.615413	69.330993	28.156573	16.885389	61.008316	28.973553	15.703011	51.630691	31.281841	16.289279
35.453889	15.672494	-0.025046	30.89483	22.870773	3.371337	43.17871	13.40855	6.857345	38.322649	26.871032	10.553743	42.407589	29.526872	14.28134	51.827676	39.345218	13.734707	49.517465	20.756692	15.635695	62.162245	35.404344	13.738402	59.966846	19.534257	15.620019	69.338223	28.151098	16.879139	61.016176	28.972243	15.711297	51.640084	31.27909	16.305853
35.478369	15.650591	-0.027252	30.908736	22.866167	3.389569	43.204051	13.396944	6.852249	38.419152	26.89899	10.785486	41.987914	29.490891	13.8204	51.839113	39.33687	13.75123	49.525107	20.748047	15.662937	62.173799	35.394121	13.756977	59.977983	19.530123	15.626128	69.351201	28.145097	16.887791	61.02549	28.969766	15.728045	51.651853	31.277995	16.335519
35.536423	15.56948	-0.026043	30.935379	22.856936	3.411969	43.262823	13.385423	6.843345	37.958212	26.727049	9.489677	42.200038	29.407643	13.425889	51.862445	39.322265	13.754683	49.544931	20.745451	15.715891	62.19015	35.380185	13.764102	59.997783	19.526212	15.63249	69.370387	28.138548	16.889839	61.040789	28.96563	15.731412	51.668063	31.273055	16.353748
35.564206	15.504615	-0.02256	30.974499	22.8672	3.527306	43.350934	13.375873	6.811419	37.692621	26.613405	8.670777	42.21011	29.400281	13.420924	51.886892	39.301116	13.766644	49.560808	20.731785	15.741696	62.209651	35.36046	13.786378	60.016274	19.515455	15.643484	69.388866	28.124365	16.890812	61.056185	28.959127	15.75502	51.687632	31.265752	16.391988
35.629328	15.473151	-0.038001	30.992283	22.854552	3.545482	43.461741	13.351931	6.694971	37.960654	26.681275	9.230264	42.223041	29.393078	13.415831	51.91762	39.265424	13.7825	49.571478	20.712961	15.767596	62.230725	35.320937	13.809812	60.093837	19.509848	15.696028	69.457939	28.093341	16.893408	61.075785	28.950465	15.780383	51.720327	31.263433	16.487596
35.65217	15.454211	-0.039745	31.012232	22.837338	3.569691	43.577406	13.323032	6.582035	38.101979	26.692878	9.36907	42.239881	29.375534	13.404558	52.060907	39.222982	13.902233	49.5817	20.675633	15.788126	62.239521	35.233195	13.904646	60.11926	19.489969	15.764989	69.470983	28.049673	16.893709	61.096937	28.936058	15.817886	51.605548	30.92369	16.33853
35.676607	15.410612	-0.044754	31.029672	22.828498	3.596059	43.681591	13.30511	6.544929	38.162738	26.702381	9.566096	42.556286	29.445714	14.170008	52.079196	39.175069	13.917451	49.589291	20.569903	15.817131	62.270635	35.198563	13.945878	60.128619	19.447084	15.79677	69.478152	27.924468	16.889416	61.190295	28.877605	15.923213	51.372714	30.329659	16.085208
35.725074	15.330875	-0.051554	31.054507	22.81674	3.621866	43.733147	13.282566	6.519224	38.227117	26.697251	9.766675	42.418059	29.418409	14.147259	52.099472	39.118852	13.92489	49.589657	20.533243	15.85886	62.41439	35.22549	14.027131	60.177495	19.292697	15.827778	69.509762	27.899936	17.068133	61.190825	28.742041	15.915906	51.381333	30.135227	16.044049
35.747072	15.234728	-0.060567	31.075542	22.625598	3.764034	43.7446	13.142968	6.51225	38.294721	26.57926	9.965595	42.399645	29.259345	14.058419	52.112349	39.033497	13.937392	49.611792	20.487818	15.919735	62.181242	35.223681	14.204306	60.180231	19.154989	15.875927	69.535916	27.842734	17.259668	61.192295	28.569717	15.928322	51.431691	30.057315	16.148785
35.763063	15.173823	-0.07737	31.106532	22.421317	3.913971	43.761669	13.11342	6.489524	38.127569	26.379651	8.486844	42.37297	29.068104	13.951953	52.139116	38.932835	14.066659	49.685201	20.358763	15.994556	62.143797	35.15233	14.258321	60.186378	19.109131	15.953901	69.560569	27.727567	17.419561	61.208582	28.441685	16.032285	51.44542	30.065709	16.232747
35.784335	15.118238	-0.091536	31.12701	22.206472	3.963184	43.791109	13.085453	6.463187	38.201248	26.333741	8.398193	42.373279	29.036485	13.933997	52.158104	38.854419	14.07377	49.754791	20.320194	16.056028	62.131659	35.011445	14.398006	60.201783	19.072423	16.059798	69.563311	27.555388	17.426568	61.24105	28.393497	16.204505	51.467929	30.040851	16.325727
35.848786	14.999894	-0.193326	31.152485	22.003386	4.000037	43.847175	13.063442	6.438408	38.182213	26.299403	8.395236	42.373511	29.012769	13.920529	52.171485	38.72646	14.083784	49.781054	20.276704	16.132249	62.183212	34.978746	14.6206	60.245376	19.041157	16.216966	69.584318	27.515662	17.51147	61.262291	28.360348	16.305443	51.50044	30.014728	16.481809
35.860824	14.968073	-0.192067	31.22372	21.826397	4.029983	43.864548	13.04486	6.435317	38.19412	26.270107	8.427742	42.601599	29.029038	14.295708	52.277494	38.68037	14.244118	49.845408	20.147823	16.224957	62.286989	34.930221	14.81375	60.314189	18.91966	16.316211	69.649707	27.496884	17.750373	61.31367	28.358	16.523573	51.548462	29.990306	16.653958
35.874087	14.942124	-0.190099	31.246929	21.816181	4.047468	43.879644	13.025116	6.442113	38.209793	26.135802	8.448437	42.619834	29.0116	14.284433	52.408354	38.6588	14.43189	49.86812	20.126872	16.289228	62.41449	34.858105	14.900835	60.361894	18.905897	16.477984	69.788201	27.457726	17.988992	61.390453	28.357407	16.742249	51.640908	29.848343	16.69622
35.895721	14.920815	-0.189698	31.278175	21.810002	4.073337	43.899575	13.000752	6.451505	38.239989	26.120651	8.4506	42.652322	28.994952	14.272527	52.53507	38.615504	14.48192	49.919049	20.118316	16.405189	62.56658	34.835283	15.000187	60.526318	18.868666	16.665315	69.986029	27.347765	18.184596	61.531664	28.342765	16.879388	51.779286	29.709751	16.822099
35.928105	14.904677	-0.187049	31.334373	21.804751	4.103408	43.923064	12.868016	6.473324	38.291006	26.103883	8.444619	42.715809	28.969496	14.253321	52.615857	38.513046	14.508554	49.981499	20.089811	16.474851	62.707873	34.7787	15.184125	60.716713	18.741926	16.852883	70.212647	27.200976	18.353333	61.75153	28.312131	17.109619	51.982625	29.689121	16.930187
36.033954	14.845621	-0.204139	31.419072	21.7981	4.128965	43.962317	12.829638	6.479656	38.393622	26.071922	8.470261	42.921261	29.04663	15.011514	52.762176	38.461278	14.707352	50.169217	20.046826	16.619717	62.846724	34.647131	15.35124	60.899706	18.675269	17.039091	70.434635	27.160127	18.445463	61.992203	28.171567	17.275531	52.222498	29.683267	17.157484
36.095767	14.772401	-0.198885	31.521055	21.791267	4.282351	44.035218	12.790358	6.489425	38.455642	26.040351	8.46905	43.41757	28.843993	14.912338	53.009106	38.404782	14.905493	50.370259	19.953005	16.749997	63.028476	34.577023	15.533156	61.085424	18.616875	17.22476	70.632904	27.11851	18.525695	62.252291	28.011	17.432888	52.407354	29.685513	17.401819
36.13839	14.674397	-0.193404	31.596941	21.804545	4.444793	44.143014	12.72964	6.49542	38.543991	25.860014	8.479401	43.301751	28.724778	15.18341	53.254285	38.291353	14.961434	50.615486	19.909376	16.911902	63.279763	34.437566	15.596994	61.316591	18.571094	17.420507	70.922957	27.064733	18.758323	62.516385	27.853115	17.518248	52.54589	29.670338	17.66367
36.164764	14.616133	-0.189547	31.672293	21.808618	4.619167	44.252463	12.55204	6.521384	38.647574	25.664601	8.501786	43.412604	28.544494	15.073988	53.564102	38.214341	15.201677	50.946887	19.813922	17.150208	63.6017	34.378215	15.850251	61.587569	18.53163	17.639939	71.240677	26.946616	18.97664	62.830817	27.82406	17.794836	52.751663	29.518476	17.822233
36.209205	14.503866	-0.183689	31.823996	21.797156	4.786702	44.389968	12.350506	6.541156	39.302801	25.774473	10.867734	43.568062	28.495672	15.035732	53.903698	38.085072	15.436073	51.311953	19.767615	17.436526	64.001862	34.254376	16.092134	61.955414	18.408609	17.904456	71.637068	26.782899	19.174301	63.178308	27.816399	18.097058	53.095833	29.365612	18.09038
36.268408	14.341362	-0.179845	31.951828	21.809197	4.961454	44.57465	12.137408	6.537516	39.582565	25.739592	11.125517	44.902367	28.597737	16.550228	54.315663	37.949189	15.719717	51.732584	19.663283	17.773023	64.466813	34.186023	16.424316	62.393741	18.264694	18.18826	72.063806	26.621868	19.418423	63.620401	27.781538	18.441773	53.566704	29.236931	18.456291
35.574551	15.137796	-0.098817	32.084307	21.788865	5.0365	44.766478	11.914948	6.541768	39.988778	25.738694	11.652742	45.154522	28.671402	17.280325	54.89147	37.882015	16.187485	52.194728	19.599997	18.192712	65.027778	34.048613	16.854454	62.907949	18.193769	18.604351	72.539458	26.462706	19.741579	64.11146	27.636189	18.862029	54.128235	29.202111	18.881237
35.809679	15.115588	-0.136827	32.313181	21.767627	5.08018	44.968651	11.668799	6.558193	40.529882	25.714609	12.258267	45.632597	28.539803	16.843085	55.546316	37.755476	16.679537	52.804557	19.488329	18.709102	65.633127	33.887159	17.352234	63.493204	18.06519	19.125251	73.16558	26.426603	20.300359	64.725826	27.485805	19.351096	54.757357	29.189857	19.422841
35.759626	15.024958	-0.31642	32.58792	21.730272	5.130496	45.185232	11.403757	6.57108	41.178499	25.587112	12.863719	45.950677	28.337509	16.708082	56.228841	37.615898	17.213457	53.522232	19.371749	19.305583	66.307099	33.722152	17.909458	64.193747	17.939251	19.770021	73.905787	26.277047	20.910111	65.471476	27.327065	19.919571	55.492531	29.044629	19.969399
35.828746	14.838632	-0.337977	32.886544	21.536777	5.379454	45.408105	11.135964	6.583706	41.929773	25.433413	13.487418	46.965912	28.246559	17.71902	57.07071	37.531746	17.81569	54.316333	19.246669	19.944333	67.160194	33.559507	18.496986	65.002461	17.802754	20.490711	74.75321	26.138346	21.606894	66.301273	27.18141	20.553434	56.345277	28.898712	20.605184
35.952055	14.617483	-0.259974	33.177501	21.370825	5.706628	45.624844	10.877511	6.605908	42.769208	25.287431	14.113927	47.386893	28.030205	17.572138	57.970382	37.389995	18.450438	55.175732	19.135661	20.636958	68.117623	33.4481	19.27206	65.91176	17.6779	21.300816	75.683922	26.019879	22.401676	67.208945	27.051342	21.298802	57.242439	28.748857	21.211731
36.105333	14.434267	-0.144317	33.521617	21.211831	6.088821	45.84152	10.645114	6.645836	43.668251	25.135141	14.716765	48.712953	27.973929	18.953039	58.978078	37.25848	19.180135	56.135951	19.028203	21.383323	69.164477	33.388302	20.101796	66.951998	17.566386	22.20141	76.720568	25.91185	23.240031	68.238399	26.927553	22.081893	58.234693	28.613947	21.921273
35.953296	14.962327	0.009519	33.904841	21.086833	6.443745	46.064395	10.452749	6.695506	44.684129	24.956581	15.336798	50.097846	27.907438	20.318419	60.090416	37.121731	19.958086	57.244338	18.948149	22.202405	70.294181	33.266486	20.927783	68.066184	17.467622	23.077961	77.870912	25.799896	24.056982	69.370677	26.812056	22.932015	59.312894	28.478778	22.669184
35.90599	15.268231	0.188258	34.313743	21.128528	6.731093	46.333081	10.366757	6.739945	45.81516	24.747674	15.974084	50.691232	27.671689	20.155954	61.280719	36.974831	20.790129	58.459264	18.815955	23.045968	71.510007	33.143781	21.812329	69.333628	17.372474	24.049117	79.155131	25.709144	24.969848	70.627603	26.705796	23.84487	60.555435	28.334725	23.465204
36.027058	15.292469	0.375186	34.771378	21.149248	6.976416	47.811422	10.803686	7.656324	47.339308	24.500433	17.707783	52.321193	27.453389	20.728836	62.605464	36.823241	21.692132	59.833701	18.667825	23.949839	72.911959	33.041996	22.824547	70.759857	17.27347	25.06542	80.566708	25.642567	25.982277	72.030236	26.591288	24.754	61.916384	28.186981	24.303228
36.215592	15.22324	0.589259	35.273614	21.197154	7.221919	48.025739	10.674137	7.62805	48.94509	24.396114	19.167762	53.824353	27.298988	21.676684	64.067182	36.668306	22.68571	61.378989	18.478301	24.919921	74.418612	32.943901	23.922721	72.324864	17.193559	26.164717	82.14275	25.597172	27.088522	72.832409	25.817997	24.725291	63.46875	27.973079	24.826571
36.480162	15.026846	0.843067	35.767197	21.228811	7.447082	48.601692	10.672897	7.843669	50.404687	24.086167	19.547806	56.013699	26.99758	22.902462	65.673138	36.511966	23.734875	63.031797	18.329252	25.959412	76.04132	32.858046	25.06881	74.082107	17.119989	27.352927	83.895837	25.677952	28.278733	74.574498	26.534724	25.827829	65.148543	27.807998	25.704847
36.788046	14.806406	1.220198	36.161178	21.228093	7.576306	49.341928	10.741333	8.62579	52.213714	23.896029	20.590121	57.668743	26.682761	23.749555	67.449756	36.353437	24.841448	64.905983	18.125581	27.096906	77.845448	32.774602	26.240897	76.000881	17.067216	28.661822	85.796095	25.791154	29.572148	76.430186	25.864327	26.709943	66.949189	27.54448	26.665676
36.917112	14.764824	1.641515	36.228709	20.279196	0.450257	50.744346	10.862852	9.386124	54.068185	23.553397	21.371113	60.090706	26.424999	25.329222	69.43733	36.004959	25.970644	66.913033	17.975244	28.284213	79.788723	32.705505	27.543355	78.081349	17.021129	30.030555	87.865351	25.799837	30.932193	78.407914	26.34432	28.156889	68.865918	27.275845	27.701035
37.169648	14.763793	2.079071	36.484435	20.497943	2.188225	52.045293	10.974557	10.091878	56.000621	23.205746	22.404311	62.048596	26.084777	26.152176	71.527288	35.822085	27.245126	69.105396	17.748838	29.523313	81.893872	32.638645	28.908865	80.326077	16.954255	31.434461	90.095058	25.798101	32.321462	80.801142	26.239257	29.47779	70.938845	27.042182	28.875163
37.663959	14.724332	1.984729	36.945095	20.550916	2.619685	53.472359	11.103917	10.848295	58.506547	22.925395	23.98334	64.042761	25.681079	26.590888	73.763462	35.652104	28.530141	71.480968	17.521082	30.821656	84.167656	32.56379	30.301431	82.733348	16.832591	32.866712	92.44539	25.801683	33.76306	83.001219	25.936719	31.006096	73.271493	26.889835	30.145239
37.839488	14.862136	3.224796	38.359503	20.523553	2.450214	54.980137	11.259935	11.626563	60.712696	22.475573	24.484623	66.905126	25.456595	28.5084	76.12184	35.468991	29.85949	73.982352	17.276285	32.146262	86.602938	32.486538	31.729889	85.292671	16.786643	34.382972	94.949008	25.812143	35.265245	86.649246	25.885734	33.61701	75.738382	26.758332	31.476675
37.942795	15.989192	3.845621	38.767083	20.578634	3.39728	56.677615	11.503558	12.397342	63.338596	22.260831	26.838067	69.318853	25.068965	29.990053	78.683868	35.214399	31.19438	76.689568	17.038482	33.53185	89.227453	32.410858	33.194759	88.024094	16.644369	35.927401	97.602659	25.820693	36.802343	89.386402	25.78467	35.108263	78.364158	26.50931	32.862437
38.361939	16.872799	4.454032	39.539992	20.570321	3.856006	58.768309	11.737464	13.284925	66.178206	21.889647	28.672765	71.959427	24.596261	30.728186	81.374415	34.942108	32.575932	79.512756	16.788838	34.909904	91.951652	32.316337	34.702215	90.882341	16.499991	37.421033	100.418757	25.835073	38.413708	92.174702	25.704684	36.524579	81.158196	26.244846	34.170626
39.350247	15.320525	5.179678	39.758038	15.917816	5.260006	61.144219	12.105457	14.529916	69.054484	21.48349	30.311482	74.654753	24.148137	31.819339	84.191589	34.686349	34.047665	82.468275	16.531679	36.306081	94.807743	32.152774	36.219994	93.883378	16.419317	38.885047	103.408201	25.832513	39.975769	95.057735	25.639683	37.968238	84.099427	25.989175	35.530224
40.582992	15.484668	6.288389	41.161832	15.076262	7.187072	63.057039	11.965124	16.314581	71.949592	21.158578	31.738503	77.941328	23.988163	34.069038	87.179972	34.436437	35.532003	85.567609	16.295294	37.702577	97.800284	32.066471	37.734075	96.997519	16.342476	40.285216	106.493608	25.806554	41.366732	98.065868	25.441907	39.308365	87.166126	25.749445	36.950469
42.05738	15.363265	7.423788	42.982291	15.263638	8.520121	65.380525	12.12561	17.817278	74.894723	20.894186	33.063669	80.976386	23.637634	34.853383	90.299071	34.24904	37.016176	88.723263	16.079235	39.086656	100.982835	31.980331	39.101409	100.2265	16.17422	41.660814	109.670922	25.773311	42.717269	101.098438	25.232536	40.42522	90.378372	25.531577	38.374913
43.937937	14.435528	8.717132	44.717539	14.339105	9.934009	68.388878	12.153115	19.198843	77.945631	20.647501	34.463761	84.114052	23.370747	36.016607	93.508426	34.07555	38.382097	91.990802	15.890406	40.430766	104.23281	31.861992	40.392244	103.514925	16.006586	42.976318	112.975188	25.731434	44.037964	104.238356	25.144334	41.644054	93.615875	25.295763	39.62074
45.988188	13.743693	10.072076	46.857108	13.693986	11.202892	71.225748	12.181231	20.630875	81.050012	20.430323	35.84755	87.499056	23.234317	37.909845	96.822584	33.957619	39.713924	95.3576	15.73142	41.699067	107.541756	31.68122	41.581523	106.842336	15.912852	44.140189	116.336457	25.676654	45.215038	107.587663	25.052948	42.781685	96.970886	25.08418	40.836533
48.902687	12.824401	11.318855	48.6864	12.280943	11.413253	74.048485	12.088826	22.043471	84.130314	19.685765	37.290123	90.979338	23.584228	39.015627	100.204317	33.845366	40.865024	98.788536	15.547912	42.914384	110.953516	31.589901	42.646176	110.252679	15.819475	45.190205	119.82993	25.595033	46.225572	111.028615	24.980338	43.929683	100.378721	24.996187	42.041673
51.994238	11.845134	12.650978	51.576956	11.51359	12.759968	76.385629	12.06111	23.48521	86.911952	19.387452	38.480118	94.33633	23.698929	40.677145	103.616099	33.732222	41.92133	102.238904	15.279347	44.002537	114.369807	31.492327	43.622593	113.725406	15.700361	46.071307	123.341858	25.493637	47.069977	114.504948	24.866393	44.913793	103.844292	24.893805	43.113001
54.99375	10.87149	14.152374	54.43815	10.62411	14.337922	79.221421	11.753522	24.891469	90.075703	19.176855	39.621928	97.715664	23.41297	41.139733	106.924961	34.111356	43.121963	105.80838	14.422084	45.004088	117.908379	31.379955	44.340587	117.210648	15.475464	46.794401	126.865885	25.379483	47.73932	118.045986	24.633299	45.615641	107.309646	24.802917	44.070968
58.007192	10.028003	15.540534	57.197825	9.639782	15.641188	82.580599	11.975337	26.19293	93.330341	19.035957	40.759857	101.092083	23.307498	42.686182	110.14846	33.682788	43.804459	109.33446	14.560996	45.778782	121.403425	31.27979	44.936026	120.708165	15.338041	47.293725	130.367003	25.251698	48.259557	121.581553	24.505783	46.216991	110.796797	24.694485	44.869375
61.019742	9.26277	16.814926	60.665022	8.742584	16.965185	85.846196	11.528536	27.524504	96.546135	18.804771	41.792873	104.17628	23.274699	43.951327	113.43757	33.495973	44.444205	112.80491	14.473337	46.436967	124.904111	31.172225	45.317182	124.195133	14.905105	47.651497	133.870265	25.083369	48.465138	125.098396	24.376222	46.702044	114.296779	24.57169	45.589965
64.0217	8.570898	18.157181	63.796229	7.886698	18.264903	89.231649	11.086254	28.753872	99.803137	18.686346	42.742403	107.747605	23.16454	44.802955	116.755554	33.370782	44.873436	116.212914	14.349587	46.979823	128.280008	31.114928	45.560461	127.632326	14.76113	47.814387	137.354575	24.869052	48.296277	128.600751	24.245937	47.054418	117.779483	24.434011	46.137752
66.68648	7.410374	19.242759	66.278654	6.893943	19.284815	92.439111	10.40155	29.630418	103.060605	18.556685	43.484677	111.142826	23.093997	45.749011	120.056161	33.34626	45.308889	119.568398	14.206404	47.335986	131.537801	31.077024	45.710311	130.937604	14.686171	47.812238	140.641158	24.631374	47.799667	131.957334	24.228455	47.901091	121.095377	24.29338	46.559994
69.830147	6.41654	20.480389	69.743706	6.495412	20.406869	95.755869	8.948043	30.584287	106.311118	18.43785	44.016271	113.900249	22.810769	45.188834	123.346199	33.349936	45.643998	122.889098	14.080855	47.579741	134.731119	31.005705	45.635121	134.157722	14.571223	47.67753	144.025273	25.108142	47.973141	135.076667	24.150603	47.823918	124.40046	24.158031	46.78997
73.217124	5.294148	21.8717	73.571585	5.500405	22.877972	99.582548	8.200271	30.918133	109.634916	18.456217	44.321057	117.367536	22.701552	45.70072	126.604143	33.361155	45.815958	126.14254	13.997195	47.523202	137.839403	30.863144	45.397883	137.317056	14.483008	47.388808	147.276778	25.188235	47.646933	138.373583	24.096673	47.710678	127.658794	24.028811	46.852183
76.77123	4.258945	23.302301	77.106857	4.399101	23.671666	103.388951	7.210567	31.375536	112.87076	18.436653	44.408119	121.106007	22.92735	45.929188	129.806609	33.344786	45.708854	129.411747	13.939894	47.382462	140.904852	30.787748	45.034493	140.449285	14.394215	46.962524	150.447239	25.027735	47.056156	141.253381	24.016626	47.320812	130.84082	23.97895	46.692438
80.465897	3.31369	24.665052	80.685763	3.552732	24.930161	107.181106	6.232978	31.59125	116.061644	18.403476	44.254661	124.357106	22.967922	46.025264	132.937339	33.302497	45.401144	132.744029	14.280222	46.973098	143.940823	30.671724	44.459211	143.503013	14.292563	46.398449	153.465405	24.869148	46.378282	144.348121	23.887314	46.530991	133.947255	23.940325	46.377593
84.965133	2.325347	25.997238	84.385136	2.929657	26.171889	111.01431	5.368369	31.676226	119.208075	18.329878	43.855542	127.570099	22.88946	45.891385	135.995585	33.249556	44.894948	136.016495	14.334066	46.364571	146.929828	30.566708	43.77133	146.556542	14.188704	45.676962	156.465044	24.642981	45.653459	147.323949	23.770713	45.812336	135.401582	23.904559	46.526592
88.57031	1.988481	27.486119	88.460131	1.809302	27.518541	114.968453	4.580984	31.576957	122.299842	18.227187	43.207393	130.256876	22.731188	44.841386	139.034423	33.157385	44.139892	139.183364	13.796639	45.691262	149.94017	30.435326	42.845072	149.600648	14.079367	44.825441	159.082351	24.620662	45.498223	150.310309	23.679594	45.058065	138.76497	24.97642	46.98809
92.478825	1.981555	28.350048	92.583865	1.513139	28.736171	118.937777	3.891105	31.338653	125.285888	18.106413	42.333421	133.128264	22.591597	43.907557	142.024899	33.047839	43.14918	142.581985	14.6602	44.676878	152.938028	30.324914	41.810154	152.513361	13.752586	43.797607	161.815611	24.525048	44.704093	153.305173	23.57162	44.088152	141.631874	24.805447	45.910493
96.579423	2.269331	29.228333	96.083245	1.535605	28.891048	122.903734	3.342077	31.01243	128.269208	17.96461	41.341584	136.468612	22.490768	43.255149	145.002678	32.950934	42.012199	145.295404	13.458833	43.611589	155.857336	30.147391	40.240922	155.427226	13.709208	42.64512	164.688165	24.401145	43.576353	156.274938	23.526698	43.047748	144.485955	24.639412	44.90061
100.739203	2.336917	30.012817	100.110577	1.934226	29.33937	126.774861	2.853981	30.047652	131.927935	17.645367	39.430808	139.478316	22.309254	42.072855	147.915133	32.907112	40.723458	148.214172	13.25596	42.438955	158.783001	30.031236	38.850007	157.94028	13.69853	41.128715	167.549478	24.376751	42.391345	159.151193	23.401741	41.716193	147.256162	24.175939	43.622743
104.917444	2.843902	30.389626	104.379797	2.506651	29.729252	130.018954	2.25945	29.420159	135.042299	17.581033	39.06547	142.473597	22.120493	40.803136	150.79139	32.881668	39.304402	151.16421	13.189803	41.051288	161.685944	29.972323	37.403731	160.901822	13.677971	39.721215	170.361928	24.355732	40.99227	162.028278	23.342479	40.282062	150.607581	24.254635	42.53078
109.312386	3.492708	30.470699	108.645656	3.173327	29.800939	133.906535	2.678949	28.706158	138.043147	17.291683	37.133422	145.468605	21.920453	39.423087	153.685942	32.713953	37.710257	154.05049	13.147513	39.433552	164.510954	29.924298	35.81048	163.872757	13.660605	38.221656	173.194186	24.311241	39.387964	164.850668	23.310955	38.697822	153.583994	24.026157	41.132986
113.91163	4.627532	30.458298	112.964354	3.859999	29.617866	137.569917	2.461001	27.964118	141.335545	17.154245	36.223061	148.408104	21.846436	37.975601	156.40057	32.498645	35.675243	157.189105	13.134643	37.79411	167.375183	29.883647	34.03768	166.956656	13.602863	36.285914	176.0416	24.264278	37.638413	167.693003	23.263459	36.913288	156.581558	24.3157	39.777104
118.22484	5.548842	29.545867	117.201201	4.5736	29.067566	141.113076	1.777871	27.024693	143.989464	16.88611	34.072514	151.339996	21.782037	36.410399	159.258122	32.351484	33.825791	160.363049	13.058136	35.869041	170.241285	29.833078	32.108304	170.006709	13.582157	34.353784	178.930512	24.208721	35.699264	170.581662	23.213981	34.968869	159.505617	23.753988	37.885963
122.542957	6.352587	28.828101	121.47291	5.174255	28.327432	144.992428	1.663806	26.177293	146.819897	16.679002	32.241025	154.290665	21.712905	34.706221	162.192035	32.257278	31.927105	163.568833	12.964819	33.778865	173.160984	29.775473	30.00567	173.044641	13.579485	32.218694	181.848011	24.144	33.622993	173.500328	23.199994	32.892825	162.435106	23.995152	36.18169
126.919842	6.62685	27.942646	126.403705	5.741717	27.685024	148.456005	2.143114	24.357025	149.925509	16.595371	30.492462	157.367261	21.625036	32.845988	165.159727	32.192809	29.823645	166.792898	12.907731	31.57867	176.095138	29.728003	27.747143	176.124203	13.521915	29.913394	184.787917	24.088266	31.340038	176.429188	23.183566	30.730313	165.403071	23.938094	34.191468
130.702039	7.075611	27.014574	130.784414	6.987831	27.181039	151.439196	1.377145	23.414032	153.081635	16.50141	28.531171	160.5446	21.509286	30.755373	168.120566	32.118472	27.56779	169.998205	12.923448	29.305497	179.075711	29.696453	25.388338	179.185034	13.517517	27.5078	187.728406	24.101432	28.956036	179.385492	23.249128	28.464833	170.005047	23.53805	29.971763
134.541414	7.312966	25.34307	134.729534	6.862143	24.979115	154.903458	1.707691	22.053968	156.245635	16.416514	26.46516	163.699292	21.422513	28.63736	171.060885	32.087007	25.233041	173.168895	13.013755	27.048711	181.98744	29.765011	23.037755	182.324181	13.558223	25.14503	190.68426	24.21688	26.586464	182.313795	23.353009	26.172408	172.714608	23.524185	27.568351
138.884358	7.432256	23.368975	138.564756	7.128993	23.555935	158.857005	1.81543	20.604321	159.432983	16.408425	24.508512	166.631799	21.418689	26.527213	173.980069	32.169552	22.805571	176.157327	14.052476	24.898978	185.123455	29.905296	21.213552	185.418756	13.636575	23.178424	193.602789	24.27721	24.167674	185.214794	23.488049	24.090883	175.729767	23.721627	25.47839
143.641887	7.578425	21.855071	142.866848	7.230229	21.835789	162.833916	1.899466	18.902747	162.866173	16.366256	22.397642	169.164995	21.589322	24.691831	177.771866	31.708422	20.5342	178.357789	14.201328	23.518206	187.55292	29.961533	19.823577	188.279453	14.352064	21.401552	195.775981	23.398077	22.229878	187.790388	23.75692	22.790851	178.517886	24.031089	24.144002
147.681929	8.088592	19.772351	146.65045	6.917758	18.65098	166.101112	2.392777	18.021546	165.49802	16.572634	21.457875	171.167242	21.790894	23.396559	178.961642	31.855797	19.59649	180.575211	14.283212	22.488594	189.6681	29.983485	19.444993	190.6743	14.013419	20.872364	NaN	NaN	NaN	190.063213	23.925522	22.42308	180.693393	23.749073	22.656076
152.195913	7.415607	17.823043	150.675993	6.530955	15.699668	169.380276	3.32234	17.3541	165.97929	17.041641	19.196613	172.725651	21.888488	22.318066	180.917515	31.518866	18.273327	181.602143	14.287477	22.665505	191.698628	29.714839	18.525719	191.744995	13.674251	20.374793	NaN	NaN	NaN	191.97101	23.624172	21.899003	182.058873	23.792957	22.541755
154.343305	5.956506	13.807097	154.153977	6.234144	13.582145	172.267206	4.196411	16.412781	168.540867	16.909941	17.177196	173.910112	21.795969	21.135002	182.364217	31.329575	17.789612	182.826716	14.288624	22.092058	193.102434	29.488579	18.74009	193.023043	13.392421	20.628598	NaN	NaN	NaN	192.694345	23.032809	21.63083	183.32882	23.672403	21.940474
157.973633	5.675934	10.432901	158.056492	5.813056	10.639537	174.777828	4.946213	15.017731	170.041283	16.584211	16.431911	174.829808	21.66144	19.997973	183.547769	31.263142	17.487262	183.739687	13.869453	21.58665	193.987606	29.299285	19.379823	193.890949	13.274616	21.428001	NaN	NaN	NaN	194.248256	22.769445	21.72287	184.466673	22.963689	21.096934
160.906798	4.697156	6.58389	160.916955	5.021862	6.803447	176.182407	2.990209	14.067084	170.289601	16.903515	14.619188	175.534901	21.4349	18.862451	184.435405	31.209945	17.300164	184.437377	13.453188	21.031186	194.805699	29.448218	20.143815	194.315392	13.145786	21.572011	NaN	NaN	NaN	194.569766	21.903693	21.302156	184.94912	23.54574	21.422599
162.642604	4.632873	6.071543	162.59958	4.239246	3.493085	178.256636	1.655224	13.428542	171.523258	16.573648	12.921569	176.122198	21.033725	17.71672	185.039951	31.164824	17.270078	184.589227	12.551864	20.4549	194.302212	28.648116	20.140692	194.315392	13.145786	21.572011	NaN	NaN	NaN	195.258494	22.500512	21.750182	185.106652	23.498186	21.100901
162.154878	3.980459	6.220244	162.663439	4.010399	6.0977	179.259716	2.486109	11.516713	172.249736	15.986259	12.497938	176.368746	20.615469	17.261324	185.418248	30.818528	17.008802	185.028185	12.187245	19.945387	195.343324	28.341033	19.900753	194.436081	13.001918	21.627109	NaN	NaN	NaN	195.258494	22.500512	21.750182	185.104632	23.465447	20.862397
162.61387	3.340268	6.221561	162.470438	3.517796	6.174828	179.767028	2.703726	10.76191	172.606242	15.44493	13.032754	176.980815	20.048152	17.236327	185.426413	30.341419	17.169027	185.483035	11.780834	19.804674	195.351579	28.358938	20.025735	195.371306	12.75437	21.514265	NaN	NaN	NaN	195.632768	22.549122	22.003346	185.540916	21.721703	20.10787
162.702274	2.794101	5.994994	162.414191	2.934901	5.723868	179.844168	2.489043	10.914189	172.593715	14.864979	13.098176	176.963723	19.36655	16.241374	185.394682	29.993735	17.411807	185.801053	11.515237	19.898615	195.451151	28.307549	20.026458	195.500187	12.667577	21.564884	NaN	NaN	NaN	195.666699	21.979163	21.811177	185.589591	21.767128	20.387151
162.450577	2.273491	5.809941	162.29711	2.44475	5.762277	179.438557	2.100974	11.367655	172.357858	14.508957	13.152231	176.710511	19.361428	18.753698	185.30097	29.855504	17.580729	185.913721	11.34437	20.066333	195.413169	28.284494	20.012285	195.554965	12.668481	21.581677	NaN	NaN	NaN	195.702414	21.974886	21.779414	185.654831	21.578638	20.542516
162.128275	2.223327	5.555868	162.186668	1.980322	5.798814	178.892668	1.809033	11.637559	172.095314	14.34255	13.230984	176.694795	19.085058	18.601861	185.038662	29.859165	17.716989	185.765055	11.248181	20.193968	195.291523	28.320789	19.996274	195.506497	12.706206	21.561911	NaN	NaN	NaN	195.716459	21.958543	21.676592	185.721189	21.415138	20.139624
162.028733	2.073136	5.301427	162.299542	2.53442	5.751921	178.279573	1.446254	11.667359	171.820055	14.35602	13.327696	176.572047	19.096544	18.591041	184.757901	29.884175	17.69819	185.4943	11.259808	20.251137	195.147739	28.438693	20.029121	195.434576	12.77113	21.531527	NaN	NaN	NaN	195.763613	21.621955	21.261623	185.686763	21.418856	19.967408
161.79373	1.990855	4.811823	162.200239	2.222726	5.583145	177.80527	1.401716	11.582948	171.589431	14.459738	13.345173	176.407471	19.218638	18.559199	184.523803	29.94058	17.608716	185.17247	11.369101	20.177772	194.997833	28.490368	20.016475	195.32871	12.844623	21.489791	NaN	NaN	NaN	195.784713	21.587684	21.048199	185.469497	21.51662	19.943384
161.773357	1.903828	4.309056	162.133493	2.101749	5.376857	177.466423	1.372479	11.317532	171.270323	14.765185	14.181109	176.196469	19.434149	18.722722	184.299154	30.086985	17.519753	184.845442	11.522765	20.11289	194.859846	28.582457	20.035745	194.594792	13.006564	21.58907	NaN	NaN	NaN	195.734703	21.548506	20.814457	185.16219	21.705431	19.978159
161.439535	1.930371	4.350211	162.067266	2.090864	5.264855	177.308862	1.463584	11.104017	171.737931	14.807059	13.309788	176.054559	19.646504	18.70932	184.111175	30.268913	17.55297	184.642051	11.661751	19.993462	194.727769	28.721887	20.086306	194.523791	13.118397	21.553231	NaN	NaN	NaN	195.58623	21.552321	20.857512	184.91475	21.932198	20.011523
161.560335	2.098987	5.319592	162.059439	2.111527	5.257437	177.276559	1.647836	11.045628	171.331187	15.169844	14.086018	175.916897	19.88858	18.761414	184.029956	30.438088	17.581893	184.546549	11.761097	19.989289	194.604039	28.893384	20.161416	194.465414	13.226143	21.521855	NaN	NaN	NaN	194.757644	21.823239	20.77739	184.705707	22.134039	19.963257
162.184456	2.375376	4.782007	162.064964	2.108809	5.251234	177.256184	1.792962	11.113587	171.170664	15.413682	14.085715	175.853231	20.112893	18.647967	184.022901	30.670686	17.613835	184.504308	11.902591	20.042174	194.49711	28.997785	20.188087	194.440198	13.390238	21.493486	NaN	NaN	NaN	194.756215	21.821249	20.765363	184.544328	22.391049	20.057197
162.023679	2.390923	4.803605	162.088774	2.112348	5.260884	177.28238	2.025257	11.196316	171.197572	15.644064	14.064643	175.870175	20.33815	18.542471	184.057609	30.901753	17.555945	184.523485	12.150048	20.130844	194.492036	29.233514	20.312806	194.476539	13.598451	21.478204	NaN	NaN	NaN	194.815431	22.70222	21.227594	184.748997	22.629855	20.050588
162.001116	2.58196	5.286837	162.140164	2.113614	5.298104	177.379419	2.259323	11.369815	171.079985	15.873451	14.074807	175.960606	20.551644	18.471543	184.152928	31.102451	17.465092	184.589169	12.392896	20.256077	194.522284	29.469055	20.408419	194.546639	13.823562	21.471028	NaN	NaN	NaN	194.874602	22.987445	21.377148	184.892986	22.884031	20.173349