0.000000,0.000000,0.000041,0.000064,0.000086,0.000108,0.000055,0.000086,0.000118,0.000148,0.000000,0.000000,0.000000,0.000000,-0.000082,0.000164,-0.000248,-0.000092,0.000033,-0.000550,-0.000733,-0.010120,0.001085,0.000008,-0.031990,-0.032707,0.050137,0.008168,0.009630,0.040558,-0.006267,0.010201,-0.003898,-0.002448,0.002019,-0.000621,-0.000001,-0.001204,-0.003999,-0.004084,0.030977,0.011889,0.012025,-0.001812,-0.007083,0.005364,0.005006,-0.001067
0.000000,0.000000,-0.000108,-0.000177,-0.000243,-0.000306,0.000096,0.000157,0.000217,0.000281,0.000000,0.000000,0.000000,0.000000,0.000174,0.000487,0.000877,-0.000156,-0.000504,-0.000859,-0.002423,-0.013673,-0.002773,-0.000294,-0.051886,-0.034455,0.068786,0.008022,0.009142,0.067001,-0.018324,0.031816,-0.001488,-0.005273,-0.002279,-0.011260,-0.001470,-0.002051,-0.006688,-0.007834,0.121828,-0.000352,0.001610,-0.001094,-0.014790,0.008214,0.008088,-0.002768
0.000000,0.000000,0.000067,0.000105,0.000143,0.000179,0.000065,0.000102,0.000139,0.000174,0.000000,0.000000,0.000000,0.000000,-0.000130,0.000176,-0.000430,-0.000110,0.000096,-0.000667,0.000116,0.005968,-0.001575,-0.000072,-0.010918,0.017247,0.009568,0.000937,0.000140,0.006746,0.001521,-0.002038,0.003132,0.001010,0.009202,-0.005633,-0.000324,-0.004280,0.002075,0.001898,0.031460,-0.004408,-0.001829,0.002152,0.001281,-0.002997,-0.002510,-0.000173
0.000000,0.000000,0.000041,0.000064,0.000086,0.000108,0.000055,0.000087,0.000119,0.000149,0.000000,0.000000,0.000000,-0.000000,-0.000082,0.000167,-0.000242,-0.000093,0.000033,-0.000550,-0.000758,-0.010294,0.001097,-0.000002,-0.033197,-0.032592,0.050004,0.008124,0.009551,0.040569,-0.006560,0.010288,-0.003772,-0.002469,0.002103,-0.001108,-0.000051,-0.001303,-0.003971,-0.004114,0.032932,0.011861,0.012023,-0.001829,-0.007342,0.005512,0.005128,-0.001138
-0.000000,0.000000,-0.000106,-0.000173,-0.000238,-0.000299,0.000094,0.000153,0.000212,0.000274,-0.000000,-0.000000,-0.000000,0.000000,0.000171,0.000476,0.000858,-0.000153,-0.000493,-0.000840,-0.002426,-0.013468,-0.002743,-0.000295,-0.051216,-0.033848,0.067813,0.007822,0.008933,0.066250,-0.018226,0.031499,-0.001667,-0.005303,-0.002470,-0.011236,-0.001477,-0.002128,-0.006764,-0.007874,0.121230,-0.000494,0.001438,-0.001096,-0.015046,0.008188,0.008055,-0.002796
-0.000000,-0.000000,0.000067,0.000105,0.000142,0.000178,0.000065,0.000102,0.000139,0.000173,-0.000000,-0.000000,-0.000000,0.000000,-0.000130,0.000176,-0.000421,-0.000110,0.000097,-0.000657,0.000138,0.006163,-0.001578,-0.000063,-0.009869,0.017848,0.009364,0.000812,0.000047,0.006373,0.001800,-0.002180,0.002979,0.001021,0.009080,-0.005402,-0.000280,-0.004141,0.002031,0.001913,0.030260,-0.004443,-0.001903,0.002177,0.001396,-0.003192,-0.002667,-0.000104
-0.000000,-0.000000,0.000041,0.000063,0.000085,0.000107,0.000055,0.000087,0.000119,0.000150,0.000000,-0.000000,0.000000,-0.000000,-0.000082,0.000169,-0.000236,-0.000093,0.000032,-0.000547,-0.000784,-0.010473,0.001112,-0.000013,-0.034365,-0.032481,0.049848,0.008075,0.009467,0.040564,-0.006857,0.010381,-0.003648,-0.002492,0.002177,-0.001590,-0.000102,-0.001394,-0.003946,-0.004146,0.034799,0.011831,0.012018,-0.001847,-0.007585,0.005657,0.005246,-0.001206
-0.000000,-0.000000,-0.000107,-0.000173,-0.000239,-0.000300,0.000095,0.000154,0.000213,0.000275,-0.000000,-0.000000,0.000000,0.000000,0.000171,0.000478,0.000860,-0.000153,-0.000494,-0.000843,-0.002429,-0.013256,-0.002717,-0.000295,-0.050537,-0.033253,0.066866,0.007625,0.008729,0.065522,-0.018127,0.031194,-0.001848,-0.005334,-0.002661,-0.011204,-0.001484,-0.002176,-0.006843,-0.007915,0.120497,-0.000637,0.001265,-0.001098,-0.015270,0.008156,0.008016,-0.002819
0.000000,0.000000,0.000067,0.000105,0.000143,0.000179,0.000065,0.000102,0.000138,0.000173,-0.000000,0.000000,-0.000000,0.000000,-0.000130,0.000176,-0.000417,-0.000110,0.000099,-0.000650,0.000160,0.006364,-0.001585,-0.000053,-0.008810,0.018455,0.009149,0.000688,-0.000046,0.005986,0.002085,-0.002330,0.002827,0.001034,0.008961,-0.005165,-0.000236,-0.004024,0.001990,0.001931,0.029096,-0.004476,-0.001975,0.002202,0.001508,-0.003388,-0.002825,-0.000034
-0.000000,0.000000,0.000041,0.000063,0.000085,0.000106,0.000056,0.000088,0.000120,0.000150,0.000000,0.000000,0.000000,0.000000,-0.000081,0.000171,-0.000230,-0.000094,0.000032,-0.000545,-0.000816,-0.010627,0.001084,-0.000017,-0.035158,-0.032884,0.049809,0.008079,0.009447,0.040844,-0.007133,0.010713,-0.003614,-0.002556,0.002127,-0.001867,-0.000139,-0.001462,-0.004004,-0.004239,0.034450,0.011833,0.012036,-0.001913,-0.007868,0.005735,0.005295,-0.001217
0.000000,-0.000000,-0.000107,-0.000174,-0.000239,-0.000301,0.000095,0.000154,0.000214,0.000276,-0.000000,0.000000,-0.000000,-0.000000,0.000171,0.000479,0.000862,-0.000154,-0.000496,-0.000847,-0.002417,-0.013050,-0.002763,-0.000295,-0.050138,-0.032723,0.066244,0.007492,0.008577,0.064943,-0.017997,0.030946,-0.001924,-0.005320,-0.002659,-0.011185,-0.001476,-0.002151,-0.006851,-0.007894,0.120368,-0.000774,0.001145,-0.001162,-0.015479,0.008177,0.007993,-0.002836
0.000000,-0.000000,0.000068,0.000106,0.000143,0.000180,0.000065,0.000101,0.000138,0.000172,-0.000000,-0.000000,0.000000,-0.000000,-0.000131,0.000176,-0.000414,-0.000109,0.000101,-0.000642,0.000191,0.006545,-0.001568,-0.000050,-0.008135,0.018864,0.008675,0.000607,-0.000124,0.005322,0.002362,-0.002686,0.002779,0.001095,0.009009,-0.004951,-0.000202,-0.003928,0.002041,0.002020,0.028446,-0.004409,-0.001922,0.002219,0.001699,-0.003394,-0.002825,-0.000044
0.000000,0.000000,0.000041,0.000063,0.000085,0.000106,0.000056,0.000088,0.000120,0.000150,0.000000,0.000000,0.000000,0.000000,-0.000081,0.000170,-0.000232,-0.000094,0.000031,-0.000548,-0.000837,-0.010709,0.001042,-0.000016,-0.035254,-0.033410,0.050024,0.008138,0.009506,0.041279,-0.007288,0.011051,-0.003653,-0.002618,0.002031,-0.001857,-0.000152,-0.001506,-0.004090,-0.004332,0.033840,0.011829,0.012044,-0.002000,-0.008087,0.005761,0.005298,-0.001197
-0.000000,0.000000,-0.000107,-0.000174,-0.000239,-0.000301,0.000095,0.000154,0.000214,0.000276,-0.000000,-0.000000,0.000000,-0.000000,0.000171,0.000479,0.000861,-0.000154,-0.000495,-0.000846,-0.002400,-0.012915,-0.002833,-0.000295,-0.050138,-0.032454,0.066075,0.007453,0.008523,0.064695,-0.017896,0.030830,-0.001906,-0.005283,-0.002537,-0.011197,-0.001463,-0.002101,-0.006811,-0.007843,0.120905,-0.000887,0.001076,-0.001241,-0.015531,0.008232,0.007998,-0.002844
-0.000000,-0.000000,0.000068,0.000106,0.000144,0.000180,0.000064,0.000101,0.000137,0.000172,-0.000000,-0.000000,-0.000000,-0.000000,-0.000131,0.000175,-0.000418,-0.000109,0.000101,-0.000645,0.000216,0.006652,-0.001543,-0.000050,-0.008060,0.018963,0.008154,0.000583,-0.000164,0.004729,0.002532,-0.003031,0.002816,0.001161,0.009129,-0.004866,-0.000186,-0.003903,0.002129,0.002118,0.028226,-0.004345,-0.001851,0.002256,0.001899,-0.003299,-0.002740,-0.000094
-0.000000,-0.000000,0.000040,0.000063,0.000085,0.000106,0.000056,0.000088,0.000120,0.000151,0.000000,-0.000000,-0.000000,-0.000000,-0.000081,0.000170,-0.000235,-0.000094,0.000030,-0.000552,-0.000854,-0.010759,0.000998,-0.000014,-0.035184,-0.033926,0.050405,0.008216,0.009597,0.041785,-0.007377,0.011373,-0.003727,-0.002676,0.001937,-0.001760,-0.000152,-0.001522,-0.004185,-0.004418,0.033269,0.011831,0.012055,-0.002073,-0.008274,0.005771,0.005292,-0.001171
-0.000000,0.000000,-0.000106,-0.000173,-0.000238,-0.000300,0.000095,0.000154,0.000214,0.000276,0.000000,0.000000,-0.000000,0.000000,0.000171,0.000479,0.000859,-0.000154,-0.000494,-0.000846,-0.002382,-0.012808,-0.002906,-0.000295,-0.050254,-0.032224,0.066086,0.007450,0.008505,0.064586,-0.017813,0.030785,-0.001825,-0.005234,-0.002363,-0.011231,-0.001449,-0.002051,-0.006740,-0.007771,0.121539,-0.000986,0.001027,-0.001301,-0.015533,0.008273,0.007998,-0.002848
0.000000,0.000000,0.000068,0.000107,0.000144,0.000181,0.000064,0.000101,0.000137,0.000171,-0.000000,0.000000,0.000000,0.000000,-0.000131,0.000173,-0.000425,-0.000109,0.000102,-0.000647,0.000237,0.006732,-0.001514,-0.000052,-0.008054,0.019028,0.007521,0.000562,-0.000209,0.004107,0.002654,-0.003370,0.002900,0.001229,0.009254,-0.004821,-0.000180,-0.003909,0.002237,0.002219,0.027868,-0.004290,-0.001790,0.002287,0.002110,-0.003209,-0.002664,-0.000143
-0.000000,0.000000,0.000040,0.000063,0.000085,0.000106,0.000056,0.000088,0.000120,0.000151,0.000000,0.000000,0.000000,0.000000,-0.000081,0.000169,-0.000240,-0.000094,0.000029,-0.000557,-0.000867,-0.010783,0.000952,-0.000008,-0.034905,-0.034542,0.050361,0.008257,0.009639,0.042037,-0.007438,0.011685,-0.003800,-0.002731,0.001791,-0.001616,-0.000150,-0.001542,-0.004277,-0.004501,0.030721,0.011851,0.012072,-0.002141,-0.008308,0.005702,0.005217,-0.001112
0.000000,0.000000,-0.000106,-0.000173,-0.000238,-0.000299,0.000095,0.000154,0.000213,0.000275,0.000000,-0.000000,0.000000,0.000000,0.000170,0.000477,0.000857,-0.000153,-0.000493,-0.000843,-0.002364,-0.012752,-0.002987,-0.000294,-0.050506,-0.032164,0.066178,0.007465,0.008505,0.064503,-0.017741,0.030744,-0.001754,-0.005186,-0.002171,-0.011251,-0.001434,-0.001991,-0.006676,-0.007706,0.122100,-0.001020,0.001048,-0.001380,-0.015416,0.008335,0.008015,-0.002847
0.000000,-0.000000,0.000068,0.000107,0.000145,0.000181,0.000064,0.000101,0.000137,0.000171,-0.000000,-0.000000,-0.000000,-0.000000,-0.000131,0.000171,-0.000433,-0.000108,0.000101,-0.000653,0.000254,0.006765,-0.001487,-0.000056,-0.008322,0.018910,0.007126,0.000580,-0.000216,0.003645,0.002730,-0.003668,0.002976,0.001290,0.009421,-0.004792,-0.000177,-0.003923,0.002333,0.002308,0.028576,-0.004175,-0.001653,0.002287,0.002211,-0.003005,-0.002491,-0.000223
-0.000000,0.000000,0.000041,0.000063,0.000085,0.000106,0.000056,0.000088,0.000120,0.000150,-0.000000,0.000000,0.000000,-0.000000,-0.000081,0.000168,-0.000246,-0.000094,0.000029,-0.000561,-0.000875,-0.010795,0.000923,-0.000005,-0.034656,-0.034945,0.050272,0.008279,0.009661,0.042157,-0.007474,0.011881,-0.003846,-0.002767,0.001688,-0.001507,-0.000149,-0.001562,-0.004336,-0.004554,0.028937,0.011862,0.012079,-0.002194,-0.008344,0.005652,0.005160,-0.001070
-0.000000,-0.000000,-0.000106,-0.000172,-0.000237,-0.000298,0.000094,0.000153,0.000212,0.000275,-0.000000,0.000000,-0.000000,0.000000,0.000170,0.000476,0.000855,-0.000153,-0.000492,-0.000841,-0.002352,-0.012721,-0.003041,-0.000294,-0.050692,-0.032156,0.066240,0.007477,0.008506,0.064444,-0.017694,0.030715,-0.001714,-0.005156,-0.002048,-0.011261,-0.001423,-0.001952,-0.006638,-0.007666,0.122416,-0.001037,0.001068,-0.001445,-0.015353,0.008388,0.008034,-0.002847
0.000000,-0.000000,0.000068,0.000107,0.000145,0.000181,0.000064,0.000101,0.000137,0.000171,0.000000,-0.000000,0.000000,0.000000,-0.000131,0.000170,-0.000439,-0.000108,0.000100,-0.000660,0.000264,0.006779,-0.001471,-0.000059,-0.008545,0.018800,0.006901,0.000596,-0.000214,0.003375,0.002772,-0.003849,0.003024,0.001328,0.009530,-0.004780,-0.000176,-0.003939,0.002392,0.002362,0.029110,-0.004097,-0.001559,0.002292,0.002285,-0.002861,-0.002366,-0.000280
0.000000,-0.000000,0.000041,0.000063,0.000085,0.000107,0.000056,0.000088,0.000119,0.000150,-0.000000,-0.000000,0.000000,-0.000000,-0.000081,0.000166,-0.000255,-0.000093,0.000028,-0.000567,-0.000886,-0.010909,0.000961,-0.000016,-0.035602,-0.034496,0.049953,0.008196,0.009546,0.041865,-0.007656,0.011746,-0.003716,-0.002750,0.001815,-0.001952,-0.000188,-0.001671,-0.004262,-0.004528,0.031103,0.011825,0.012066,-0.002162,-0.008282,0.005758,0.005258,-0.001147
0.000000,-0.000000,-0.000105,-0.000171,-0.000236,-0.000297,0.000094,0.000153,0.000212,0.000273,0.000000,-0.000000,-0.000000,0.000000,0.000169,0.000475,0.000852,-0.000152,-0.000490,-0.000837,-0.002364,-0.012578,-0.002971,-0.000294,-0.050102,-0.031780,0.065509,0.007317,0.008354,0.063950,-0.017652,0.030509,-0.001904,-0.005208,-0.002297,-0.011223,-0.001434,-0.002046,-0.006740,-0.007736,0.121811,-0.001124,0.000932,-0.001409,-0.015303,0.008332,0.007999,-0.002858
-0.000000,0.000000,0.000068,0.000106,0.000144,0.000181,0.000064,0.000101,0.000137,0.000171,0.000000,0.000000,-0.000000,0.000000,-0.000131,0.000168,-0.000449,-0.000108,0.000098,-0.000670,0.000271,0.006905,-0.001487,-0.000049,-0.007798,0.019239,0.007057,0.000501,-0.000268,0.003382,0.002943,-0.003777,0.002865,0.001301,0.009364,-0.004639,-0.000144,-0.003889,0.002304,0.002324,0.028841,-0.004180,-0.001675,0.002292,0.002175,-0.003049,-0.002525,-0.000191
-0.000000,-0.000000,0.000041,0.000064,0.000086,0.000108,0.000056,0.000089,0.000121,0.000152,0.000000,0.000000,-0.000000,-0.000000,-0.000082,0.000171,-0.000242,-0.000095,0.000031,-0.000560,-0.000901,-0.010964,0.000980,-0.000026,-0.036457,-0.033963,0.049578,0.008128,0.009422,0.041589,-0.007895,0.011591,-0.003459,-0.002727,0.001991,-0.002410,-0.000253,-0.001797,-0.004132,-0.004485,0.033502,0.011718,0.011992,-0.002106,-0.008291,0.005847,0.005346,-0.001224
0.000000,-0.000000,-0.000106,-0.000173,-0.000239,-0.000300,0.000095,0.000154,0.000213,0.000275,-0.000000,0.000000,0.000000,0.000000,0.000171,0.000478,0.000860,-0.000153,-0.000494,-0.000844,-0.002379,-0.012472,-0.002901,-0.000295,-0.049351,-0.031587,0.064574,0.007158,0.008199,0.063319,-0.017591,0.030137,-0.002235,-0.005286,-0.002639,-0.011097,-0.001447,-0.002088,-0.006912,-0.007857,0.120445,-0.001182,0.000808,-0.001305,-0.015320,0.008199,0.007918,-0.002833
0.000000,0.000000,0.000067,0.000105,0.000143,0.000179,0.000064,0.000100,0.000136,0.000170,-0.000000,-0.000000,-0.000000,0.000000,-0.000130,0.000172,-0.000423,-0.000108,0.000100,-0.000647,0.000286,0.007134,-0.001529,-0.000042,-0.006805,0.019856,0.007177,0.000389,-0.000342,0.003298,0.003229,-0.003784,0.002628,0.001290,0.009211,-0.004421,-0.000093,-0.003684,0.002198,0.002308,0.027899,-0.004333,-0.001852,0.002347,0.002144,-0.003327,-0.002748,-0.000082
0.000000,-0.000000,0.000042,0.000065,0.000087,0.000109,0.000057,0.000090,0.000123,0.000154,0.000000,-0.000000,0.000000,-0.000000,-0.000084,0.000178,-0.000221,-0.000096,0.000036,-0.000543,-0.000914,-0.010928,0.000945,-0.000025,-0.036513,-0.034027,0.049458,0.008146,0.009409,0.041668,-0.008010,0.011667,-0.003340,-0.002740,0.002025,-0.002470,-0.000286,-0.001824,-0.004099,-0.004496,0.033217,0.011649,0.011942,-0.002105,-0.008374,0.005828,0.005328,-0.001217
-0.000000,-0.000000,-0.000108,-0.000176,-0.000243,-0.000305,0.000096,0.000156,0.000216,0.000279,-0.000000,-0.000000,0.000000,-0.000000,0.000174,0.000483,0.000872,-0.000155,-0.000502,-0.000855,-0.002377,-0.012462,-0.002921,-0.000294,-0.049183,-0.031659,0.064283,0.007128,0.008163,0.063052,-0.017537,0.029919,-0.002393,-0.005305,-0.002706,-0.011014,-0.001444,-0.002007,-0.006982,-0.007896,0.119946,-0.001187,0.000799,-0.001270,-0.015354,0.008147,0.007880,-0.002804
-0.000000,0.000000,0.000067,0.000104,0.000141,0.000177,0.000064,0.000100,0.000136,0.000170,-0.000000,0.000000,-0.000000,0.000000,-0.000129,0.000178,-0.000386,-0.000108,0.000103,-0.000613,0.000304,0.007284,-0.001544,-0.000044,-0.006498,0.020108,0.006977,0.000352,-0.000382,0.002984,0.003418,-0.003978,0.002550,0.001328,0.009257,-0.004307,-0.000065,-0.003502,0.002205,0.002364,0.027445,-0.004383,-0.001892,0.002405,0.002250,-0.003370,-0.002773,-0.000080
-0.000000,0.000000,0.000043,0.000066,0.000089,0.000111,0.000058,0.000091,0.000124,0.000155,0.000000,-0.000000,0.000000,-0.000000,-0.000085,0.000180,-0.000220,-0.000097,0.000038,-0.000543,-0.000914,-0.010849,0.000919,-0.000023,-0.036516,-0.033955,0.049565,0.008171,0.009423,0.041780,-0.008004,0.011670,-0.003292,-0.002737,0.002091,-0.002466,-0.000294,-0.001860,-0.004078,-0.004485,0.033290,0.011604,0.011914,-0.002065,-0.008407,0.005798,0.005310,-0.001213
0.000000,0.000000,-0.000109,-0.000177,-0.000244,-0.000307,0.000096,0.000156,0.000217,0.000280,-0.000000,0.000000,-0.000000,-0.000000,0.000174,0.000485,0.000876,-0.000155,-0.000504,-0.000858,-0.002376,-0.012492,-0.002936,-0.000294,-0.049122,-0.031736,0.064285,0.007139,0.008174,0.063036,-0.017529,0.029865,-0.002444,-0.005311,-0.002721,-0.010974,-0.001441,-0.001969,-0.007005,-0.007911,0.119567,-0.001168,0.000814,-0.001211,-0.015388,0.008077,0.007837,-0.002779
0.000000,-0.000000,0.000066,0.000103,0.000140,0.000175,0.000063,0.000100,0.000135,0.000169,-0.000000,0.000000,-0.000000,0.000000,-0.000127,0.000179,-0.000373,-0.000107,0.000102,-0.000604,0.000312,0.007372,-0.001556,-0.000046,-0.006196,0.020356,0.006655,0.000310,-0.000437,0.002697,0.003500,-0.004099,0.002550,0.001356,0.009270,-0.004264,-0.000057,-0.003443,0.002232,0.002408,0.026680,-0.004459,-0.001966,0.002431,0.002344,-0.003448,-0.002840,-0.000065
0.000000,0.000000,0.000043,0.000067,0.000090,0.000113,0.000058,0.000092,0.000125,0.000157,0.000000,-0.000000,-0.000000,-0.000000,-0.000087,0.000189,-0.000185,-0.000098,0.000046,-0.000513,-0.000914,-0.010722,0.000862,-0.000017,-0.036268,-0.034137,0.049702,0.008227,0.009471,0.042021,-0.007962,0.011785,-0.003282,-0.002750,0.002112,-0.002331,-0.000294,-0.001753,-0.004092,-0.004498,0.031880,0.011567,0.011893,-0.002032,-0.008422,0.005702,0.005233,-0.001172
-0.000000,-0.000000,-0.000111,-0.000181,-0.000249,-0.000313,0.000098,0.000160,0.000221,0.000286,0.000000,0.000000,-0.000000,0.000000,0.000178,0.000493,0.000890,-0.000158,-0.000514,-0.000878,-0.002367,-0.012554,-0.003000,-0.000294,-0.049286,-0.031900,0.064522,0.007196,0.008224,0.063125,-0.017514,0.029849,-0.002437,-0.005291,-0.002617,-0.010948,-0.001430,-0.001813,-0.006991,-0.007893,0.119464,-0.001129,0.000878,-0.001165,-0.015378,0.008019,0.007795,-0.002745
-0.000000,-0.000000,0.000065,0.000102,0.000138,0.000173,0.000063,0.000099,0.000135,0.000168,-0.000000,0.000000,0.000000,0.000000,-0.000126,0.000187,-0.000320,-0.000107,0.000109,-0.000555,0.000328,0.007474,-0.001557,-0.000053,-0.006014,0.020593,0.005995,0.000268,-0.000514,0.002097,0.003597,-0.004386,0.002623,0.001423,0.009378,-0.004234,-0.000054,-0.003270,0.002328,0.002509,0.026088,-0.004509,-0.002000,0.002454,0.002505,-0.003433,-0.002835,-0.000091
0.000000,0.000000,0.000044,0.000068,0.000091,0.000114,0.000059,0.000093,0.000127,0.000159,-0.000000,0.000000,0.000000,0.000000,-0.000088,0.000203,-0.000119,-0.000100,0.000058,-0.000454,-0.000912,-0.010521,0.000775,-0.000005,-0.035427,-0.034624,0.049837,0.008326,0.009566,0.042349,-0.007849,0.011987,-0.003311,-0.002775,0.002056,-0.001942,-0.000281,-0.001488,-0.004135,-0.004524,0.028793,0.011533,0.011864,-0.002018,-0.008453,0.005527,0.005082,-0.001080
0.000000,0.000000,-0.000115,-0.000187,-0.000258,-0.000324,0.000102,0.000165,0.000229,0.000296,-0.000000,-0.000000,-0.000000,-0.000000,0.000183,0.000508,0.000914,-0.000163,-0.000531,-0.000913,-0.002350,-0.012690,-0.003121,-0.000293,-0.049793,-0.032311,0.065113,0.007335,0.008348,0.063414,-0.017506,0.029891,-0.002363,-0.005246,-0.002371,-0.010928,-0.001411,-0.001553,-0.006936,-0.007845,0.119571,-0.001044,0.001022,-0.001134,-0.015359,0.007978,0.007759,-0.002695
-0.000000,-0.000000,0.000064,0.000100,0.000136,0.000171,0.000063,0.000099,0.000134,0.000167,0.000000,-0.000000,0.000000,-0.000000,-0.000125,0.000202,-0.000232,-0.000107,0.000121,-0.000471,0.000348,0.007550,-0.001549,-0.000067,-0.006194,0.020676,0.005074,0.000256,-0.000587,0.001280,0.003664,-0.004823,0.002775,0.001526,0.009610,-0.004257,-0.000061,-0.002985,0.002490,0.002662,0.025707,-0.004517,-0.001969,0.002487,0.002760,-0.003295,-0.002725,-0.000177
0.000000,0.000000,0.000044,0.000068,0.000091,0.000114,0.000059,0.000093,0.000126,0.000158,-0.000000,-0.000000,-0.000000,0.000000,-0.000088,0.000210,-0.000074,-0.000100,0.000066,-0.000408,-0.000902,-0.010362,0.000702,0.000009,-0.034267,-0.035354,0.050068,0.008427,0.009700,0.042696,-0.007630,0.012278,-0.003515,-0.002813,0.001882,-0.001373,-0.000230,-0.001173,-0.004265,-0.004581,0.024787,0.011574,0.011888,-0.002047,-0.008485,0.005339,0.004907,-0.000960
0.000000,-0.000000,-0.000117,-0.000191,-0.000263,-0.000331,0.000104,0.000170,0.000235,0.000304,-0.000000,0.000000,-0.000000,-0.000000,0.000186,0.000519,0.000930,-0.000166,-0.000543,-0.000939,-0.002322,-0.012798,-0.003274,-0.000291,-0.050613,-0.032634,0.066127,0.007529,0.008525,0.063978,-0.017510,0.030174,-0.002067,-0.005149,-0.001930,-0.010996,-0.001383,-0.001310,-0.006763,-0.007711,0.120320,-0.000964,0.001198,-0.001190,-0.015332,0.008040,0.007780,-0.002679
-0.000000,-0.000000,0.000064,0.000100,0.000136,0.000171,0.000063,0.000099,0.000134,0.000167,0.000000,0.000000,0.000000,-0.000000,-0.000125,0.000212,-0.000175,-0.000108,0.000131,-0.000417,0.000358,0.007493,-0.001514,-0.000080,-0.006791,0.020485,0.004010,0.000282,-0.000638,0.000476,0.003554,-0.005233,0.003094,0.001628,0.009878,-0.004407,-0.000101,-0.002876,0.002721,0.002814,0.025935,-0.004431,-0.001847,0.002469,0.003030,-0.003019,-0.002505,-0.000311
-0.000000,0.000000,0.000044,0.000068,0.000091,0.000114,0.000059,0.000092,0.000126,0.000157,0.000000,0.000000,0.000000,0.000000,-0.000088,0.000219,-0.000017,-0.000100,0.000076,-0.000350,-0.000899,-0.010303,0.000673,0.000013,-0.034102,-0.035571,0.050045,0.008440,0.009719,0.042760,-0.007559,0.012397,-0.003594,-0.002829,0.001845,-0.001260,-0.000212,-0.000849,-0.004318,-0.004605,0.022955,0.011593,0.011908,-0.002028,-0.008439,0.005253,0.004833,-0.000920
-0.000000,-0.000000,-0.000120,-0.000196,-0.000270,-0.000339,0.000108,0.000175,0.000243,0.000313,-0.000000,-0.000000,-0.000000,-0.000000,0.000190,0.000532,0.000949,-0.000171,-0.000556,-0.000971,-0.002309,-0.012784,-0.003342,-0.000290,-0.050863,-0.032580,0.066477,0.007577,0.008565,0.064134,-0.017491,0.030269,-0.001946,-0.005106,-0.001733,-0.011038,-0.001371,-0.001135,-0.006688,-0.007649,0.120564,-0.000950,0.001255,-0.001191,-0.015276,0.008034,0.007766,-0.002677
0.000000,-0.000000,0.000065,0.000101,0.000137,0.000171,0.000063,0.000099,0.000134,0.000167,-0.000000,-0.000000,-0.000000,-0.000000,-0.000126,0.000224,-0.000105,-0.000108,0.000144,-0.000347,0.000374,0.007560,-0.001491,-0.000083,-0.006549,0.020727,0.003187,0.000222,-0.000731,-0.000236,0.003610,-0.005544,0.003238,0.001695,0.009965,-0.004390,-0.000109,-0.002616,0.002851,0.002917,0.025551,-0.004416,-0.001834,0.002439,0.003171,-0.002971,-0.002480,-0.000339
-0.000000,-0.000000,0.000043,0.000067,0.000090,0.000113,0.000058,0.000092,0.000125,0.000156,-0.000000,0.000000,0.000000,0.000000,-0.000088,0.000232,0.000062,-0.000099,0.000089,-0.000272,-0.000868,-0.010086,0.000666,0.000026,-0.033196,-0.035642,0.049863,0.008435,0.009734,0.042513,-0.007217,0.012287,-0.003714,-0.002798,0.001777,-0.000852,-0.000159,-0.000309,-0.004333,-0.004557,0.019456,0.011655,0.011928,-0.001922,-0.008179,0.005042,0.004670,-0.000835
0.000000,0.000000,-0.000125,-0.000203,-0.000280,-0.000352,0.000112,0.000183,0.000253,0.000326,0.000000,-0.000000,0.000000,0.000000,0.000196,0.000550,0.000977,-0.000177,-0.000575,-0.001013,-0.002308,-0.013037,-0.003400,-0.000289,-0.051487,-0.033193,0.067564,0.007794,0.008781,0.064977,-0.017623,0.030660,-0.001730,-0.005074,-0.001503,-0.011062,-0.001365,-0.000932,-0.006601,-0.007609,0.120430,-0.000724,0.001511,-0.001117,-0.015249,0.007979,0.007748,-0.002644
0.000000,-0.000000,0.000065,0.000102,0.000138,0.000172,0.000063,0.000099,0.000134,0.000167,0.000000,-0.000000,-0.000000,-0.000000,-0.000128,0.000242,-0.000007,-0.000109,0.000162,-0.000252,0.000357,0.007393,-0.001493,-0.000095,-0.007030,0.020449,0.002994,0.000284,-0.000719,-0.000201,0.003334,-0.005521,0.003446,0.001707,0.010079,-0.004564,-0.000157,-0.002282,0.002940,0.002935,0.025747,-0.004367,-0.001762,0.002338,0.003107,-0.002842,-0.002399,-0.000391
0.000000,0.000000,0.000043,0.000066,0.000090,0.000112,0.000058,0.000091,0.000124,0.000155,0.000000,-0.000000,0.000000,-0.000000,-0.000088,0.000238,0.000105,-0.000099,0.000096,-0.000228,-0.000851,-0.009923,0.000624,0.000040,-0.031607,-0.036264,0.050081,0.008522,0.009868,0.042716,-0.006927,0.012489,-0.003939,-0.002821,0.001550,-0.000147,-0.000098,0.000074,-0.004453,-0.004593,0.015937,0.011691,0.011921,-0.001951,-0.008266,0.004860,0.004496,-0.000712
0.000000,-0.000000,-0.000127,-0.000206,-0.000285,-0.000358,0.000115,0.000187,0.000259,0.000334,-0.000000,0.000000,0.000000,-0.000000,0.000198,0.000561,0.000993,-0.000181,-0.000585,-0.001037,-0.002283,-0.013169,-0.003531,-0.000287,-0.052319,-0.033682,0.068685,0.008040,0.009011,0.065711,-0.017653,0.031019,-0.001392,-0.004978,-0.001060,-0.011105,-0.001341,-0.000739,-0.006414,-0.007475,0.120791,-0.000603,0.001720,-0.001160,-0.015320,0.008043,0.007777,-0.002628
-0.000000,0.000000,0.000066,0.000102,0.000139,0.000174,0.000063,0.000099,0.000134,0.000167,-0.000000,-0.000000,-0.000000,0.000000,-0.000129,0.000252,0.000046,-0.000109,0.000173,-0.000198,0.000355,0.007257,-0.001464,-0.000108,-0.007849,0.020035,0.002203,0.000357,-0.000721,-0.000662,0.003110,-0.005794,0.003767,0.001778,0.010315,-0.004773,-0.000209,-0.002143,0.003140,0.003039,0.025664,-0.004261,-0.001626,0.002326,0.003391,-0.002593,-0.002190,-0.000521
0.000000,0.000000,0.000043,0.000067,0.000090,0.000113,0.000058,0.000091,0.000123,0.000155,-0.000000,0.000000,-0.000000,-0.000000,-0.000088,0.000235,0.000092,-0.000098,0.000095,-0.000237,-0.000827,-0.009764,0.000604,0.000051,-0.030412,-0.036554,0.050258,0.008563,0.009954,0.042773,-0.006603,0.012572,-0.004168,-0.002822,0.001412,0.000381,-0.000031,0.000150,-0.004550,-0.004597,0.013006,0.011732,0.011932,-0.001918,-0.008101,0.004673,0.004334,-0.000618
-0.000000,-0.000000,-0.000126,-0.000205,-0.000283,-0.000356,0.000115,0.000186,0.000258,0.000333,0.000000,0.000000,0.000000,0.000000,0.000197,0.000559,0.000989,-0.000180,-0.000582,-0.001032,-0.002265,-0.013279,-0.003610,-0.000285,-0.052991,-0.034050,0.069697,0.008247,0.009210,0.066429,-0.017703,0.031439,-0.001038,-0.004892,-0.000695,-0.011158,-0.001323,-0.000668,-0.006229,-0.007349,0.120989,-0.000476,0.001910,-0.001184,-0.015167,0.008077,0.007795,-0.002614
-0.000000,-0.000000,0.000066,0.000103,0.000139,0.000174,0.000063,0.000098,0.000134,0.000167,0.000000,-0.000000,0.000000,0.000000,-0.000129,0.000248,0.000030,-0.000109,0.000171,-0.000209,0.000343,0.007106,-0.001448,-0.000118,-0.008527,0.019728,0.001591,0.000400,-0.000741,-0.000920,0.002820,-0.005884,0.004087,0.001813,0.010449,-0.005011,-0.000269,-0.002366,0.003302,0.003095,0.026192,-0.004220,-0.001564,0.002258,0.003448,-0.002392,-0.002036,-0.000610
-0.000000,-0.000000,0.000044,0.000067,0.000091,0.000114,0.000058,0.000091,0.000123,0.000155,-0.000000,0.000000,0.000000,0.000000,-0.000089,0.000237,0.000106,-0.000099,0.000099,-0.000222,-0.000810,-0.009600,0.000561,0.000064,-0.028772,-0.037077,0.050163,0.008601,0.010029,0.042749,-0.006316,0.012776,-0.004393,-0.002842,0.001184,0.001035,0.000028,0.000358,-0.004667,-0.004627,0.008819,0.011740,0.011906,-0.001921,-0.007994,0.004437,0.004111,-0.000486
-0.000000,0.000000,-0.000126,-0.000206,-0.000284,-0.000357,0.000115,0.000188,0.000260,0.000335,0.000000,-0.000000,-0.000000,0.000000,0.000198,0.000563,0.000993,-0.000182,-0.000584,-0.001039,-0.002237,-0.013348,-0.003726,-0.000282,-0.053727,-0.034474,0.070618,0.008462,0.009404,0.066997,-0.017700,0.031779,-0.000682,-0.004786,-0.000251,-0.011179,-0.001297,-0.000529,-0.006026,-0.007201,0.120703,-0.000354,0.002122,-0.001242,-0.014967,0.008123,0.007801,-0.002583
0.000000,0.000000,0.000066,0.000103,0.000139,0.000175,0.000063,0.000098,0.000133,0.000166,0.000000,-0.000000,-0.000000,-0.000000,-0.000129,0.000250,0.000047,-0.000108,0.000175,-0.000189,0.000344,0.007020,-0.001421,-0.000130,-0.009213,0.019469,0.000624,0.000424,-0.000793,-0.001562,0.002618,-0.006200,0.004429,0.001891,0.010656,-0.005210,-0.000320,-0.002407,0.003517,0.003211,0.026657,-0.004147,-0.001464,0.002222,0.003646,-0.002130,-0.001816,-0.000735
-0.000000,-0.000000,0.000044,0.000068,0.000092,0.000115,0.000057,0.000090,0.000123,0.000154,0.000000,-0.000000,-0.000000,0.000000,-0.000089,0.000236,0.000099,-0.000098,0.000099,-0.000224,-0.000779,-0.009401,0.000532,0.000076,-0.027202,-0.037364,0.051399,0.008756,0.010281,0.043427,-0.005852,0.012957,-0.004774,-0.002847,0.001078,0.001811,0.000131,0.000555,-0.004837,-0.004644,0.008207,0.011757,0.011908,-0.001933,-0.008199,0.004319,0.003994,-0.000400
0.000000,-0.000000,-0.000126,-0.000205,-0.000282,-0.000355,0.000116,0.000188,0.000260,0.000336,-0.000000,0.000000,-0.000000,-0.000000,0.000196,0.000563,0.000991,-0.000182,-0.000582,-0.001037,-0.002202,-0.013377,-0.003825,-0.000279,-0.054514,-0.034656,0.072090,0.008775,0.009707,0.068089,-0.017721,0.032410,-0.000068,-0.004628,0.000347,-0.011273,-0.001267,-0.000400,-0.005689,-0.006964,0.121811,-0.000289,0.002282,-0.001304,-0.015156,0.008247,0.007881,-0.002619
0.000000,0.000000,0.000066,0.000104,0.000141,0.000176,0.000062,0.000097,0.000132,0.000164,-0.000000,-0.000000,0.000000,-0.000000,-0.000130,0.000246,0.000036,-0.000107,0.000177,-0.000189,0.000333,0.006892,-0.001388,-0.000140,-0.009748,0.019391,-0.000900,0.000409,-0.000911,-0.002334,0.002245,-0.006457,0.004965,0.001962,0.010773,-0.005569,-0.000412,-0.002684,0.003806,0.003327,0.025506,-0.004209,-0.001531,0.002222,0.004130,-0.002031,-0.001738,-0.000833
0.000000,0.000000,0.000044,0.000068,0.000092,0.000116,0.000057,0.000090,0.000122,0.000153,0.000000,0.000000,0.000000,0.000000,-0.000090,0.000228,0.000065,-0.000097,0.000096,-0.000250,-0.000766,-0.009334,0.000487,0.000084,-0.025648,-0.038003,0.052104,0.008863,0.010468,0.043922,-0.005550,0.013370,-0.005201,-0.002899,0.000860,0.002488,0.000218,0.000581,-0.005076,-0.004734,0.006368,0.011774,0.011925,-0.002112,-0.008631,0.004241,0.003854,-0.000298
0.000000,-0.000000,-0.000123,-0.000201,-0.000277,-0.000348,0.000114,0.000186,0.000257,0.000332,0.000000,0.000000,-0.000000,-0.000000,0.000193,0.000557,0.000979,-0.000180,-0.000572,-0.001023,-0.002152,-0.013195,-0.003938,-0.000277,-0.055339,-0.034402,0.072943,0.008960,0.009867,0.068547,-0.017608,0.032844,0.000550,-0.004435,0.001020,-0.011420,-0.001227,-0.000301,-0.005312,-0.006673,0.123128,-0.000339,0.002370,-0.001614,-0.015318,0.008607,0.008087,-0.002729
-0.000000,-0.000000,0.000067,0.000105,0.000142,0.000178,0.000061,0.000096,0.000130,0.000162,-0.000000,-0.000000,-0.000000,-0.000000,-0.000131,0.000236,-0.000008,-0.000106,0.000174,-0.000222,0.000344,0.006891,-0.001319,-0.000144,-0.010116,0.019468,-0.002807,0.000326,-0.001084,-0.003627,0.002073,-0.006980,0.005478,0.002071,0.010893,-0.005804,-0.000480,-0.003087,0.004134,0.003499,0.025118,-0.004192,-0.001530,0.002308,0.004891,-0.001840,-0.001534,-0.000977
-0.000000,-0.000000,0.000046,0.000071,0.000095,0.000119,0.000057,0.000090,0.000123,0.000154,-0.000000,-0.000000,0.000000,-0.000000,-0.000091,0.000205,-0.000072,-0.000097,0.000077,-0.000378,-0.000742,-0.009210,0.000478,0.000091,-0.025058,-0.038070,0.052634,0.008897,0.010563,0.044136,-0.005196,0.013462,-0.005510,-0.002896,0.000824,0.002823,0.000299,0.000054,-0.005203,-0.004738,0.005114,0.011819,0.011969,-0.002137,-0.008862,0.004169,0.003769,-0.000250
0.000000,0.000000,-0.000116,-0.000188,-0.000260,-0.000327,0.000107,0.000174,0.000241,0.000311,0.000000,0.000000,-0.000000,0.000000,0.000183,0.000528,0.000927,-0.000171,-0.000540,-0.000959,-0.002124,-0.013147,-0.003974,-0.000275,-0.055761,-0.034233,0.073713,0.009101,0.010002,0.069096,-0.017591,0.033300,0.001034,-0.004310,0.001432,-0.011525,-0.001205,-0.000462,-0.005039,-0.006479,0.124472,-0.000277,0.002490,-0.001784,-0.015649,0.008845,0.008250,-0.002831
0.000000,0.000000,0.000067,0.000104,0.000142,0.000177,0.000061,0.000095,0.000129,0.000160,0.000000,0.000000,0.000000,0.000000,-0.000129,0.000204,-0.000175,-0.000104,0.000145,-0.000377,0.000329,0.006775,-0.001298,-0.000149,-0.010367,0.019481,-0.003726,0.000281,-0.001191,-0.004064,0.001756,-0.007044,0.005860,0.002094,0.010894,-0.006058,-0.000551,-0.004004,0.004313,0.003543,0.025163,-0.004222,-0.001574,0.002281,0.005297,-0.001744,-0.001448,-0.001055
0.000000,-0.000000,0.000046,0.000071,0.000096,0.000121,0.000057,0.000089,0.000122,0.000152,0.000000,0.000000,0.000000,0.000000,-0.000092,0.000191,-0.000145,-0.000096,0.000068,-0.000441,-0.000693,-0.008973,0.000479,0.000107,-0.022635,-0.038323,0.054194,0.009061,0.010874,0.044825,-0.004494,0.013618,-0.006096,-0.002894,0.000620,0.003920,0.000452,0.000096,-0.005444,-0.004753,0.004770,0.011851,0.011962,-0.002233,-0.009353,0.004070,0.003633,-0.000142
0.000000,-0.000000,-0.000111,-0.000181,-0.000249,-0.000313,0.000104,0.000169,0.000234,0.000301,-0.000000,-0.000000,0.000000,0.000000,0.000176,0.000513,0.000895,-0.000167,-0.000521,-0.000928,-0.002077,-0.013110,-0.004055,-0.000272,-0.056745,-0.034361,0.075587,0.009527,0.010415,0.070561,-0.017596,0.034157,0.001929,-0.004083,0.002262,-0.011648,-0.001169,-0.000448,-0.004541,-0.006136,0.126471,-0.000189,0.002701,-0.001978,-0.016114,0.009179,0.008483,-0.002954
-0.000000,0.000000,0.000068,0.000106,0.000144,0.000180,0.000060,0.000094,0.000127,0.000158,-0.000000,-0.000000,-0.000000,-0.000000,-0.000131,0.000185,-0.000269,-0.000102,0.000136,-0.000452,0.000304,0.006533,-0.001248,-0.000159,-0.011245,0.019108,-0.005292,0.000291,-0.001298,-0.004694,0.001186,-0.007218,0.006487,0.002134,0.010937,-0.006528,-0.000676,-0.004659,0.004609,0.003614,0.023466,-0.004234,-0.001613,0.002341,0.006141,-0.001658,-0.001344,-0.001175
-0.000000,-0.000000,0.000047,0.000072,0.000098,0.000122,0.000056,0.000088,0.000120,0.000151,0.000000,-0.000000,0.000000,0.000000,-0.000092,0.000162,-0.000292,-0.000094,0.000046,-0.000571,-0.000619,-0.008650,0.000537,0.000126,-0.019877,-0.038137,0.056061,0.009200,0.011206,0.045391,-0.003506,0.013480,-0.006815,-0.002846,0.000455,0.005148,0.000657,0.000038,-0.005683,-0.004709,0.005456,0.011919,0.011976,-0.002351,-0.009957,0.003994,0.003510,-0.000044
0.000000,-0.000000,-0.000102,-0.000166,-0.000229,-0.000288,0.000097,0.000157,0.000217,0.000280,0.000000,-0.000000,-0.000000,-0.000000,0.000163,0.000481,0.000831,-0.000157,-0.000484,-0.000864,-0.002038,-0.013154,-0.004083,-0.000269,-0.057810,-0.034662,0.078046,0.010048,0.010947,0.072622,-0.017693,0.035339,0.002966,-0.003855,0.003093,-0.011787,-0.001141,-0.000575,-0.003996,-0.005786,0.129763,-0.000022,0.002965,-0.002276,-0.016964,0.009691,0.008865,-0.003148
0.000000,0.000000,0.000068,0.000107,0.000145,0.000182,0.000059,0.000093,0.000126,0.000157,-0.000000,0.000000,-0.000000,-0.000000,-0.000131,0.000151,-0.000450,-0.000100,0.000108,-0.000617,0.000243,0.006073,-0.001232,-0.000169,-0.012741,0.018249,-0.006031,0.000385,-0.001308,-0.004428,0.000305,-0.006876,0.007111,0.002080,0.010863,-0.007180,-0.000834,-0.005603,0.004800,0.003546,0.022428,-0.004262,-0.001667,0.002402,0.007009,-0.001565,-0.001224,-0.001298
-0.000000,0.000000,0.000048,0.000074,0.000100,0.000126,0.000055,0.000087,0.000119,0.000149,0.000000,-0.000000,-0.000000,-0.000000,-0.000092,0.000115,-0.000539,-0.000092,0.000009,-0.000795,-0.000527,-0.008235,0.000619,0.000152,-0.015436,-0.037881,0.058058,0.009344,0.011586,0.045805,-0.002278,0.013234,-0.007656,-0.002783,0.000124,0.006913,0.000901,0.000021,-0.005949,-0.004647,0.006522,0.011936,-0.001013,-0.002573,-0.010771,0.003890,0.003320,0.000107
-0.000000,0.000000,-0.000088,-0.000144,-0.000198,-0.000248,0.000084,0.000136,0.000188,0.000243,-0.000000,0.000000,0.000000,0.000000,0.000143,0.000422,0.000720,-0.000139,-0.000424,-0.000752,-0.001991,-0.013234,-0.004097,-0.000264,-0.058861,-0.035420,0.081042,0.010731,0.011650,0.075103,-0.017774,0.036657,0.004097,-0.003601,0.004010,-0.011770,-0.001105,-0.000794,-0.003398,-0.005404,0.132913,0.000205,0.000875,-0.002666,-0.017994,0.010316,0.009333,-0.003344
0.000000,-0.000000,0.000068,0.000107,0.000145,0.000182,0.000059,0.000093,0.000126,0.000157,-0.000000,0.000000,0.000000,0.000000,-0.000129,0.000097,-0.000742,-0.000098,0.000057,-0.000898,0.000161,0.005426,-0.001236,-0.000182,-0.015219,0.016647,-0.005962,0.000631,-0.001160,-0.003372,-0.000795,-0.006215,0.007712,0.001975,0.010804,-0.007966,-0.001009,-0.006626,0.004922,0.003397,0.021577,-0.004219,0.001102,0.002562,0.008044,-0.001405,-0.000993,-0.001464
-0.000000,0.000000,0.000048,0.000075,0.000102,0.000128,0.000055,0.000087,0.000119,0.000149,-0.000000,-0.000000,0.000000,0.000000,-0.000092,0.000085,-0.000704,-0.000091,-0.000017,-0.000946,-0.000445,-0.007797,0.000648,0.000181,-0.009461,-0.037924,0.060533,0.009580,0.012080,0.046574,-0.001038,0.013321,-0.008551,-0.002754,-0.000327,0.009161,0.001150,0.000795,-0.006282,-0.004634,0.008862,0.011793,-0.000257,-0.003025,-0.012298,0.003849,0.003093,0.000287
-0.000000,-0.000000,-0.000078,-0.000128,-0.000176,-0.000221,0.000075,0.000122,0.000169,0.000218,-0.000000,-0.000000,-0.000000,-0.000000,0.000129,0.000381,0.000639,-0.000126,-0.000382,-0.000680,-0.001910,-0.013109,-0.004156,-0.000256,-0.059745,-0.036130,0.084041,0.011519,0.012427,0.077430,-0.017678,0.037863,0.005436,-0.003243,0.005224,-0.011597,-0.001048,-0.000679,-0.002629,-0.004882,0.135415,0.000296,-0.001992,-0.003216,-0.019317,0.011131,0.009947,-0.003607
0.000000,-0.000000,0.000068,0.000107,0.000145,0.000182,0.000059,0.000092,0.000125,0.000157,0.000000,0.000000,-0.000000,-0.000000,-0.000128,0.000059,-0.000935,-0.000096,0.000023,-0.001078,0.000105,0.004945,-0.001212,-0.000200,-0.017595,0.015369,-0.007241,0.000761,-0.001179,-0.003421,-0.001776,-0.006086,0.008451,0.001959,0.010786,-0.008773,-0.001185,-0.007366,0.005197,0.003384,0.018529,-0.004236,-0.001444,0.003027,0.010122,-0.001387,-0.000765,-0.001656
-0.000000,-0.000000,0.000047,0.000074,0.000100,0.000126,0.000054,0.000085,0.000116,0.000146,0.000000,-0.000000,0.000000,-0.000000,-0.000091,0.000084,-0.000683,-0.000089,-0.000015,-0.000919,-0.000317,-0.007090,0.000754,0.000218,-0.000920,-0.037073,0.063306,0.009768,0.012598,0.046831,0.000736,0.012835,-0.009587,-0.002640,-0.000839,0.012148,0.001470,0.001735,-0.006568,-0.004501,0.015184,0.000572,0.001097,-0.003582,-0.013585,0.003742,0.002757,0.000500
0.000000,-0.000000,-0.000078,-0.000127,-0.000175,-0.000219,0.000076,0.000123,0.000170,0.000220,-0.000000,0.000000,-0.000000,-0.000000,0.000127,0.000382,0.000631,-0.000127,-0.000382,-0.000692,-0.001828,-0.013080,-0.004164,-0.000247,-0.060279,-0.037710,0.088764,0.012701,0.013636,0.081123,-0.017625,0.039532,0.006979,-0.002857,0.006577,-0.011059,-0.000984,-0.000306,-0.001774,-0.004328,0.137279,-0.006022,-0.003429,-0.003866,-0.020648,0.011996,0.010613,-0.003808
0.000000,0.000000,0.000069,0.000109,0.000148,0.000185,0.000059,0.000093,0.000126,0.000157,-0.000000,0.000000,0.000000,0.000000,-0.000130,0.000060,-0.000938,-0.000097,0.000028,-0.001076,0.000018,0.004301,-0.001235,-0.000223,-0.021058,0.013640,-0.008308,0.000950,-0.001167,-0.002939,-0.003104,-0.005566,0.009268,0.001883,0.010698,-0.009926,-0.001409,-0.007951,0.005432,0.003287,0.012973,-0.004548,-0.002906,0.003732,0.012368,-0.001527,-0.000596,-0.001816
-0.000000,0.000000,0.000047,0.000073,0.000099,0.000124,0.000053,0.000084,0.000114,0.000143,0.000000,0.000000,-0.000000,0.000000,-0.000090,0.000086,-0.000653,-0.000088,-0.000010,-0.000885,-0.000199,-0.006415,0.000863,0.000252,0.007564,-0.035949,0.066945,0.010001,0.013176,0.047536,0.002384,0.012292,-0.010496,-0.002527,-0.001296,0.015106,0.001757,0.002540,-0.006802,-0.004366,0.027995,0.002742,0.002201,-0.004430,-0.015838,0.003953,0.002604,0.000613
-0.000000,-0.000000,-0.000078,-0.000127,-0.000176,-0.000221,0.000077,0.000125,0.000173,0.000223,0.000000,-0.000000,0.000000,-0.000000,0.000128,0.000386,0.000632,-0.000129,-0.000385,-0.000704,-0.001742,-0.012977,-0.004142,-0.000234,-0.059663,-0.039230,0.093930,0.013969,0.014957,0.084981,-0.017440,0.040943,0.008320,-0.002494,0.007802,-0.010141,-0.000911,0.000104,-0.001004,-0.003815,0.140862,-0.007098,-0.003940,-0.004659,-0.023405,0.013177,0.011537,-0.004135
0.000000,-0.000000,0.000070,0.000110,0.000149,0.000187,0.000060,0.000093,0.000127,0.000158,-0.000000,-0.000000,0.000000,-0.000000,-0.000131,0.000065,-0.000921,-0.000098,0.000033,-0.001060,-0.000063,0.003707,-0.001283,-0.000244,-0.024390,0.011986,-0.009271,0.001162,-0.001125,-0.002317,-0.004342,-0.004963,0.010001,0.001809,0.010615,-0.011046,-0.001610,-0.008423,0.005630,0.003191,0.004086,-0.005956,-0.003604,0.004819,0.015504,-0.001995,-0.000584,-0.001888
0.000000,-0.000000,0.000047,0.000073,0.000099,0.000124,0.000053,0.000083,0.000113,0.000141,0.000000,-0.000000,0.000000,0.000000,-0.000089,0.000087,-0.000636,-0.000086,-0.000007,-0.000863,-0.000079,-0.005702,0.000982,0.000284,0.015843,-0.034450,0.071539,0.010238,0.013797,0.048582,0.004098,0.011626,-0.011413,-0.002528,-0.001670,0.018034,0.002048,0.003336,-0.007023,-0.004444,0.047131,0.004052,0.002950,-0.005470,-0.018579,0.004405,0.002591,0.000623
0.000000,-0.000000,-0.000078,-0.000127,-0.000175,-0.000220,0.000078,0.000126,0.000174,0.000226,-0.000000,0.000000,0.000000,-0.000000,0.000127,0.000388,0.000629,-0.000130,-0.000386,-0.000714,-0.001638,-0.012706,-0.004097,-0.000220,-0.058212,-0.040363,0.099940,0.015370,0.016432,0.089206,-0.017087,0.042260,0.009749,-0.002273,0.009183,-0.008964,-0.000821,0.000551,-0.000141,-0.003644,0.146335,-0.007206,-0.004114,-0.005518,-0.027141,0.014618,0.012695,-0.004589
-0.000000,0.000000,0.000071,0.000111,0.000150,0.000188,0.000060,0.000093,0.000127,0.000158,-0.000000,0.000000,-0.000000,-0.000000,-0.000132,0.000067,-0.000910,-0.000098,0.000038,-0.001046,-0.000139,0.003191,-0.001336,-0.000265,-0.027466,0.010767,-0.011351,0.001226,-0.001269,-0.002368,-0.005573,-0.004458,0.010788,0.001835,0.010440,-0.012286,-0.001819,-0.008925,0.005870,0.003270,-0.010166,-0.006359,-0.003932,0.006269,0.019527,-0.002908,-0.000849,-0.001812
0.000000,-0.000000,0.000045,0.000070,0.000095,0.000120,0.000052,0.000082,0.000112,0.000140,-0.000000,0.000000,0.000000,0.000000,-0.000088,0.000131,-0.000387,-0.000087,0.000032,-0.000630,-0.000008,-0.005204,0.001007,0.000305,0.022141,-0.033403,0.075469,0.010422,0.014259,0.049687,0.005196,0.011475,-0.011945,-0.002608,-0.001955,0.020218,0.002222,0.003384,-0.007161,-0.004567,0.067998,0.004584,0.003226,-0.006568,-0.020951,0.004972,0.002646,0.000520
0.000000,-0.000000,-0.000092,-0.000149,-0.000206,-0.000259,0.000090,0.000147,0.000203,0.000262,-0.000000,0.000000,-0.000000,-0.000000,0.000147,0.000448,0.000747,-0.000148,-0.000444,-0.000816,-0.001528,-0.012336,-0.004057,-0.000204,-0.056088,-0.041181,0.104954,0.016556,0.017671,0.092399,-0.016580,0.043116,0.010874,-0.002143,0.010341,-0.007595,-0.000717,0.001152,0.000593,-0.003472,0.148579,-0.007092,-0.004115,-0.006542,-0.031059,0.016012,0.013791,-0.004961
-0.000000,0.000000,0.000071,0.000112,0.000152,0.000190,0.000060,0.000094,0.000127,0.000159,0.000000,-0.000000,-0.000000,-0.000000,-0.000135,0.000125,-0.000605,-0.000101,0.000093,-0.000755,-0.000195,0.002867,-0.001408,-0.000290,-0.030485,0.010211,-0.014228,0.001201,-0.001549,-0.003081,-0.006689,-0.004214,0.011769,0.001972,0.010466,-0.013602,-0.002017,-0.008703,0.006271,0.003490,-0.027650,-0.006490,-0.004058,0.007869,0.023233,-0.003929,-0.001126,-0.001628
0.000000,-0.000000,0.000045,0.000070,0.000095,0.000119,0.000051,0.000080,0.000109,0.000137,0.000000,-0.000000,-0.000000,0.000000,-0.000088,0.000145,-0.000288,-0.000086,0.000050,-0.000525,0.000113,-0.004468,0.001255,0.000329,0.027986,-0.031069,0.080026,0.010371,0.014582,0.050302,0.006799,0.010209,-0.012608,-0.002617,-0.002162,0.022245,0.002471,0.004181,-0.007212,-0.004590,0.094769,0.004854,0.003328,-0.007737,-0.023744,0.005845,0.002928,0.000292
0.000000,0.000000,-0.000097,-0.000158,-0.000218,-0.000274,0.000096,0.000155,0.000215,0.000277,0.000000,-0.000000,0.000000,-0.000000,0.000154,0.000472,0.000793,-0.000156,-0.000467,-0.000859,-0.001435,-0.012091,-0.003941,-0.000188,-0.053644,-0.042107,0.112210,0.017915,0.019189,0.097072,-0.016082,0.044190,0.011904,-0.002120,0.011440,-0.006162,-0.000610,0.001643,0.001249,-0.003451,0.158080,-0.007003,-0.004166,-0.007497,-0.037166,0.017967,0.015381,-0.005622
-0.000000,0.000000,0.000072,0.000112,0.000152,0.000191,0.000061,0.000095,0.000129,0.000161,-0.000000,0.000000,0.000000,-0.000000,-0.000136,0.000152,-0.000475,-0.000103,0.000115,-0.000636,-0.000287,0.002294,-0.001608,-0.000311,-0.033988,0.008989,-0.016310,0.001275,-0.001702,-0.002646,-0.008021,-0.003067,0.012521,0.001995,0.010329,-0.015073,-0.002227,-0.008829,0.006431,0.003536,-0.048494,-0.006616,-0.004184,0.009607,0.027207,-0.005280,-0.001620,-0.001312
-0.000000,-0.000000,0.000045,0.000071,0.000096,0.000120,0.000050,0.000078,0.000106,0.000133,0.000000,-0.000000,0.000000,-0.000000,-0.000089,0.000146,-0.000251,-0.000084,0.000060,-0.000471,0.000232,-0.003769,0.001672,0.000352,0.032708,-0.028764,0.083723,0.010054,0.014637,0.050081,0.008430,0.008844,-0.013419,-0.002655,-0.002481,0.023839,0.002726,0.004855,-0.007341,-0.004663,0.122590,0.004848,0.003213,-0.009043,-0.027207,0.007101,0.003369,-0.000083
-0.000000,0.000000,-0.000099,-0.000161,-0.000222,-0.000279,0.000098,0.000159,0.000220,0.000284,0.000000,-0.000000,-0.000000,0.000000,0.000156,0.000482,0.000808,-0.000159,-0.000475,-0.000879,-0.001316,-0.011610,-0.003746,-0.000171,-0.051515,-0.042230,0.118786,0.019008,0.020436,0.100714,-0.015343,0.044968,0.012970,-0.002078,0.012689,-0.004997,-0.000476,0.002091,0.001998,-0.003403,0.166367,-0.007179,-0.004399,-0.008411,-0.044189,0.020560,0.017508,-0.006666
0.000000,-0.000000,0.000072,0.000112,0.000152,0.000191,0.000061,0.000096,0.000130,0.000162,-0.000000,0.000000,-0.000000,0.000000,-0.000137,0.000164,-0.000418,-0.000104,0.000124,-0.000585,-0.000363,0.001821,-0.001907,-0.000325,-0.036575,0.008209,-0.019564,0.001152,-0.002054,-0.003048,-0.009177,-0.002084,0.013192,0.002037,0.010035,-0.016372,-0.002413,-0.009070,0.006587,0.003607,-0.074379,-0.006561,-0.004167,0.011465,0.031994,-0.007156,-0.002368,-0.000768
-0.000000,-0.000000,0.000044,0.000069,0.000094,0.000117,0.000051,0.000080,0.000109,0.000136,0.000000,-0.000000,0.000000,-0.000000,-0.000087,0.000158,-0.000206,-0.000086,0.000062,-0.000446,0.000274,-0.003555,0.001955,0.000359,0.033899,-0.028163,0.088361,0.010052,0.014901,0.051628,0.009091,0.008848,-0.013653,-0.002732,-0.002437,0.024379,0.002856,0.005282,-0.007378,-0.004788,0.150597,0.004398,0.002795,-0.010362,-0.031255,0.009081,0.004317,-0.000780
-0.000000,-0.000000,-0.000102,-0.000166,-0.000229,-0.000288,0.000099,0.000160,0.000222,0.000286,-0.000000,0.000000,-0.000000,0.000000,0.000161,0.000486,0.000830,-0.000159,-0.000485,-0.000881,-0.001216,-0.011049,-0.003506,-0.000161,-0.050687,-0.041323,0.121320,0.019375,0.020851,0.101498,-0.014707,0.045103,0.013798,-0.002004,0.013581,-0.004672,-0.000382,0.002435,0.002631,-0.003300,0.165148,-0.007540,-0.004735,-0.009146,-0.050239,0.023327,0.019722,-0.007828
0.000000,0.000000,0.000070,0.000110,0.000149,0.000187,0.000062,0.000098,0.000132,0.000165,-0.000000,0.000000,-0.000000,0.000000,-0.000135,0.000179,-0.000355,-0.000106,0.000126,-0.000546,-0.000418,0.001502,-0.002223,-0.000338,-0.038704,0.007906,-0.022389,0.001098,-0.002324,-0.003360,-0.010104,-0.001172,0.013966,0.002100,0.009960,-0.017434,-0.002556,-0.009189,0.006844,0.003712,-0.099419,-0.006497,-0.004101,0.012926,0.035389,-0.008895,-0.002857,-0.000161
-0.000000,0.000000,0.000044,0.000068,0.000092,0.000115,0.000051,0.000081,0.000110,0.000137,0.000000,0.000000,0.000000,-0.000000,-0.000087,0.000187,-0.000052,-0.000087,0.000085,-0.000306,0.000315,-0.003257,0.002372,0.000366,0.034825,-0.027085,0.089856,0.009556,0.014573,0.051060,0.009686,0.008589,-0.013769,-0.002773,-0.002687,0.024373,0.002938,0.006000,-0.007348,-0.004843,0.173747,0.003943,0.002343,-0.011304,-0.033723,0.010899,0.004936,-0.001472
-0.000000,0.000000,-0.000111,-0.000181,-0.000250,-0.000314,0.000106,0.000172,0.000239,0.000308,-0.000000,-0.000000,-0.000000,0.000000,0.000175,0.000520,0.000900,-0.000169,-0.000522,-0.000945,-0.001115,-0.010555,-0.002896,-0.000147,-0.049378,-0.040911,0.123927,0.019717,0.021247,0.102117,-0.013979,0.045149,0.014439,-0.001959,0.014343,-0.004118,-0.000270,0.002870,0.003163,-0.003252,0.161178,-0.007901,-0.005082,-0.009959,-0.056680,0.026729,0.022217,-0.009116
0.000000,-0.000000,0.000069,0.000108,0.000146,0.000183,0.000063,0.000099,0.000134,0.000168,0.000000,-0.000000,-0.000000,0.000000,-0.000134,0.000221,-0.000138,-0.000109,0.000156,-0.000355,-0.000466,0.001252,-0.002621,-0.000356,-0.040761,0.007758,-0.025507,0.001117,-0.002561,-0.003857,-0.011050,-0.000505,0.014832,0.002201,0.010094,-0.018405,-0.002711,-0.008781,0.007181,0.003871,-0.125392,-0.006433,-0.004008,0.013924,0.036982,-0.010531,-0.003060,0.000492
-0.000000,0.000000,0.000043,0.000067,0.000091,0.000114,0.000052,0.000082,0.000112,0.000140,-0.000000,0.000000,0.000000,-0.000000,-0.000087,0.000204,0.000027,-0.000089,0.000095,-0.000243,0.000332,-0.003140,0.002437,0.000366,0.034112,-0.026659,0.091574,0.009077,0.014247,0.051022,0.009936,0.008642,-0.013750,-0.002812,-0.002902,0.023786,0.002980,0.006418,-0.007302,-0.004901,0.194092,0.003366,0.001807,-0.012073,-0.037226,0.013671,0.006003,-0.002354
-0.000000,-0.000000,-0.000116,-0.000189,-0.000261,-0.000328,0.000110,0.000178,0.000247,0.000318,0.000000,0.000000,-0.000000,0.000000,0.000181,0.000534,0.000931,-0.000173,-0.000541,-0.000975,-0.001039,-0.010069,-0.002585,-0.000140,-0.049537,-0.040007,0.124230,0.019595,0.021128,0.101417,-0.013461,0.044985,0.014981,-0.001907,0.014891,-0.004484,-0.000199,0.003105,0.003619,-0.003183,0.150719,-0.008504,-0.005650,-0.009231,-0.059771,0.030179,0.024532,-0.010473
0.000000,-0.000000,0.000068,0.000106,0.000144,0.000180,0.000064,0.000100,0.000135,0.000168,0.000000,-0.000000,0.000000,0.000000,-0.000133,0.000241,-0.000031,-0.000110,0.000169,-0.000261,-0.000492,0.001176,-0.002730,-0.000367,-0.041699,0.008156,-0.029164,0.001047,-0.002868,-0.005000,-0.011642,-0.000219,0.015473,0.002296,0.010201,-0.019034,-0.002821,-0.008598,0.007459,0.004026,-0.147086,-0.006319,-0.003896,0.014498,0.038381,-0.012433,-0.003180,0.001075
0.000000,-0.000000,0.000043,0.000067,0.000091,0.000114,0.000053,0.000084,0.000114,0.000143,-0.000000,0.000000,0.000000,0.000000,-0.000088,0.000211,0.000043,-0.000091,0.000095,-0.000240,0.000372,-0.002915,0.002458,0.000367,0.033497,-0.025733,0.090908,0.008317,0.013593,0.049017,0.010397,0.008202,-0.013732,-0.002813,-0.003201,0.023047,0.003058,0.006622,-0.007194,-0.004905,0.204408,0.002818,0.001291,-0.012139,-0.038907,0.016077,0.006601,-0.003026
0.000000,0.000000,-0.000117,-0.000191,-0.000263,-0.000331,0.000109,0.000178,0.000247,0.000318,-0.000000,0.000000,0.000000,-0.000000,0.000183,0.000534,0.000934,-0.000173,-0.000544,-0.000977,-0.000970,-0.009616,-0.002351,-0.000136,-0.049738,-0.039202,0.123334,0.019262,0.020791,0.099490,-0.012982,0.044832,0.015539,-0.001892,0.015306,-0.005046,-0.000136,0.003265,0.004077,-0.003163,0.137816,-0.009084,-0.006216,-0.007680,-0.059330,0.033160,0.026021,-0.011437
-0.000000,0.000000,0.000067,0.000105,0.000142,0.000178,0.000064,0.000100,0.000135,0.000169,0.000000,-0.000000,-0.000000,-0.000000,-0.000131,0.000244,-0.000011,-0.000110,0.000168,-0.000250,-0.000534,0.001001,-0.002782,-0.000376,-0.042813,0.008247,-0.031735,0.001066,-0.003049,-0.005208,-0.012329,0.000477,0.015987,0.002334,0.010273,-0.019633,-0.002944,-0.008787,0.007622,0.004096,-0.162176,-0.006193,-0.003764,0.014569,0.038724,-0.014017,-0.002907,0.001446
0.000000,-0.000000,0.000042,0.000064,0.000087,0.000108,0.000057,0.000090,0.000122,0.000153,-0.000000,0.000000,0.000000,0.000000,-0.000087,0.000269,0.000308,-0.000098,0.000126,-0.000030,0.000320,-0.003103,0.002292,0.000349,0.030090,-0.026304,0.090991,0.007945,0.013160,0.049604,0.009602,0.009356,-0.012911,-0.002805,-0.003227,0.021256,0.002922,0.007667,-0.006903,-0.004873,0.209374,0.002011,0.000603,-0.011935,-0.040044,0.018819,0.007424,-0.003793
-0.000000,0.000000,-0.000131,-0.000214,-0.000295,-0.000372,0.000122,0.000198,0.000274,0.000353,0.000000,-0.000000,0.000000,-0.000000,0.000202,0.000583,0.001021,-0.000188,-0.000603,-0.001090,-0.000945,-0.009355,-0.002326,-0.000138,-0.050917,-0.038647,0.120278,0.018694,0.020118,0.097492,-0.012914,0.044540,0.015856,-0.001811,0.015272,-0.006087,-0.000146,0.003451,0.004316,-0.003042,0.117600,-0.009659,-0.006750,-0.005654,-0.056458,0.034833,0.026475,-0.011854
0.000000,-0.000000,0.000066,0.000103,0.000139,0.000175,0.000063,0.000099,0.000134,0.000167,0.000000,0.000000,-0.000000,-0.000000,-0.000131,0.000297,0.000308,-0.000111,0.000218,0.000060,-0.000533,0.001227,-0.002872,-0.000391,-0.043400,0.009510,-0.036281,0.001023,-0.003396,-0.007434,-0.012706,-0.000222,0.016764,0.002523,0.010781,-0.020104,-0.003061,-0.007515,0.008077,0.004406,-0.174589,-0.006112,-0.003635,0.014460,0.037449,-0.015149,-0.002218,0.001627
0.000000,0.000000,0.000042,0.000065,0.000088,0.000110,0.000058,0.000092,0.000125,0.000156,-0.000000,0.000000,-0.000000,0.000000,-0.000089,0.000304,0.000482,-0.000101,0.000155,0.000130,0.000297,-0.003081,0.002175,0.000336,0.027834,-0.026092,0.087864,0.007125,0.012244,0.047355,0.009218,0.009643,-0.012472,-0.002783,-0.003581,0.019790,0.002825,0.008426,-0.006714,-0.004819,0.207733,0.001403,0.000051,-0.011524,-0.040167,0.020530,0.007648,-0.004178
0.000000,0.000000,-0.000140,-0.000228,-0.000315,-0.000397,0.000132,0.000214,0.000297,0.000382,-0.000000,0.000000,-0.000000,-0.000000,0.000213,0.000622,0.001085,-0.000201,-0.000639,-0.001165,-0.000898,-0.008939,-0.002238,-0.000139,-0.052100,-0.037940,0.116938,0.018091,0.019411,0.094748,-0.012686,0.044207,0.016339,-0.001730,0.015479,-0.007212,-0.000128,0.003609,0.004696,-0.002925,0.099169,-0.010304,-0.007332,-0.003324,-0.052416,0.035089,0.026271,-0.011911
-0.000000,-0.000000,0.000067,0.000104,0.000141,0.000177,0.000061,0.000095,0.000128,0.000159,0.000000,-0.000000,0.000000,-0.000000,-0.000133,0.000322,0.000501,-0.000108,0.000258,0.000278,-0.000518,0.001552,-0.002888,-0.000403,-0.042825,0.011329,-0.041998,0.000731,-0.003974,-0.010583,-0.012911,-0.001454,0.017295,0.002732,0.010996,-0.020458,-0.003168,-0.006816,0.008451,0.004746,-0.185047,-0.005753,-0.003297,0.014492,0.037950,-0.016844,-0.002213,0.001961
0.000000,0.000000,0.000043,0.000066,0.000089,0.000111,0.000061,0.000096,0.000130,0.000163,-0.000000,-0.000000,-0.000000,0.000000,-0.000090,0.000297,0.000390,-0.000105,0.000138,0.000018,0.000276,-0.003199,0.002060,0.000323,0.024555,-0.026833,0.087980,0.006832,0.011950,0.047200,0.008892,0.010209,-0.012182,-0.002805,-0.003433,0.018640,0.002796,0.007770,-0.006610,-0.004855,0.212698,0.000564,-0.000643,-0.011224,-0.041930,0.022941,0.008715,-0.004852
-0.000000,-0.000000,-0.000133,-0.000218,-0.000300,-0.000378,0.000126,0.000205,0.000284,0.000365,-0.000000,-0.000000,-0.000000,-0.000000,0.000204,0.000600,0.001047,-0.000194,-0.000613,-0.001114,-0.000877,-0.008461,-0.002655,-0.000152,-0.055027,-0.036060,0.111575,0.017278,0.018425,0.090934,-0.012742,0.043741,0.016907,-0.001629,0.015741,-0.009222,-0.000168,0.003332,0.005107,-0.002760,0.078099,-0.010940,-0.007817,-0.000746,-0.046247,0.033296,0.025429,-0.011567
-0.000000,-0.000000,0.000067,0.000105,0.000142,0.000178,0.000058,0.000090,0.000122,0.000152,0.000000,0.000000,0.000000,-0.000000,-0.000132,0.000285,0.000342,-0.000103,0.000239,0.000155,-0.000497,0.001850,-0.002893,-0.000398,-0.040822,0.013251,-0.046552,0.000341,-0.004512,-0.013237,-0.012757,-0.002386,0.017362,0.002838,0.010693,-0.020452,-0.003205,-0.007701,0.008566,0.004925,-0.196799,-0.005129,-0.002778,0.014495,0.039462,-0.018889,-0.002857,0.002466
-0.000000,0.000000,0.000045,0.000070,0.000095,0.000119,0.000062,0.000097,0.000132,0.000165,-0.000000,0.000000,0.000000,0.000000,-0.000093,0.000255,0.000121,-0.000105,0.000102,-0.000237,0.000298,-0.003090,0.002016,0.000322,0.023281,-0.026573,0.086238,0.006282,0.011422,0.045040,0.009149,0.009836,-0.012232,-0.002802,-0.003531,0.017985,0.002852,0.006370,-0.006568,-0.004858,0.217134,0.000068,-0.001074,-0.011041,-0.042397,0.024120,0.009156,-0.005190
-0.000000,0.000000,-0.000118,-0.000193,-0.000266,-0.000334,0.000112,0.000183,0.000253,0.000326,0.000000,-0.000000,0.000000,0.000000,0.000184,0.000545,0.000948,-0.000177,-0.000550,-0.000997,-0.000861,-0.008146,-0.002871,-0.000162,-0.056852,-0.034881,0.108136,0.016797,0.017830,0.088053,-0.012792,0.043513,0.017426,-0.001587,0.015992,-0.010616,-0.000205,0.002947,0.005457,-0.002681,0.065557,-0.011339,-0.008113,0.000629,-0.042984,0.032164,0.025014,-0.011346
0.000000,-0.000000,0.000068,0.000106,0.000143,0.000180,0.000055,0.000086,0.000116,0.000145,0.000000,0.000000,-0.000000,-0.000000,-0.000131,0.000217,0.000011,-0.000096,0.000190,-0.000135,-0.000502,0.001891,-0.002819,-0.000392,-0.039330,0.014070,-0.048385,0.000204,-0.004695,-0.013882,-0.012749,-0.002614,0.017107,0.002838,0.010303,-0.020231,-0.003241,-0.009393,0.008430,0.004934,-0.205823,-0.004566,-0.002311,0.014362,0.039938,-0.020138,-0.003355,0.002851
0.000000,-0.000000,0.000048,0.000074,0.000100,0.000125,0.000064,0.000100,0.000137,0.000171,0.000000,-0.000000,0.000000,-0.000000,-0.000096,0.000220,-0.000123,-0.000108,0.000066,-0.000480,0.000271,-0.003224,0.001494,0.000311,0.020159,-0.027439,0.087016,0.006283,0.011399,0.045805,0.008767,0.010467,-0.011964,-0.002820,-0.003162,0.016947,0.002807,0.005240,-0.006493,-0.004886,0.220316,-0.000618,-0.001594,-0.011114,-0.043013,0.025640,0.010181,-0.005761
-0.000000,0.000000,-0.000105,-0.000172,-0.000237,-0.000298,0.000100,0.000162,0.000225,0.000290,-0.000000,-0.000000,0.000000,0.000000,0.000166,0.000492,0.000853,-0.000160,-0.000496,-0.000892,-0.000853,-0.007828,-0.003591,-0.000171,-0.059054,-0.032935,0.104546,0.016375,0.017267,0.085869,-0.012892,0.043061,0.017751,-0.001498,0.016237,-0.011994,-0.000250,0.002609,0.005694,-0.002536,0.044602,-0.011571,-0.008196,0.001215,-0.041140,0.030715,0.024785,-0.011062
0.000000,0.000000,0.000066,0.000104,0.000141,0.000177,0.000053,0.000082,0.000112,0.000139,-0.000000,0.000000,-0.000000,0.000000,-0.000127,0.000161,-0.000257,-0.000091,0.000144,-0.000378,-0.000474,0.002139,-0.002397,-0.000387,-0.036962,0.015725,-0.051284,-0.000073,-0.005034,-0.015904,-0.012470,-0.003508,0.017048,0.002913,0.009943,-0.019795,-0.003238,-0.010465,0.008485,0.005057,-0.213923,-0.003953,-0.001819,0.014306,0.039447,-0.021366,-0.004113,0.003356
-0.000000,-0.000000,0.000052,0.000081,0.000110,0.000138,0.000064,0.000101,0.000138,0.000174,-0.000000,0.000000,0.000000,0.000000,-0.000101,0.000119,-0.000704,-0.000106,-0.000017,-0.001017,0.000269,-0.003296,0.001124,0.000308,0.018832,-0.027981,0.088761,0.006464,0.011639,0.046980,0.008751,0.010541,-0.012057,-0.002837,-0.002880,0.016751,0.002835,0.005368,-0.006543,-0.004923,0.223010,-0.000937,-0.001826,-0.011187,-0.043770,0.026596,0.010853,-0.006100
0.000000,0.000000,-0.000078,-0.000127,-0.000175,-0.000220,0.000074,0.000120,0.000165,0.000214,0.000000,-0.000000,-0.000000,-0.000000,0.000128,0.000374,0.000641,-0.000123,-0.000376,-0.000660,-0.000873,-0.007758,-0.003846,-0.000181,-0.060498,-0.031872,0.102845,0.016198,0.017022,0.085140,-0.013124,0.042917,0.017824,-0.001465,0.016245,-0.012732,-0.000305,0.003037,0.005720,-0.002470,0.032691,-0.011606,-0.008158,0.001600,-0.039476,0.029669,0.024474,-0.010829
0.000000,0.000000,0.000063,0.000099,0.000134,0.000168,0.000051,0.000080,0.000109,0.000136,0.000000,-0.000000,0.000000,-0.000000,-0.000118,0.000058,-0.000785,-0.000084,0.000042,-0.000888,-0.000458,0.002203,-0.001951,-0.000373,-0.035280,0.016139,-0.051665,-0.000255,-0.005144,-0.016559,-0.012081,-0.003699,0.016598,0.002859,0.009473,-0.019305,-0.003185,-0.012219,0.008276,0.004976,-0.214383,-0.003637,-0.001598,0.014163,0.039223,-0.021821,-0.004526,0.003580
-0.000000,-0.000000,0.000054,0.000085,0.000115,0.000144,0.000066,0.000103,0.000141,0.000177,0.000000,-0.000000,0.000000,-0.000000,-0.000104,0.000089,-0.000891,-0.000107,-0.000043,-0.001194,0.000217,-0.003525,0.000689,0.000296,0.016994,-0.028950,0.090671,0.006891,0.012005,0.049576,0.008061,0.011407,-0.011734,-0.002840,-0.002535,0.016305,0.002719,0.005083,-0.006503,-0.004918,0.223111,-0.001130,-0.001933,-0.011271,-0.043924,0.027031,0.011307,-0.006311
-0.000000,0.000000,-0.000070,-0.000113,-0.000156,-0.000196,0.000067,0.000108,0.000149,0.000193,-0.000000,-0.000000,-0.000000,0.000000,0.000115,0.000339,0.000567,-0.000112,-0.000340,-0.000602,-0.000892,-0.007695,-0.003941,-0.000190,-0.061637,-0.030864,0.101042,0.016122,0.016812,0.085142,-0.013418,0.042513,0.017942,-0.001349,0.016319,-0.013247,-0.000383,0.002522,0.005766,-0.002283,0.021672,-0.011591,-0.008070,0.001683,-0.038780,0.028843,0.024324,-0.010646
0.000000,0.000000,0.000062,0.000098,0.000133,0.000166,0.000049,0.000076,0.000104,0.000129,-0.000000,0.000000,0.000000,0.000000,-0.000115,0.000024,-0.000916,-0.000079,0.000019,-0.000993,-0.000400,0.002641,-0.001463,-0.000368,-0.032993,0.017786,-0.055503,-0.000801,-0.005734,-0.020270,-0.011432,-0.005483,0.016364,0.002971,0.009175,-0.018871,-0.003135,-0.012575,0.008343,0.005154,-0.215948,-0.003339,-0.001397,0.014130,0.039339,-0.022483,-0.005152,0.003893
-0.000000,-0.000000,0.000058,0.000090,0.000122,0.000153,0.000067,0.000106,0.000144,0.000181,0.000000,0.000000,0.000000,0.000000,-0.000108,0.000047,-0.001147,-0.000108,-0.000078,-0.001434,0.000145,-0.003820,0.000442,0.000281,0.015810,-0.029966,0.093005,0.007596,0.012598,0.053147,0.007082,0.012363,-0.011239,-0.002808,-0.002168,0.016126,0.002541,0.004558,-0.006418,-0.004853,0.220646,-0.001053,-0.001818,-0.011170,-0.044376,0.026873,0.011474,-0.006304
-0.000000,0.000000,-0.000059,-0.000097,-0.000133,-0.000167,0.000057,0.000093,0.000128,0.000166,0.000000,-0.000000,-0.000000,0.000000,0.000099,0.000293,0.000480,-0.000098,-0.000294,-0.000522,-0.000929,-0.007815,-0.003933,-0.000197,-0.061964,-0.030768,0.100294,0.016148,0.016750,0.086095,-0.013742,0.042086,0.017703,-0.001249,0.016103,-0.013129,-0.000455,0.001944,0.005575,-0.002120,0.020733,-0.011461,-0.007941,0.001836,-0.037846,0.028284,0.024039,-0.010534
0.000000,0.000000,0.000059,0.000094,0.000127,0.000159,0.000046,0.000072,0.000099,0.000123,-0.000000,-0.000000,-0.000000,-0.000000,-0.000110,-0.000014,-0.001056,-0.000074,-0.000013,-0.001117,-0.000329,0.003153,-0.001188,-0.000363,-0.031643,0.019197,-0.058976,-0.001366,-0.006334,-0.024210,-0.010652,-0.007345,0.016206,0.003083,0.009148,-0.018666,-0.003060,-0.012857,0.008482,0.005335,-0.213697,-0.003407,-0.001487,0.014235,0.040614,-0.022700,-0.005469,0.003948
-0.000000,0.000000,0.000060,0.000093,0.000127,0.000159,0.000070,0.000110,0.000150,0.000189,-0.000000,0.000000,-0.000000,0.000000,-0.000112,0.000046,-0.001207,-0.000113,-0.000084,-0.001505,0.000041,-0.004178,0.000169,0.000254,0.013520,-0.031110,0.094326,0.008340,0.013091,0.056719,0.005558,0.013766,-0.010182,-0.002725,-0.001650,0.015313,0.002251,0.003405,-0.006122,-0.004693,0.214700,-0.001091,-0.001781,-0.010922,-0.044948,0.026644,0.011748,-0.006308
-0.000000,-0.000000,-0.000058,-0.000095,-0.000131,-0.000164,0.000057,0.000092,0.000127,0.000165,-0.000000,-0.000000,0.000000,-0.000000,0.000097,0.000289,0.000467,-0.000097,-0.000290,-0.000521,-0.000953,-0.007752,-0.003913,-0.000207,-0.062387,-0.030066,0.097219,0.015975,0.016369,0.085406,-0.014069,0.040973,0.017647,-0.001047,0.016014,-0.013279,-0.000561,0.001473,0.005537,-0.001799,0.015997,-0.011392,-0.007851,0.002402,-0.036052,0.027032,0.023538,-0.010314
0.000000,-0.000000,0.000058,0.000091,0.000124,0.000156,0.000042,0.000065,0.000089,0.000111,0.000000,-0.000000,0.000000,-0.000000,-0.000106,-0.000024,-0.001022,-0.000066,-0.000005,-0.001047,-0.000218,0.004020,-0.000896,-0.000363,-0.029284,0.022008,-0.065752,-0.002294,-0.007394,-0.030911,-0.009576,-0.010567,0.016132,0.003317,0.009179,-0.018373,-0.002987,-0.012594,0.008819,0.005713,-0.213605,-0.003321,-0.001450,0.014496,0.043288,-0.023643,-0.006284,0.004203
-0.000000,-0.000000,0.000062,0.000097,0.000131,0.000164,0.000073,0.000114,0.000156,0.000196,0.000000,0.000000,0.000000,0.000000,-0.000116,0.000046,-0.001263,-0.000117,-0.000091,-0.001575,-0.000065,-0.004527,-0.000041,0.000226,0.011804,-0.032120,0.094945,0.009089,0.013547,0.059844,0.003955,0.014909,-0.009002,-0.002595,-0.001210,0.014557,0.001940,0.002184,-0.005762,-0.004462,0.208463,-0.000994,-0.001654,-0.010431,-0.045680,0.026208,0.011776,-0.006184
0.000000,0.000000,-0.000058,-0.000094,-0.000129,-0.000162,0.000056,0.000091,0.000126,0.000163,-0.000000,-0.000000,0.000000,-0.000000,0.000096,0.000286,0.000462,-0.000096,-0.000287,-0.000516,-0.000987,-0.007769,-0.003921,-0.000218,-0.062289,-0.029930,0.094003,0.015755,0.015953,0.084302,-0.014392,0.039599,0.017320,-0.000855,0.015700,-0.013167,-0.000669,0.000996,0.005341,-0.001490,0.018069,-0.011289,-0.007781,0.003319,-0.033282,0.025867,0.022815,-0.010103
0.000000,0.000000,0.000056,0.000089,0.000121,0.000151,0.000037,0.000058,0.000079,0.000098,-0.000000,-0.000000,-0.000000,-0.000000,-0.000103,-0.000034,-0.000980,-0.000059,0.000004,-0.000969,-0.000090,0.004969,-0.000663,-0.000360,-0.027242,0.024659,-0.071492,-0.003172,-0.008345,-0.037315,-0.008237,-0.013789,0.015909,0.003511,0.009421,-0.017986,-0.002865,-0.012136,0.009126,0.006032,-0.210083,-0.003446,-0.001576,0.014612,0.046353,-0.024096,-0.006699,0.004211
-0.000000,0.000000,0.000065,0.000102,0.000138,0.000173,0.000074,0.000117,0.000159,0.000200,0.000000,-0.000000,-0.000000,-0.000000,-0.000120,-0.000009,-0.001574,-0.000118,-0.000137,-0.001864,-0.000112,-0.004640,-0.000169,0.000208,0.009797,-0.032575,0.095693,0.009561,0.013863,0.061447,0.003191,0.015475,-0.008357,-0.002531,-0.000598,0.013962,0.001798,0.001687,-0.005530,-0.004349,0.202754,-0.001197,-0.001747,-0.010000,-0.045626,0.026016,0.012075,-0.006240
-0.000000,-0.000000,-0.000047,-0.000076,-0.000104,-0.000131,0.000046,0.000074,0.000102,0.000133,-0.000000,-0.000000,0.000000,0.000000,0.000079,0.000233,0.000367,-0.000080,-0.000236,-0.000424,-0.000966,-0.007315,-0.003939,-0.000229,-0.063100,-0.027670,0.089156,0.015301,0.015266,0.081205,-0.014420,0.038205,0.017655,-0.000656,0.015991,-0.013756,-0.000745,0.000382,0.005640,-0.001166,0.005948,-0.011337,-0.007753,0.004258,-0.029722,0.024006,0.022072,-0.009733
0.000000,-0.000000,0.000052,0.000083,0.000113,0.000141,0.000034,0.000053,0.000072,0.000090,-0.000000,0.000000,0.000000,0.000000,-0.000095,-0.000066,-0.001071,-0.000052,-0.000024,-0.001047,-0.000008,0.005576,-0.000460,-0.000350,-0.024131,0.027162,-0.077675,-0.004165,-0.009409,-0.042873,-0.007346,-0.016108,0.015609,0.003644,0.008858,-0.017549,-0.002807,-0.012358,0.009238,0.006254,-0.211624,-0.003012,-0.001289,0.014647,0.049358,-0.025636,-0.008014,0.004736
0.000000,-0.000000,0.000066,0.000103,0.000140,0.000175,0.000077,0.000121,0.000164,0.000207,-0.000000,-0.000000,-0.000000,0.000000,-0.000123,0.000029,-0.001434,-0.000123,-0.000112,-0.001754,-0.000175,-0.004696,-0.000310,0.000181,0.007885,-0.032531,0.093999,0.009904,0.013885,0.062021,0.002037,0.015693,-0.007199,-0.002349,-0.000035,0.012975,0.001543,0.000629,-0.005049,-0.004035,0.195031,-0.001296,-0.001765,-0.009216,-0.044557,0.025287,0.011920,-0.006104
0.000000,0.000000,-0.000054,-0.000088,-0.000121,-0.000152,0.000052,0.000084,0.000117,0.000151,-0.000000,-0.000000,0.000000,-0.000000,0.000091,0.000267,0.000435,-0.000090,-0.000269,-0.000475,-0.000971,-0.007200,-0.003946,-0.000234,-0.062902,-0.027105,0.086216,0.014997,0.014840,0.079392,-0.014435,0.036983,0.017362,-0.000529,0.015790,-0.013725,-0.000788,0.000395,0.005526,-0.000962,0.005812,-0.011280,-0.007711,0.004948,-0.027273,0.023125,0.021499,-0.009544
-0.000000,0.000000,0.000052,0.000082,0.000112,0.000140,0.000029,0.000046,0.000062,0.000076,0.000000,0.000000,0.000000,-0.000000,-0.000094,-0.000056,-0.000931,-0.000045,0.000009,-0.000866,0.000088,0.006323,-0.000311,-0.000350,-0.022729,0.029736,-0.083080,-0.004929,-0.010281,-0.048129,-0.006430,-0.018415,0.015657,0.003807,0.009043,-0.017492,-0.002740,-0.011711,0.009584,0.006529,-0.214668,-0.003030,-0.001305,0.014722,0.051656,-0.026400,-0.008402,0.004861
-0.000000,0.000000,0.000067,0.000105,0.000142,0.000178,0.000078,0.000123,0.000167,0.000210,-0.000000,0.000000,0.000000,0.000000,-0.000125,0.000022,-0.001498,-0.000125,-0.000121,-0.001820,-0.000196,-0.004658,-0.000371,0.000167,0.006993,-0.032211,0.092600,0.009998,0.013804,0.061787,0.001551,0.015650,-0.006539,-0.002240,0.000284,0.012442,0.001426,0.000171,-0.004739,-0.003847,0.190140,-0.001364,-0.001785,-0.008836,-0.043710,0.024780,0.011807,-0.006016
0.000000,-0.000000,-0.000053,-0.000086,-0.000118,-0.000148,0.000050,0.000081,0.000113,0.000146,0.000000,0.000000,-0.000000,0.000000,0.000089,0.000260,0.000426,-0.000087,-0.000261,-0.000456,-0.000974,-0.007122,-0.003935,-0.000241,-0.062931,-0.026729,0.084136,0.014844,0.014574,0.078117,-0.014539,0.036303,0.017429,-0.000441,0.015791,-0.013872,-0.000843,0.000152,0.005585,-0.000813,0.004329,-0.011269,-0.007697,0.005221,-0.026241,0.022642,0.021253,-0.009447
0.000000,-0.000000,0.000050,0.000080,0.000109,0.000136,0.000026,0.000041,0.000055,0.000068,0.000000,-0.000000,-0.000000,-0.000000,-0.000091,-0.000063,-0.000909,-0.000041,0.000012,-0.000825,0.000130,0.006679,-0.000219,-0.000351,-0.021942,0.031055,-0.086342,-0.005400,-0.010811,-0.051105,-0.005997,-0.019676,0.015496,0.003877,0.008991,-0.017477,-0.002719,-0.011607,0.009657,0.006647,-0.217189,-0.002964,-0.001255,0.014818,0.052984,-0.027006,-0.008784,0.005015
0.000000,-0.000000,0.000069,0.000108,0.000147,0.000184,0.000078,0.000122,0.000167,0.000210,-0.000000,0.000000,0.000000,-0.000000,-0.000127,-0.000027,-0.001742,-0.000123,-0.000158,-0.002039,-0.000190,-0.004608,-0.000340,0.000167,0.007444,-0.031787,0.092021,0.010062,0.013822,0.061546,0.001537,0.015310,-0.006350,-0.002186,0.000368,0.012498,0.001405,0.000116,-0.004618,-0.003755,0.188823,-0.001224,-0.001658,-0.008686,-0.042372,0.024182,0.011409,-0.005852
-0.000000,-0.000000,-0.000045,-0.000073,-0.000100,-0.000126,0.000042,0.000067,0.000093,0.000121,0.000000,0.000000,0.000000,0.000000,0.000076,0.000220,0.000371,-0.000073,-0.000219,-0.000365,-0.001019,-0.007562,-0.003940,-0.000241,-0.062506,-0.028365,0.086629,0.015189,0.014996,0.080151,-0.014822,0.036952,0.017121,-0.000537,0.015458,-0.013432,-0.000870,-0.000143,0.005282,-0.000959,0.014002,-0.011120,-0.007611,0.004415,-0.028549,0.024099,0.021728,-0.009694
-0.000000,0.000000,0.000046,0.000073,0.000100,0.000125,0.000026,0.000041,0.000056,0.000069,0.000000,-0.000000,-0.000000,0.000000,-0.000084,-0.000075,-0.000959,-0.000040,-0.000016,-0.000898,0.000105,0.006546,-0.000308,-0.000358,-0.023935,0.030268,-0.084778,-0.005188,-0.010596,-0.049802,-0.006243,-0.018983,0.015467,0.003820,0.009273,-0.017907,-0.002740,-0.011876,0.009571,0.006553,-0.218446,-0.003365,-0.001547,0.014931,0.051737,-0.026238,-0.008015,0.004723
-0.000000,-0.000000,0.000070,0.000110,0.000149,0.000187,0.000078,0.000123,0.000167,0.000211,-0.000000,0.000000,-0.000000,0.000000,-0.000128,-0.000049,-0.001856,-0.000123,-0.000175,-0.002141,-0.000174,-0.004493,-0.000293,0.000168,0.007785,-0.031113,0.090906,0.009980,0.013699,0.060728,0.001646,0.014824,-0.006198,-0.002130,0.000427,0.012466,0.001403,0.000127,-0.004486,-0.003661,0.186643,-0.001158,-0.001591,-0.008545,-0.041023,0.023595,0.011074,-0.005711
0.000000,-0.000000,-0.000041,-0.000067,-0.000092,-0.000116,0.000037,0.000061,0.000084,0.000109,0.000000,0.000000,0.000000,-0.000000,0.000071,0.000201,0.000347,-0.000066,-0.000199,-0.000321,-0.001062,-0.007986,-0.003948,-0.000241,-0.062211,-0.029933,0.089229,0.015540,0.015428,0.082251,-0.015112,0.037770,0.016953,-0.000645,0.015190,-0.013115,-0.000895,-0.000301,0.005057,-0.001124,0.022031,-0.010999,-0.007543,0.003624,-0.030909,0.025421,0.022194,-0.009923
0.000000,0.000000,0.000044,0.000070,0.000095,0.000119,0.000026,0.000041,0.000056,0.000069,0.000000,-0.000000,0.000000,-0.000000,-0.000080,-0.000078,-0.000966,-0.000039,-0.000028,-0.000917,0.000063,0.006330,-0.000416,-0.000366,-0.026055,0.029405,-0.083419,-0.004937,-0.010374,-0.048304,-0.006684,-0.018117,0.015500,0.003761,0.009500,-0.018440,-0.002797,-0.012110,0.009473,0.006459,-0.221052,-0.003682,-0.001761,0.015121,0.050676,-0.025680,-0.007398,0.004506
-0.000000,-0.000000,0.000070,0.000110,0.000149,0.000187,0.000079,0.000124,0.000169,0.000213,-0.000000,0.000000,0.000000,0.000000,-0.000129,-0.000028,-0.001769,-0.000125,-0.000160,-0.002067,-0.000182,-0.004455,-0.000265,0.000163,0.008529,-0.030607,0.089540,0.010103,0.013697,0.060346,0.001383,0.014323,-0.005765,-0.002018,0.000493,0.012501,0.001318,-0.000174,-0.004261,-0.003467,0.182322,-0.000875,-0.001352,-0.008468,-0.040248,0.022704,0.010649,-0.005444
0.000000,0.000000,-0.000045,-0.000074,-0.000101,-0.000127,0.000041,0.000066,0.000091,0.000118,0.000000,-0.000000,-0.000000,0.000000,0.000077,0.000219,0.000388,-0.000071,-0.000216,-0.000341,-0.001144,-0.008784,-0.003962,-0.000239,-0.060904,-0.032990,0.093311,0.016068,0.016106,0.085527,-0.015551,0.038586,0.016153,-0.000827,0.014398,-0.012186,-0.000927,-0.000290,0.004398,-0.001407,0.040854,-0.010663,-0.007359,0.002432,-0.034559,0.027189,0.022658,-0.010248
0.000000,0.000000,0.000044,0.000069,0.000094,0.000118,0.000025,0.000039,0.000053,0.000066,0.000000,-0.000000,-0.000000,-0.000000,-0.000079,-0.000070,-0.000906,-0.000038,-0.000016,-0.000851,0.000045,0.006234,-0.000552,-0.000378,-0.029220,0.028160,-0.080211,-0.004502,-0.009907,-0.046111,-0.006836,-0.017264,0.015444,0.003669,0.010232,-0.019028,-0.002789,-0.011820,0.009394,0.006306,-0.215818,-0.004473,-0.002341,0.015464,0.049755,-0.024106,-0.006206,0.003861
-0.000000,-0.000000,0.000073,0.000116,0.000158,0.000199,0.000076,0.000120,0.000164,0.000207,-0.000000,-0.000000,-0.000000,0.000000,-0.000130,-0.000191,-0.002488,-0.000115,-0.000284,-0.002699,-0.000119,-0.004349,-0.000007,0.000187,0.011319,-0.029872,0.090379,0.009976,0.013784,0.059855,0.002315,0.013520,-0.006411,-0.002060,0.000067,0.013598,0.001508,0.000663,-0.004459,-0.003550,0.185608,-0.000441,-0.001046,-0.008674,-0.039476,0.022191,0.010042,-0.005194
0.000000,-0.000000,-0.000018,-0.000029,-0.000040,-0.000050,0.000013,0.000022,0.000030,0.000040,-0.000000,-0.000000,0.000000,0.000000,0.000032,0.000086,0.000188,-0.000025,-0.000075,-0.000072,-0.001240,-0.009707,-0.004038,-0.000240,-0.059991,-0.036265,0.098900,0.016784,0.017015,0.090013,-0.016223,0.040348,0.015883,-0.001115,0.013739,-0.011570,-0.000998,-0.001283,0.003964,-0.001832,0.060516,-0.010337,-0.007183,0.001018,-0.038263,0.029498,0.023239,-0.010616
0.000000,0.000000,0.000036,0.000057,0.000078,0.000098,0.000029,0.000046,0.000063,0.000079,0.000000,0.000000,0.000000,-0.000000,-0.000064,-0.000103,-0.001112,-0.000043,-0.000102,-0.001137,-0.000086,0.005305,-0.000943,-0.000385,-0.033480,0.024013,-0.071868,-0.003412,-0.008657,-0.038836,-0.007886,-0.014081,0.014967,0.003338,0.010434,-0.019633,-0.002872,-0.012972,0.008733,0.005772,-0.208014,-0.005158,-0.002854,0.015303,0.046363,-0.021726,-0.004463,0.003070
-0.000000,0.000000,0.000074,0.000117,0.000160,0.000202,0.000075,0.000119,0.000163,0.000206,0.000000,0.000000,-0.000000,0.000000,-0.000131,-0.000230,-0.002652,-0.000113,-0.000313,-0.002842,-0.000086,-0.004224,0.000283,0.000197,0.012827,-0.029055,0.089383,0.009806,0.013642,0.058837,0.002664,0.012791,-0.006450,-0.002005,-0.000157,0.013950,0.001560,0.000937,-0.004395,-0.003464,0.186792,-0.000183,-0.000863,-0.008592,-0.038334,0.021668,0.009467,-0.004979
0.000000,0.000000,-0.000012,-0.000019,-0.000026,-0.000032,0.000007,0.000011,0.000015,0.000020,-0.000000,0.000000,0.000000,-0.000000,0.000021,0.000054,0.000152,-0.000013,-0.000039,0.000004,-0.001319,-0.010499,-0.004075,-0.000238,-0.058603,-0.039103,0.102929,0.017258,0.017662,0.093190,-0.016690,0.041395,0.015370,-0.001358,0.012932,-0.010835,-0.001040,-0.001600,0.003466,-0.002196,0.078322,-0.009973,-0.006984,-0.000028,-0.041099,0.031373,0.023519,-0.010855
0.000000,-0.000000,0.000034,0.000054,0.000073,0.000093,0.000030,0.000047,0.000065,0.000082,-0.000000,-0.000000,0.000000,-0.000000,-0.000060,-0.000110,-0.001149,-0.000044,-0.000122,-0.001193,-0.000169,0.004720,-0.001461,-0.000395,-0.036947,0.021150,-0.065667,-0.002518,-0.007665,-0.033646,-0.008561,-0.011994,0.014728,0.003109,0.010911,-0.020101,-0.002921,-0.013288,0.008358,0.005407,-0.203049,-0.005791,-0.003309,0.015084,0.042985,-0.019464,-0.002681,0.002308
-0.000000,0.000000,0.000075,0.000118,0.000161,0.000203,0.000075,0.000118,0.000163,0.000206,0.000000,0.000000,0.000000,0.000000,-0.000131,-0.000252,-0.002742,-0.000111,-0.000330,-0.002921,-0.000062,-0.004126,0.000599,0.000203,0.013666,-0.028476,0.088761,0.009695,0.013550,0.058154,0.002910,0.012280,-0.006479,-0.001965,-0.000259,0.014149,0.001598,0.001144,-0.004348,-0.003404,0.186789,-0.000049,-0.000767,-0.008524,-0.037729,0.021344,0.009175,-0.004858
0.000000,0.000000,-0.000008,-0.000013,-0.000017,-0.000022,0.000003,0.000005,0.000007,0.000009,0.000000,0.000000,-0.000000,-0.000000,0.000014,0.000036,0.000126,-0.000006,-0.000018,0.000041,-0.001367,-0.010936,-0.003982,-0.000240,-0.057975,-0.040560,0.104828,0.017488,0.017971,0.094774,-0.017010,0.041924,0.015150,-0.001497,0.012482,-0.010535,-0.001081,-0.001863,0.003221,-0.002396,0.087295,-0.009775,-0.006875,-0.000528,-0.042360,0.032206,0.023579,-0.010946
0.000000,-0.000000,0.000033,0.000052,0.000071,0.000090,0.000030,0.000048,0.000066,0.000083,-0.000000,-0.000000,-0.000000,-0.000000,-0.000058,-0.000114,-0.001172,-0.000045,-0.000133,-0.001226,-0.000217,0.004392,-0.001947,-0.000399,-0.038676,0.019581,-0.062437,-0.002079,-0.007164,-0.030914,-0.008905,-0.010867,0.014489,0.002963,0.011065,-0.020332,-0.002951,-0.013496,0.008092,0.005179,-0.199807,-0.006095,-0.003531,0.014989,0.041476,-0.018342,-0.001835,0.001927
