31.659342	-22.79663	15.086414	27.405315	-14.806493	20.940307	45.100482	-21.504715	15.799166	34.757319	-6.867649	20.38425	39.079483	3.148666	22.853208	48.226221	12.917914	20.665593	50.210756	-9.221917	21.524898	70.431288	13.336462	21.812822	69.748496	-5.191414	22.810385	76.298433	5.661668	23.759379	69.295153	5.90604	24.580156	49.757821	3.116486	25.070047
32.065826	-22.868005	13.098456	27.752085	-15.370903	19.411743	45.594778	-21.702433	14.408783	35.285759	-7.063606	19.743075	39.589849	3.00469	22.721124	48.632147	12.92807	20.649235	50.554302	-9.255206	21.38993	70.876733	13.449677	22.010302	70.214508	-5.124509	22.83013	76.644792	5.672628	24.027357	69.7914	5.941525	24.744052	50.119985	3.141508	25.108382
32.258454	-22.935446	11.190836	28.023279	-15.794659	17.961508	46.099342	-21.908342	12.980539	35.792766	-7.385713	18.86623	40.031638	2.803639	22.377917	49.130165	12.889824	20.662378	51.171124	-9.308358	21.183075	71.384296	13.412257	22.245464	70.731432	-5.124644	22.905752	77.161039	5.693213	24.230886	70.301636	6.027046	24.879466	50.615492	3.038556	25.085732
31.898913	-23.07189	9.373471	28.160326	-15.921894	16.34423	46.232445	-22.319503	11.590998	36.207501	-7.535722	17.993825	40.554966	2.564054	22.174189	49.66921	12.864695	20.754824	51.764759	-9.380656	20.89128	71.905621	13.512427	22.498384	71.261944	-5.132201	22.96727	77.737543	5.706057	24.430101	70.858494	6.022096	25.076289	51.159665	2.90603	24.99985
31.483568	-23.219352	8.157385	28.090929	-15.902768	15.003454	46.075402	-22.73549	10.739634	36.801255	-7.636576	17.380705	41.126692	2.345243	21.850183	50.15911	12.760222	20.794475	52.359665	-9.459764	20.683009	72.422131	13.355526	22.579975	71.861246	-5.157379	22.930259	78.300044	5.710988	24.617881	71.381057	5.703922	24.98726	51.694822	2.751962	24.905506
30.876849	-23.573564	7.409032	27.84702	-15.978523	14.058658	45.723652	-23.176674	10.229429	37.192754	-7.703483	16.952305	41.759089	2.281216	21.65235	50.739938	12.774823	20.81519	52.902619	-9.549096	20.42862	73.048667	13.338944	22.721377	72.473859	-5.175471	22.906548	78.908618	5.630008	24.647245	71.912051	5.625345	25.041509	52.236871	2.660873	24.59772
30.603135	-23.843648	6.982934	27.694876	-16.138762	13.556955	45.433519	-23.609514	9.878095	37.763263	-7.775725	16.598858	42.283065	2.212231	21.198067	51.25994	12.783613	20.75986	53.599711	-9.604583	20.09751	73.628895	13.317085	22.712833	73.080303	-5.167787	22.873702	79.498235	5.65363	24.773836	72.485728	5.572467	24.99009	52.792205	2.625923	24.333112
30.669282	-24.024534	6.788422	27.719117	-16.27114	13.319257	45.417983	-23.926731	9.706407	38.25539	-7.788333	16.40958	42.911546	2.230867	20.961214	51.829155	12.782757	20.503774	54.110527	-9.585634	19.847696	74.25876	13.390835	22.763419	73.687222	-5.141147	22.858974	80.003749	5.667331	24.747374	73.091166	5.617287	25.008882	53.407	2.667256	24.232484
30.66887	-24.066398	6.731882	27.901171	-16.322836	13.190981	45.513486	-24.151984	9.505765	38.933626	-7.767337	16.187978	43.53267	2.333579	20.827652	52.407062	12.793629	20.218121	54.680889	-9.416065	19.670129	74.886172	13.469948	22.779547	74.318135	-5.098809	22.798155	80.641057	5.74143	24.760694	73.697975	5.710052	24.980373	54.007346	2.80056	24.152862
30.793643	-24.193431	6.742729	28.253702	-16.245823	13.145002	45.845388	-24.168927	9.266864	39.556283	-7.641312	16.081445	44.174381	2.50683	20.811634	53.058677	12.91436	20.029527	55.44394	-9.345289	19.534705	75.524714	13.583376	22.574355	74.941907	-4.998447	22.758583	81.277592	5.892938	24.794261	74.343293	5.874893	24.996174	54.635329	2.918439	24.018043
30.977034	-24.156409	6.882398	28.597494	-16.047674	13.227067	46.146401	-24.140171	9.070425	40.109359	-7.502021	15.983766	44.806957	2.695354	20.735772	53.750927	13.073486	19.856252	55.974696	-9.191365	19.519886	76.166055	13.755	22.543483	75.597567	-4.871265	22.684662	81.923042	6.04344	24.628402	75.004154	6.044571	24.915081	55.268955	3.094693	23.890662
31.027117	-24.075653	6.990205	28.852273	-15.917771	13.325623	46.317231	-24.120583	9.020719	40.729854	-7.234552	15.929912	45.461009	2.905859	20.708849	54.500059	13.276378	19.774151	56.72231	-8.988346	19.425702	76.832381	13.889069	22.276503	76.244213	-4.714541	22.618861	82.607737	6.242314	24.658623	75.671007	6.210872	24.816559	55.922212	3.334088	23.800897
31.15372	-23.988453	7.124512	29.19366	-15.766437	13.355985	46.47988	-23.955632	8.942508	41.429605	-7.029442	15.895529	46.142439	3.107375	20.634954	55.294516	13.493325	19.699195	57.329073	-8.803041	19.4147	77.48482	13.98057	22.091746	76.927819	-4.550219	22.577431	83.31439	6.408098	24.537727	76.356185	6.37185	24.746209	56.563605	3.502997	23.606997
31.239503	-23.828312	7.239861	29.345868	-15.594186	13.402821	46.683178	-23.853744	8.884072	41.942183	-6.843128	15.899253	46.857446	3.281236	20.440049	55.965713	13.658275	19.492334	58.057441	-8.637181	19.379767	78.166068	14.153197	22.070699	77.603581	-4.391371	22.510951	84.049829	6.565413	24.378577	77.027123	6.458585	24.545116	57.26311	3.694896	23.587774
31.290517	-23.795285	7.273351	29.643007	-15.458302	13.451772	46.899635	-23.792928	8.73631	42.585055	-6.620653	15.932419	47.539454	3.497712	20.507119	56.592234	13.758023	19.462364	58.842858	-8.37715	19.389358	78.838751	14.319684	22.063544	78.28254	-4.237216	22.482314	84.736957	6.66373	24.324189	77.792292	6.648179	24.658239	57.968073	3.85881	23.611753
31.417597	-23.569681	7.342544	29.806571	-15.322213	13.431355	47.106164	-23.585511	8.819884	43.262633	-6.37343	15.950382	48.215625	3.661829	20.396682	57.323027	13.878593	19.521131	59.373392	-8.300202	19.37702	79.538838	14.478083	22.118891	78.980125	-4.104154	22.475899	85.434259	6.840365	24.29924	78.489355	6.779382	24.562006	58.731332	3.980808	23.584146
31.476273	-23.488406	7.451936	30.083304	-15.156838	13.521711	47.341178	-23.458887	8.727384	43.895644	-6.181307	15.982603	48.919237	3.798004	20.572557	58.007419	14.007898	19.699439	60.192947	-8.144031	19.27863	80.295649	14.632103	22.172013	79.763788	-3.965242	22.519701	86.114203	7.006678	24.175312	79.157945	6.907682	24.609527	59.397388	4.124545	23.520842
31.579598	-23.365174	7.527429	30.387123	-15.043874	13.548997	47.522937	-23.343742	8.715898	44.482461	-6.058614	16.025471	49.625677	3.991062	20.652083	58.703896	14.226653	19.862516	60.927663	-8.060282	19.243181	80.959644	14.817964	22.165202	80.563783	-3.783299	22.525246	86.868727	7.231042	24.222259	79.867526	7.093306	24.62164	60.086028	4.211119	23.492005
31.676066	-23.289095	7.620537	30.693299	-14.951815	13.563519	47.82905	-23.232654	8.691188	45.041137	-5.839174	16.046853	50.365394	4.144011	20.678361	59.373146	14.42227	19.901709	61.596996	-7.934804	19.25342	81.629929	15.024922	22.181757	81.391754	-3.580788	22.57678	87.548399	7.468069	24.223768	80.573427	7.312742	24.733539	60.775452	4.314681	23.457837
31.789058	-23.199666	7.668423	30.800294	-14.826722	13.640078	48.152953	-23.193104	8.657473	45.802358	-5.715686	16.169583	51.09149	4.263456	20.786464	60.064233	14.637352	20.04743	62.295572	-7.760261	19.305323	82.265144	15.254385	22.2224	82.100894	-3.346979	22.74221	88.247139	7.749528	24.364619	81.323688	7.533952	24.758432	61.539375	4.461645	23.496981
31.840207	-23.153639	7.747484	31.021615	-14.70222	13.712682	48.408395	-23.125328	8.724146	46.392669	-5.532159	16.24165	51.800482	4.352562	20.866286	60.736499	14.838618	20.162541	62.961856	-7.601982	19.305949	82.915413	15.50749	22.278329	82.761829	-3.104085	22.87018	88.91407	8.032286	24.399557	81.976334	7.795954	24.830103	62.234968	4.643456	23.527246
31.954796	-23.12623	7.848591	31.333005	-14.629641	13.79248	48.609416	-23.075485	8.786541	46.961955	-5.401286	16.325356	52.466896	4.528809	20.919159	61.368262	14.940632	20.233088	63.634915	-7.424741	19.400959	83.533843	15.770424	22.272843	83.431666	-2.836832	23.012816	89.568357	8.357454	24.461614	82.654342	8.071647	24.923635	62.921897	4.857536	23.688566
32.058605	-23.028153	7.926811	31.539931	-14.571577	13.886847	48.596355	-22.920165	8.921026	47.536819	-5.286202	16.399434	53.136003	4.687748	20.907751	62.015151	15.147779	20.281249	64.311761	-7.27141	19.544827	84.077115	16.052288	22.315826	84.099865	-2.558865	23.166419	90.211778	8.709379	24.460453	83.285836	8.347723	24.926137	63.591543	5.057506	23.742214
32.116054	-22.925698	8.020028	31.787762	-14.47736	13.913819	48.776282	-22.898782	9.004282	48.164126	-5.133176	16.407021	53.778536	4.780583	20.948761	62.558271	15.33285	20.299718	64.978874	-7.080983	19.640766	84.684813	16.404918	22.373205	84.689435	-2.277283	23.298252	90.840472	9.109886	24.540983	83.913412	8.664428	24.970729	64.232809	5.184383	23.686746
32.193812	-22.858397	8.082916	31.98769	-14.383444	13.933501	48.966671	-22.813821	9.070379	48.677843	-5.014882	16.491999	54.413734	4.89122	21.077955	63.17207	15.526314	20.277245	65.654632	-6.888445	19.746063	85.183856	16.682229	22.377309	85.38756	-2.048274	23.422793	91.441092	9.501998	24.56609	84.514454	8.994672	25.00867	64.850541	5.386266	23.722503
32.373328	-22.757603	8.174004	32.186579	-14.292712	13.943422	49.245901	-22.707587	9.218305	49.191096	-4.881112	16.531511	54.961541	5.033602	20.998767	63.681398	15.668449	20.21442	66.293573	-6.727651	19.837602	85.660102	16.952268	22.29468	86.021054	-1.760303	23.451747	92.02057	9.815508	24.560661	85.046044	9.337863	24.976284	65.481435	5.598017	23.781974
32.498909	-22.620916	8.303818	32.420328	-14.150463	14.017622	49.451972	-22.653915	9.233176	49.797808	-4.767483	16.5354	55.543552	5.17966	20.961454	64.206293	15.755718	19.988004	66.951896	-6.594826	19.899527	86.131873	17.273162	22.293332	86.658562	-1.419623	23.58126	92.548335	10.214781	24.652423	85.548897	9.618981	25.010317	65.989896	5.77014	23.720126
32.540096	-22.503405	8.453742	32.558667	-14.013995	14.065819	49.603296	-22.592945	9.336782	50.271637	-4.615752	16.900896	56.096939	5.253929	21.058725	64.672995	15.814365	19.987797	67.595096	-6.44307	19.959471	86.588215	17.541027	22.349251	87.261263	-1.088199	23.613729	93.034046	10.567426	24.647508	86.10275	9.865399	24.939372	66.524248	5.950483	23.820489
32.494315	-22.441846	8.491276	32.776845	-13.924869	14.069367	49.783073	-22.548051	9.381068	50.6507	-4.557921	16.696314	56.658445	5.275642	20.954211	65.128296	15.87569	19.963218	68.217871	-6.361538	19.946756	87.031515	17.770591	22.248444	87.765765	-0.853119	23.62097	93.503907	10.876737	24.740631	86.553606	10.121469	24.964815	67.091547	6.037997	23.787543
32.554584	-22.338119	8.594518	32.933133	-13.792188	14.072702	49.872651	-22.515079	9.443001	51.185273	-4.507045	16.590021	57.200615	5.378791	21.234066	65.587526	16.031308	20.034838	68.834694	-6.228001	19.962626	87.438927	17.998085	22.185924	88.246383	-0.633225	23.605217	93.951679	11.142732	24.729122	87.03062	10.361618	24.983694	67.6302	6.109039	23.769494
32.591214	-22.324506	8.641517	33.016143	-13.69886	14.067801	49.874631	-22.573167	9.522004	51.613659	-4.431706	16.594006	57.68514	5.482473	21.193048	66.034921	16.190606	20.089068	69.304438	-6.161689	19.915243	87.843189	18.229694	22.194204	88.697487	-0.419218	23.591133	94.38549	11.404446	24.707425	87.477882	10.600349	25.015511	68.09893	6.251805	23.792554
32.517235	-22.222373	8.64221	33.048547	-13.639104	14.053636	49.984578	-22.4758	9.63392	52.039981	-4.369706	16.533896	58.088769	5.481016	21.071843	66.408849	16.198231	19.868124	69.777212	-6.044357	19.901927	88.242771	18.457558	22.208812	89.141108	-0.211039	23.558204	94.803227	11.69721	24.833308	87.888309	10.812447	24.973561	68.550555	6.293769	23.724222
32.588009	-22.149794	8.623759	33.147863	-13.539666	14.068013	50.166618	-22.436831	9.696996	52.377617	-4.372588	16.471555	58.549774	5.50004	21.087258	66.799332	16.222497	19.851879	70.243891	-5.967894	19.93899	88.611583	18.666025	22.167227	89.600931	-0.013224	23.526933	95.203068	11.991685	24.775801	88.294686	11.018058	24.980576	68.97991	6.340716	23.668712
32.62107	-22.12459	8.720729	33.295091	-13.542023	14.064576	50.140483	-22.356584	9.725485	52.783403	-4.318469	16.420667	58.94376	5.501605	21.040514	67.118115	16.233207	19.859757	70.680637	-5.930073	19.888892	88.898115	18.840206	22.163604	90.013527	0.172593	23.508936	95.572619	12.211578	24.752355	88.666734	11.195037	24.925826	69.366641	6.441495	23.644457
32.620613	-22.099636	8.718196	33.331568	-13.50427	14.046453	50.223532	-22.30258	9.741589	53.133158	-4.330965	16.374115	59.363259	5.494097	20.993226	67.390564	16.222807	19.790845	71.106334	-5.897228	19.825324	89.159133	18.997239	22.146822	90.423809	0.308558	23.369173	95.869235	12.413629	24.778284	88.960097	11.348445	24.863779	69.721614	6.480247	23.694339
32.630342	-22.051148	8.710497	33.375272	-13.416342	14.016479	50.307159	-22.271567	9.747764	53.382595	-4.317229	16.283268	59.746356	5.507303	21.058529	67.758902	16.221038	19.706049	71.630841	-5.868211	19.65171	89.446658	19.109371	22.128861	90.845983	0.401751	23.358864	96.160587	12.569861	24.731341	89.272537	11.500852	24.929187	70.103248	6.47301	23.586036
32.63215	-22.037312	8.687273	33.503278	-13.434521	13.985634	50.332518	-22.246257	9.767567	53.742919	-4.298414	16.277142	60.111075	5.473609	20.976626	68.111939	16.209355	19.628932	72.16237	-5.834089	19.593707	89.769379	19.188857	22.035615	91.248975	0.444956	23.236228	96.510926	12.63107	24.56678	89.626871	11.553916	24.891796	70.462091	6.442332	23.478823
32.63215	-22.037312	8.687273	33.586863	-13.41699	13.974426	50.426921	-22.252434	9.707853	53.925868	-4.384107	16.207416	60.445976	5.436472	20.940655	68.391092	16.166419	19.552574	72.565033	-5.868307	19.511284	90.021211	19.214263	21.967179	91.646269	0.53552	23.092432	96.854215	12.693113	24.528343	89.967033	11.555672	24.712853	70.827308	6.397747	23.383468
32.592902	-22.055479	8.619863	33.659763	-13.406887	14.01612	50.481797	-22.22891	9.645682	54.303131	-4.359714	16.172411	60.832148	5.363109	20.831421	68.669216	16.125407	19.543553	72.993479	-5.919257	19.440593	90.286759	19.231347	21.931223	92.041319	0.540446	22.93787	97.130369	12.797026	24.43008	90.265599	11.557926	24.614844	71.119999	6.302539	23.12379
32.592405	-22.05788	8.610638	33.673493	-13.479598	14.023109	50.525688	-22.245171	9.547865	54.64787	-4.433729	16.115063	61.17335	5.212784	20.772508	69.044648	16.094859	19.531896	73.413275	-5.989607	19.30157	90.615249	19.246973	21.838716	92.341562	0.532237	22.778028	97.425008	12.810931	24.294888	90.612825	11.535882	24.437545	71.507041	6.182897	22.953445
32.586173	-22.060742	8.600495	33.758635	-13.513369	14.021563	50.591509	-22.227789	9.504072	54.96329	-4.407053	16.09787	61.509118	5.038207	20.634423	69.387347	16.030127	19.526498	73.82342	-6.105418	19.193802	90.884949	19.234824	21.727042	92.768606	0.523006	22.574428	97.787007	12.813528	24.093738	90.911371	11.508468	24.259099	71.885748	6.050416	22.815069
32.659563	-22.101343	8.576522	33.852447	-13.550535	14.045461	50.709843	-22.231708	9.492136	55.199639	-4.436593	16.11873	61.908906	4.951743	20.590268	69.670022	15.897811	19.504839	74.256899	-6.186061	19.028282	91.159719	19.228074	21.662908	93.18731	0.516191	22.349802	98.140963	12.820528	23.889628	91.285445	11.478707	24.089204	72.272146	5.897085	22.757898
32.722171	-22.12142	8.567471	33.966184	-13.567795	14.062366	50.949045	-22.198209	9.471308	55.568681	-4.487899	16.119314	62.297059	4.855724	20.505003	69.933397	15.720236	19.439496	74.692261	-6.270456	18.846095	91.507425	19.22705	21.562968	93.618373	0.571423	22.15635	98.53429	12.901078	23.744453	91.672079	11.444677	23.882906	72.684903	5.814234	22.691994
32.795835	-22.088239	8.5644	34.069508	-13.58066	14.101815	51.040371	-22.20243	9.382363	55.941645	-4.568186	16.135757	62.738037	4.710796	20.555481	70.230085	15.555774	19.402651	75.122203	-6.351739	18.668746	91.889109	19.212447	21.343562	94.062217	0.55385	21.942899	98.867825	12.893359	23.533955	92.089084	11.432647	23.787405	73.124808	5.658601	22.585786
32.805525	-22.068558	8.639122	34.184414	-13.599503	14.115795	51.212056	-22.177904	9.328006	56.317189	-4.63593	16.136559	63.161071	4.537473	20.486598	70.642063	15.511985	19.392716	75.567628	-6.438451	18.615251	92.287014	19.213426	21.25732	94.507243	0.535723	21.737341	99.270788	12.890802	23.361661	92.498416	11.400786	23.60418	73.579937	5.59515	22.605291
32.947916	-22.097973	8.726032	34.319406	-13.599184	14.117612	51.455954	-22.073442	9.310318	56.727025	-4.696421	16.170817	63.623051	4.457565	20.431965	71.06697	15.478166	19.413247	75.990537	-6.504476	18.508535	92.701292	19.188617	21.102479	94.975483	0.507124	21.534184	99.697607	12.880163	23.156506	92.936462	11.355922	23.387316	74.029244	5.516959	22.540229
33.016266	-22.029	8.79029	34.45756	-13.580636	14.242287	51.667008	-21.966833	9.299149	57.147026	-4.774502	16.19936	64.096013	4.405707	20.540981	71.53861	15.490186	19.701812	76.460228	-6.569322	18.386564	93.108996	19.17342	21.038197	95.430299	0.467149	21.327242	100.136777	12.863875	22.956816	93.379138	11.333701	23.306903	74.48832	5.37882	22.496054
33.070038	-22.01892	8.833101	34.627378	-13.569094	14.294546	51.759437	-21.912812	9.166091	57.570883	-4.776929	16.202413	64.554168	4.260914	20.492407	71.973792	15.449956	19.71042	76.914917	-6.630667	18.221857	93.551828	19.180304	21.096712	95.875978	0.436473	21.145185	100.580729	12.875495	22.892208	93.814935	11.316322	23.228646	74.959982	5.321956	22.473162
33.11973	-22.004637	8.883888	34.73002	-13.566246	14.310365	51.931001	-21.80578	9.155314	57.944203	-4.761776	16.21062	65.034087	4.149894	20.541826	72.415515	15.337082	19.822069	77.467801	-6.620012	17.997741	93.974638	19.177047	21.084738	96.438177	0.438735	21.058572	101.023166	12.908192	22.910641	94.278834	11.309962	23.189912	75.414227	5.273398	22.486842
33.177867	-21.992695	8.930276	34.955679	-13.564439	14.322098	52.151002	-21.726034	9.195083	58.40628	-4.788146	16.254403	65.557949	4.094673	20.528142	72.87145	15.322619	19.880148	77.930661	-6.635762	18.006946	94.408126	19.186047	21.096608	96.902533	0.525501	21.035335	101.46637	12.994706	22.934356	94.723534	11.320691	23.255482	75.926428	5.214482	22.724933
33.264539	-21.941003	8.933951	35.135356	-13.520471	14.333931	52.259067	-21.657608	9.26601	58.842337	-4.773172	16.264218	66.046746	4.073722	20.560651	73.349348	15.3233	20.056756	78.408195	-6.64327	17.987929	94.848969	19.213239	21.202144	97.354779	0.538733	21.021791	101.920177	13.026423	22.935214	95.179242	11.336085	23.262157	76.466623	5.187015	22.745285
33.340643	-21.895844	8.97707	35.298694	-13.439835	14.363059	52.591728	-21.44528	9.27741	59.247584	-4.707038	16.285351	66.528522	4.05796	20.563159	73.807548	15.313187	20.083713	78.867515	-6.648456	17.979098	95.287167	19.255054	21.225421	97.821833	0.574691	21.069839	102.375813	13.086323	22.98267	95.644846	11.375191	23.314372	76.9518	5.187282	22.838105
33.409456	-21.868779	9.014382	35.520868	-13.366949	14.405131	52.772046	-21.356189	9.342105	59.763038	-4.691966	16.26462	67.047672	4.06605	20.638453	74.32565	15.331478	20.274687	79.515927	-6.663135	18.06303	95.75697	19.364972	21.335454	98.400734	0.630581	21.124939	102.920098	13.178781	23.027921	96.193573	11.458792	23.442491	77.44094	5.17965	22.837759
33.471463	-21.765254	9.021286	35.706197	-13.355497	14.417172	53.087442	-21.176626	9.420233	60.319056	-4.65024	16.278225	67.620996	4.078887	20.714222	74.890957	15.349879	20.339535	79.947269	-6.665026	18.132839	96.233351	19.429535	21.34987	99.004915	0.807664	21.282421	103.389554	13.329684	23.143553	96.685286	11.604102	23.620915	78.028748	5.208972	22.98427
33.559526	-21.716809	9.075487	35.847698	-13.304455	14.368545	53.356937	-20.999227	9.455134	60.884535	-4.586271	16.46245	68.158076	4.096616	20.78236	75.498	15.385561	20.510977	80.523959	-6.62597	18.328676	96.725625	19.591281	21.54037	99.623967	0.980924	21.38884	103.920345	13.513761	23.26253	97.197184	11.757938	23.724331	78.631849	5.243918	23.147539
33.61523	-21.672665	9.111968	36.115773	-13.287188	14.358879	53.620623	-20.839566	9.491128	61.419449	-4.51506	16.545092	68.777995	4.137795	20.932792	76.018408	15.399405	20.603812	81.127942	-6.607928	18.494415	97.219239	19.674399	21.604658	100.21653	1.066272	21.496975	104.499877	13.705017	23.397894	97.790032	11.867329	23.827526	79.165723	5.295894	23.319117
33.704843	-21.60661	9.171115	36.355837	-13.25496	14.322817	54.002477	-20.610589	9.858831	61.892376	-4.429981	16.694088	69.392362	4.164817	21.002911	76.566406	15.417152	20.69351	81.626994	-6.551615	18.765693	97.81885	19.850241	21.713002	100.729482	1.160655	21.660093	105.106918	13.819271	23.494277	98.39181	12.045443	23.969259	79.732384	5.351269	23.496305
33.803026	-21.490114	9.292547	36.696891	-13.158758	14.301703	54.293199	-20.448753	9.939144	62.497358	-4.358812	16.846526	69.955297	4.211996	21.10256	77.215132	15.477835	20.950348	82.445141	-6.558333	19.019108	98.436623	20.010858	21.77871	101.226529	1.334895	21.834683	105.728994	14.008776	23.568658	99.031127	12.157253	24.061465	80.382561	5.394263	23.617115
33.903169	-21.383806	9.371349	36.99169	-13.12988	14.312353	54.645834	-20.197465	10.088616	63.125025	-4.195479	17.030068	70.650079	4.332607	21.530103	77.87836	15.537789	21.161733	83.002209	-6.478025	19.269163	99.049161	20.123317	21.832294	101.858365	1.528349	22.015184	106.35696	14.208724	23.679055	99.66803	12.345224	24.173941	81.041597	5.484289	23.888134
34.160779	-21.269109	9.486099	37.224492	-13.085559	14.309196	55.109815	-19.983138	10.304915	63.774339	-4.057158	17.300464	71.298792	4.395724	21.581649	78.536803	15.589242	21.293237	83.556485	-6.443268	19.558381	99.611863	20.27813	21.889578	102.490574	1.707223	22.165487	107.00139	14.386951	23.727534	100.311309	12.53425	24.318533	81.704257	5.570357	24.117313
34.246016	-21.160818	9.578155	37.611235	-13.004424	14.339685	55.649242	-19.777623	10.516904	64.378646	-3.902274	17.513833	71.931036	4.546961	21.709767	79.208494	15.657734	21.475865	84.248003	-6.406508	19.747451	100.242192	20.378832	21.89393	103.127537	1.817565	22.329964	107.645843	14.499378	23.788899	100.968518	12.665769	24.460971	82.362347	5.728522	24.33511
34.446269	-20.992583	9.699681	37.897389	-12.889486	14.395544	56.192756	-19.532464	10.803834	64.893698	-3.756152	17.6815	72.610335	4.733365	21.899934	79.875356	15.725864	21.602177	84.846949	-6.344969	19.988728	100.899489	20.548801	21.980743	103.755682	1.905161	22.442991	108.293273	14.669208	23.827414	101.619018	12.84613	24.55882	83.036847	5.824533	24.541311
34.630162	-20.751288	9.779716	38.341921	-12.72392	14.388553	56.566	-19.322841	10.948929	65.557043	-3.532169	17.818005	73.231303	4.814551	21.906726	80.561505	15.911231	21.796095	85.379404	-6.241924	20.245773	101.550092	20.693522	22.030597	104.38289	2.064434	22.526643	108.929061	14.755365	23.863433	102.247666	13.011384	24.619839	83.700862	5.930909	24.71188
34.827757	-20.603773	9.890944	38.663507	-12.598686	14.407465	56.930361	-19.036288	11.08675	66.131505	-3.256447	17.90457	73.862781	4.933318	21.947545	81.239912	16.099617	21.940442	85.933748	-6.136144	20.402688	102.198786	20.80069	22.065	105.018912	2.212402	22.631305	109.56588	14.918262	23.939222	102.892068	13.105233	24.61149	84.349525	6.107551	24.936523
35.058328	-20.375042	9.988297	39.090543	-12.376043	14.520911	57.408428	-18.779375	11.236241	66.727732	-3.058861	18.019753	74.461215	5.130524	22.066995	81.914383	16.258401	21.999673	86.51918	-5.998586	20.591567	102.845556	20.879766	22.041316	105.647693	2.293468	22.734257	110.215765	14.979673	23.946438	103.535646	13.267384	24.706948	85.005118	6.25799	25.04502
35.216387	-20.144727	10.15551	39.543665	-12.153388	14.516836	58.01141	-18.51816	11.468724	67.286519	-2.866367	18.111866	75.160981	5.38764	22.411326	82.568231	16.327781	21.983285	87.251763	-5.87405	20.726629	103.503609	21.01119	22.045336	106.266572	2.342767	22.77129	110.861158	15.056662	24.020227	104.175513	13.358724	24.784295	85.644741	6.349013	25.064491
35.470913	-19.863283	10.260135	39.964065	-11.926823	14.488504	58.375064	-18.198541	11.553377	67.96107	-2.610016	18.085301	75.796261	5.589524	22.425178	83.221793	16.38239	21.930262	87.758282	-5.754531	20.774793	104.159464	21.092547	22.115148	106.877494	2.407741	22.844967	111.501643	15.180206	24.031435	104.828853	13.445943	24.801886	86.282396	6.435992	25.095576
35.662172	-19.532609	10.355992	40.327031	-11.689957	14.469173	58.638079	-17.869757	11.636436	68.557872	-2.38837	18.072441	76.455591	5.799281	22.458805	83.87373	16.421152	21.792887	88.367439	-5.715493	20.801063	104.835604	21.222996	22.159498	107.532346	2.551223	22.963173	112.162226	15.236388	24.059691	105.474008	13.575232	24.846808	86.91016	6.562974	25.020338
35.807011	-19.213736	10.409353	40.778096	-11.417091	14.392823	59.154067	-17.541342	11.699464	69.204565	-2.222545	18.037913	77.109753	5.996854	22.495578	84.56145	16.579173	21.846905	89.011874	-5.630892	20.802506	105.493967	21.295164	22.164982	108.154083	2.591765	22.965389	112.818442	15.30753	24.125267	106.126911	13.703127	24.871739	87.573811	6.7012	25.069514
36.111718	-18.947836	10.45797	41.225233	-11.216729	14.400419	59.485295	-17.230892	11.688174	69.95027	-2.039435	17.904397	77.756902	6.103169	22.354714	85.253194	16.708894	21.834233	89.603307	-5.545714	20.753913	106.173135	21.370518	22.178524	108.789436	2.648695	22.976392	113.465483	15.432049	24.182823	106.777979	13.771803	24.882605	88.233307	6.749375	25.071704
36.332404	-18.732238	10.519493	41.685411	-11.125436	14.372075	60.100628	-17.002114	11.650304	70.485097	-1.960724	17.748249	78.412016	6.114862	22.151081	85.999487	16.728476	21.770053	90.19347	-5.522268	20.575048	106.827957	21.465987	22.193596	109.441881	2.758678	22.973715	114.111872	15.477443	24.238633	107.431989	13.814785	24.896675	88.879138	6.746945	24.984016
36.644378	-18.487325	10.596813	42.160084	-11.098485	14.324089	60.759273	-16.798185	11.473018	71.1329	-1.932024	17.664309	79.038267	6.087265	21.956653	86.650372	16.720918	21.756329	90.923871	-5.530814	20.458015	107.484936	21.497747	22.21019	110.085241	2.779887	22.943651	114.766696	15.508199	24.272248	108.067369	13.829718	24.886875	89.539214	6.698848	24.866283
36.946722	-18.417754	10.696987	42.678297	-11.059093	14.326193	61.428328	-16.71462	11.388472	71.796274	-1.912598	17.596639	79.750474	6.131356	22.215576	87.31251	16.710337	21.794496	91.565985	-5.540185	20.180772	108.139358	21.54059	22.41508	110.724501	2.792528	22.901577	115.414628	15.534004	24.328772	108.72531	13.837165	24.923065	90.19773	6.632909	24.800292
37.26583	-18.31126	10.766318	43.13899	-11.086942	14.400955	61.977341	-16.513515	11.308575	72.462813	-1.880992	17.527115	80.418446	6.116975	22.189167	87.973968	16.705636	21.896352	92.249688	-5.55595	19.926331	108.786731	21.566025	22.528166	111.380585	2.79877	22.860869	116.065097	15.552617	24.3682	109.368161	13.843457	24.977057	90.870891	6.543878	24.795279
37.478902	-18.180066	10.932688	43.639302	-11.051926	14.421777	62.537963	-16.34018	11.267391	73.142564	-1.756192	17.506718	81.076324	6.081749	22.046964	88.642089	16.704306	22.021077	92.949773	-5.52816	19.667084	109.437226	21.600049	22.63865	112.040493	2.805954	22.791	116.712386	15.597627	24.475053	110.014053	13.862273	25.066266	91.59578	6.458323	24.564793
37.960314	-18.044641	10.999709	44.183071	-11.038031	14.423198	63.130389	-16.191983	11.238398	73.729189	-1.741188	17.490581	81.802581	6.081271	22.013668	89.295647	16.619313	22.048694	93.587016	-5.480317	19.60032	110.075917	21.656523	22.785112	112.696997	2.908222	22.769758	117.354949	15.718832	24.580839	110.676763	13.885681	25.068248	92.26615	6.439773	24.529994
38.310356	-17.867037	11.111407	44.802805	-10.962053	14.479989	63.675941	-16.012395	11.258768	74.398333	-1.672923	17.462625	82.484584	6.125188	22.112451	89.962979	16.627813	22.082612	94.338687	-5.437926	19.512153	110.727616	21.735594	22.904379	113.348189	2.955383	22.786632	118.012404	15.779302	24.636244	111.329566	13.929797	25.089056	92.932596	6.428957	24.477562
38.681742	-17.761784	11.179275	45.269385	-11.011545	14.485188	63.98388	-15.898236	11.258313	75.096183	-1.598385	17.465701	83.154403	6.13842	21.991893	90.619807	16.650178	22.130362	95.087237	-5.443602	19.364651	111.390991	21.851824	23.038659	114.006103	3.092177	22.767176	118.657767	15.883619	24.812911	111.968225	14.051086	25.15245	93.602965	6.451038	24.490283
39.168004	-17.699787	11.254173	45.68213	-10.992755	14.545864	64.69726	-15.698346	11.242849	75.756958	-1.503348	17.51336	83.843381	6.179076	21.921537	91.311574	16.680881	22.12524	95.738871	-5.42619	19.329367	112.138405	21.951774	23.057535	114.656815	3.150779	22.777075	119.334506	16.020438	24.842324	112.650752	14.123893	25.163086	94.299512	6.488633	24.462075
39.509871	-17.626792	11.315294	46.270175	-10.972412	14.58537	65.356636	-15.513401	11.233215	76.374388	-1.387835	17.493052	84.555082	6.301921	22.117253	91.983966	16.749951	22.175518	96.295763	-5.312996	19.320465	112.826777	22.096693	23.099895	115.306626	3.322523	22.874961	120.005771	16.189281	24.908121	113.316708	14.286737	25.241231	95.060006	6.547262	24.43799
39.979505	-17.575153	11.46775	46.848254	-10.946858	14.680453	65.858625	-15.291351	11.607829	77.077588	-1.143212	17.493411	85.245907	6.461478	22.031602	92.685224	16.948139	22.332283	97.045011	-5.185633	19.291718	113.513896	22.267098	23.152706	115.976459	3.468397	22.905202	120.713907	16.28501	24.912905	114.025163	14.397282	25.256014	95.73724	6.70682	24.437184
40.480337	-17.468624	11.604193	47.363593	-10.912307	14.810088	66.294292	-15.06382	11.665684	77.727744	-0.999083	17.685341	85.976897	6.659196	22.056777	93.458056	17.13825	22.328	97.683556	-5.055462	19.456781	114.26379	22.433318	23.159853	116.647802	3.553113	22.940683	121.469289	16.458844	24.942311	114.779033	14.57504	25.293681	96.414719	6.900762	24.487286
40.925527	-17.339694	11.766085	48.093994	-10.818444	15.041046	67.041357	-14.827798	11.869432	78.541449	-0.811216	17.802404	86.66899	6.874685	22.028661	94.158831	17.352452	22.335621	98.352432	-4.861442	19.504902	115.020998	22.574383	23.190927	117.329101	3.634952	22.962215	122.250282	16.640238	24.978172	115.47919	14.765233	25.316042	97.120359	7.114955	24.553459
41.477203	-17.264041	11.900169	48.681591	-10.598427	15.151713	67.81961	-14.653459	11.987853	79.182196	-0.544373	17.957468	87.37145	7.128572	22.09478	94.947584	17.57503	22.311344	98.983657	-4.698367	19.54666	115.828408	22.772894	23.209942	118.094245	3.813115	23.020082	122.955546	16.813035	25.029676	116.268932	14.96672	25.340271	97.885458	7.35537	24.628828
42.063213	-17.089523	12.098884	49.293343	-10.548913	15.34463	68.300273	-14.344999	12.176375	79.806693	-0.302262	18.088848	88.078487	7.387261	22.083704	95.670894	17.825295	22.353918	99.745316	-4.502409	19.687151	116.653226	22.978132	23.230173	118.885075	3.993443	23.022649	123.672301	16.921911	25.03575	116.958427	15.171933	25.388009	98.590083	7.574084	24.529832
42.743938	-16.971304	12.319281	49.949485	-10.431355	15.527269	69.079691	-14.093355	12.367911	80.5399	0.01909	18.27178	88.835977	7.692526	22.186643	96.474121	18.066857	22.225084	100.345765	-4.301795	19.697987	117.456951	23.18721	23.21466	119.559532	4.179488	23.075202	124.471609	17.080929	24.891465	117.758452	15.391172	25.454427	99.290037	7.851267	24.582744
43.322865	-16.763923	12.465323	50.599979	-10.286196	15.717584	69.765588	-13.833041	12.503354	81.252794	0.377491	18.389317	89.576159	8.069305	22.357499	97.298765	18.449203	22.323479	100.957694	-4.057574	19.873466	118.216964	23.378617	23.149444	120.223051	4.357054	23.092167	125.27071	17.270384	24.965357	118.543883	15.587759	25.371744	100.069653	8.126874	24.60547
44.038725	-16.678704	12.662468	51.279731	-10.103006	15.919168	70.472066	-13.539593	12.695494	81.947456	0.691541	18.433803	90.268814	8.442392	22.343866	98.042919	18.818076	22.278813	101.647277	-3.7863	19.888755	119.058372	23.582717	23.079806	120.897816	4.519858	23.064727	126.070082	17.366973	24.906908	119.273903	15.78699	25.318376	100.836499	8.473969	24.63527
44.819501	-16.441773	12.931131	52.018382	-9.939063	16.156217	71.284332	-13.298261	12.863745	82.685462	1.018498	18.507337	91.047943	8.821451	22.434307	98.780004	19.152292	22.191368	102.354095	-3.522954	19.909336	119.891602	23.795711	23.109888	121.560853	4.624754	23.106413	126.805821	17.531354	24.878965	120.009655	15.96694	25.160278	101.54944	8.766437	24.633644
45.534255	-16.3484	13.164182	52.819606	-9.685422	16.43883	72.06211	-13.042175	12.970859	83.333379	1.248742	18.572689	91.769084	9.142383	22.440787	99.596959	19.43233	22.064905	103.098564	-3.258419	19.894718	120.768261	23.98395	23.052105	122.251489	4.783404	23.033519	127.630543	17.687403	24.851654	120.815856	16.158215	25.176313	102.266782	9.097531	24.548243
46.349269	-16.2318	13.383252	53.541396	-9.60967	16.620927	72.834196	-12.812139	13.134355	84.068687	1.578851	18.559313	92.482104	9.440633	22.407534	100.429873	19.698777	22.02433	103.872605	-2.953745	19.943248	121.58624	24.164592	22.970074	123.032089	4.959493	23.083017	128.434299	17.774486	24.815339	121.620082	16.307789	25.177279	102.942314	9.386164	24.558749
47.194364	-16.081727	13.685133	54.406629	-9.387707	16.866564	73.637534	-12.608171	13.230841	84.809379	1.895932	18.617966	93.248906	9.816312	22.51765	101.251559	19.938398	21.935515	104.509134	-2.648888	19.964428	122.349906	24.284237	22.94093	123.824867	5.052077	23.063668	129.185603	17.898786	24.627591	122.424482	16.484097	25.101422	103.73351	9.649809	24.554895
47.996992	-15.946957	13.922509	55.238646	-9.254081	17.13363	74.409473	-12.430806	13.256575	85.533625	2.130882	18.666149	93.955517	10.064794	22.396781	102.071081	20.169432	21.833243	105.095268	-2.41775	19.929352	123.183235	24.46957	22.961399	124.51092	5.202903	23.017481	129.910436	17.965788	24.560846	123.133516	16.659804	25.076785	104.502539	9.951929	24.523113
48.816963	-15.900463	14.182265	56.051049	-9.110917	17.37552	75.225502	-12.353507	13.41852	86.251889	2.312028	18.641985	94.665297	10.31548	22.322855	102.800204	20.392489	21.767606	105.813949	-2.251402	19.812522	124.003924	24.642109	22.883231	125.180396	5.344735	22.991055	130.694782	18.116414	24.527022	123.853025	16.836552	25.112261	105.205135	10.160665	24.29484
49.751075	-15.833135	14.420569	56.998865	-9.036738	17.727737	76.056162	-12.320976	13.395309	86.981605	2.539718	18.620827	95.391149	10.605963	22.209769	103.492277	20.595657	21.607671	106.52847	-2.007102	19.675664	124.723399	24.786873	22.828412	125.849735	5.416451	22.944855	131.469154	18.187074	24.482934	124.620287	16.938637	25.048794	105.898687	10.385313	24.281645
50.744411	-15.764349	14.719217	57.900041	-8.875901	17.985023	76.884354	-12.282333	13.471326	87.650676	2.733121	18.604149	96.076324	10.842226	22.176953	104.202252	20.799523	21.499159	107.181578	-1.822092	19.63434	125.503861	24.915607	22.869909	126.509895	5.555887	22.916786	132.174705	18.317393	24.374176	125.315148	17.088667	24.944722	106.572427	10.619956	24.299091
51.680684	-15.667131	15.0364	58.882554	-8.811904	18.294066	77.805754	-12.349934	13.468998	88.356677	2.869429	18.473825	96.751907	11.060137	22.128946	104.97537	21.0142	21.463941	107.855866	-1.620535	19.571374	126.20367	25.073071	22.862601	127.151271	5.62204	22.897166	132.853597	18.376645	24.326696	125.989691	17.225414	24.880115	107.219079	10.804607	24.138728
52.827495	-15.628241	15.281287	59.951777	-8.748381	18.513993	78.739747	-12.506119	13.457363	89.035142	2.980608	18.398353	97.381937	11.249441	21.993226	105.649498	21.200424	21.323019	108.454191	-1.47668	19.478196	126.881463	25.148201	22.742509	127.81013	5.752672	22.832748	133.501169	18.516836	24.339336	126.631998	17.320749	24.857136	107.872835	11.011059	24.146119
53.935697	-15.613267	15.55549	61.038174	-8.611162	18.840765	79.698851	-12.617072	13.456617	89.73599	3.162653	18.386185	98.009617	11.421049	21.833672	106.299655	21.395938	21.308501	109.031148	-1.302862	19.427213	127.548063	25.28485	22.691559	128.427414	5.809875	22.833978	134.141826	18.574417	24.310167	127.287487	17.400891	24.778082	108.489132	11.195176	24.054078
54.945247	-15.567147	15.765389	62.079742	-8.537467	19.195482	80.795663	-12.715318	13.464331	90.358976	3.175355	18.196807	98.598482	11.602015	21.848055	106.948487	21.565886	21.129154	109.66478	-1.163789	19.376437	128.183601	25.346915	22.607152	129.037757	5.866637	22.820239	134.758954	18.621652	24.242822	127.89296	17.518015	24.727857	109.110242	11.354845	24.009158
56.241404	-15.515203	16.066641	63.221581	-8.453537	19.397185	81.655287	-12.874591	13.549542	90.965036	3.251313	18.176912	99.148966	11.682754	21.637354	107.559072	21.735921	21.057429	110.225513	-1.063312	19.295652	128.82102	25.457953	22.456763	129.63769	5.975631	22.797708	135.368797	18.721124	24.159581	128.505211	17.62094	24.64153	109.704442	11.456583	23.849618
57.484874	-15.46662	16.353155	64.299069	-8.346945	19.765902	82.442061	-13.13195	13.528958	91.59828	3.276655	17.998506	99.699417	11.83675	21.587698	108.162324	21.883293	20.951701	110.759082	-0.978688	19.181993	129.436989	25.500557	22.355096	130.202811	5.994697	22.703585	135.926645	18.739766	24.09046	129.077427	17.665073	24.500234	110.204234	11.605203	23.74301
58.74929	-15.363061	16.681579	65.430747	-8.275191	20.043682	83.283653	-13.342434	13.533599	92.197452	3.299544	17.919794	100.210473	11.917551	21.563604	108.651764	21.924666	20.686883	111.211564	-0.913506	19.106397	130.021765	25.525248	22.180038	130.673319	6.015706	22.686838	136.445592	18.749399	24.061205	129.560288	17.706339	24.494871	110.689145	11.73749	23.680357
60.103635	-15.313976	16.965803	66.721372	-8.106738	20.35991	84.283481	-13.630931	13.474798	92.806269	3.26159	17.741087	100.674803	12.051191	21.475042	109.124078	21.965339	20.608921	111.616606	-0.796648	19.099802	130.502303	25.545758	22.113899	131.12374	6.009783	22.61412	136.909434	18.732351	23.946272	130.041096	17.722352	24.41047	111.138516	11.823093	23.601248
61.438271	-15.235167	17.312512	67.98592	-7.96422	20.704656	85.108423	-13.922801	13.482494	93.283142	3.248531	17.691546	101.122579	12.114772	21.478619	109.583981	21.991475	20.441974	112.12661	-0.763226	19.055565	130.977708	25.547713	22.055646	131.550553	5.996426	22.546105	137.361573	18.710302	23.882717	130.471412	17.718326	24.311445	111.584534	11.86203	23.457509
62.888262	-15.147028	17.644788	69.213094	-7.853467	20.854834	86.298402	-14.236663	13.461949	93.756909	3.278585	17.530749	101.545833	12.15287	21.363194	110.017011	22.119899	20.371919	112.470427	-0.751855	18.985386	131.427151	25.523904	21.932223	131.956651	5.971339	22.509674	137.783996	18.676432	23.842809	130.913646	17.695892	24.190849	112.005653	11.968661	23.361296
64.350727	-15.082951	17.937096	70.531555	-7.640156	21.202725	87.320153	-14.523491	13.51358	94.299907	3.169609	17.334371	101.941758	12.265936	21.333696	110.451917	22.127363	20.197524	112.967405	-0.721533	18.923855	131.852285	25.48886	21.843298	132.27345	5.92125	22.423424	138.191548	18.612874	23.752292	131.324343	17.670679	24.136914	112.40865	11.99681	23.28019
65.903614	-15.007948	18.219389	71.848641	-7.485586	21.418	88.437459	-14.726802	13.459637	94.690493	3.148871	17.188181	102.313926	12.28001	21.232576	110.867145	22.138646	20.098513	113.206279	-0.713872	18.783074	132.260453	25.447488	21.809035	132.545307	5.863545	22.351608	138.586156	18.478891	23.671737	131.699742	17.635387	24.103515	112.79651	12.008513	23.193037
67.509606	-14.85278	18.457209	73.277973	-7.232062	21.597971	89.436901	-14.972944	13.451781	95.132504	3.116988	17.034937	102.630023	12.280893	21.06957	111.278906	22.145721	20.017862	113.5236	-0.621843	18.750797	132.634695	25.404697	21.79914	132.814185	5.802297	22.321438	138.892942	18.414235	23.64629	132.004643	17.590828	24.066704	113.158894	12.01671	23.08652
69.1471	-14.650984	18.741152	74.761861	-6.925239	21.801528	90.637106	-15.200031	13.452065	95.564888	3.059317	16.895034	102.973554	12.297407	21.058092	111.663942	22.144091	19.889471	113.779126	-0.65955	18.612415	132.961791	25.330202	21.694019	133.173161	5.681882	22.277724	139.254377	18.270489	23.603011	132.36727	17.515756	24.015347	113.437374	12.001964	22.937765
70.75134	-14.47662	19.002048	76.217135	-6.693955	21.921296	91.749403	-15.421621	13.397978	95.991696	2.990133	16.743866	103.26635	12.298834	20.924486	111.945972	22.132357	19.785304	114.009967	-0.722972	18.470407	133.250229	25.208859	21.618627	133.528248	5.633883	22.228782	139.550482	18.190125	23.54466	132.654896	17.406835	23.930263	113.71142	12.005448	22.830683
72.449567	-14.260944	19.171688	77.641121	-6.348208	21.945392	92.827085	-15.555521	13.349652	96.342242	2.969959	16.650069	103.526844	12.293344	20.750508	112.21505	22.127199	19.74552	114.260024	-0.748927	18.390323	133.613482	25.160177	21.614431	133.766617	5.568007	22.170713	139.802758	18.033632	23.491917	132.908584	17.351615	23.923713	113.963608	11.997488	22.720761
74.144815	-13.994268	19.359176	79.244386	-5.964077	22.047496	93.90323	-15.702005	13.330274	96.814672	2.85131	16.540451	103.775915	12.370584	20.6688	112.481457	22.124944	19.694602	114.52206	-0.765124	18.276983	133.963841	25.097835	21.571653	133.997035	5.423404	22.094619	140.047812	17.964925	23.554166	133.163084	17.219028	23.842844	114.21217	12.0176	22.731843
75.849516	-13.706507	19.446587	80.784904	-5.655702	22.060543	95.060351	-15.801604	13.230186	97.090486	2.827059	16.42156	104.032296	12.382035	20.57921	112.825016	22.125042	19.51369	114.853934	-0.754236	18.261991	134.235692	24.978653	21.514599	134.219683	5.366979	22.066027	140.368923	17.815184	23.501371	133.477855	17.163605	23.834244	114.519365	12.067355	22.661399
77.592292	-13.355089	19.565616	82.244872	-5.241488	22.120685	96.344545	-15.796783	13.130529	97.482767	2.796339	16.272734	104.29597	12.38634	20.497399	113.086002	22.226049	19.567579	115.061927	-0.780984	18.17682	134.493468	24.922021	21.517848	134.4384	5.304597	22.026979	140.609669	17.735592	23.479117	133.710645	17.100484	23.792059	114.755319	12.06111	22.561253
79.230052	-13.054076	19.582376	83.834099	-4.77538	22.054335	97.413433	-15.763374	13.119913	97.79138	2.759602	16.156114	104.54307	12.408482	20.431457	113.333918	22.234278	19.528235	115.244798	-0.787926	18.148963	134.739117	24.865498	21.503903	134.64366	5.177838	21.988622	140.846538	17.588294	23.428851	133.944505	16.987808	23.781481	114.976053	12.081451	22.536629
80.823962	-12.616803	19.47358	85.320568	-4.320955	21.966882	98.689161	-15.754702	13.049294	98.076241	2.738737	16.05581	104.774179	12.443002	20.371691	113.590354	22.245998	19.482178	115.398421	-0.807084	18.058271	134.99442	24.762455	21.470341	134.870001	5.133724	21.958446	141.071912	17.539088	23.488865	134.169389	16.939966	23.739829	115.185973	12.09794	22.502529
82.494381	-12.159445	19.448958	86.792212	-3.80249	21.894021	99.938183	-15.573296	12.98686	98.448905	2.709787	15.847282	105.006623	12.558663	20.344627	113.91242	22.272823	19.398671	115.583995	-0.794018	18.047916	135.25008	24.730264	21.474721	135.077606	5.093005	21.918936	141.293389	17.479122	23.481222	134.398715	16.904329	23.719193	115.423635	12.105613	22.369087
84.081698	-11.68498	19.400752	88.192807	-3.243329	21.798742	101.191065	-15.40957	12.942021	98.810193	2.740881	15.758292	105.218436	12.604321	20.271141	114.154219	22.303545	19.361291	115.794898	-0.808074	17.985322	135.553606	24.717821	21.479537	135.287729	5.065155	21.905384	141.512486	17.374743	23.441042	134.620616	16.877479	23.685833	115.634586	12.156776	22.344261
85.641574	-11.251503	19.158394	89.609066	-2.778861	21.546788	102.477384	-15.089908	12.974432	99.048417	2.746896	15.801836	105.452926	12.683047	20.248512	114.405496	22.432811	19.328737	115.968395	-0.741188	18.03558	135.798523	24.709007	21.477357	135.495418	5.051765	21.887755	141.736124	17.353213	23.44064	134.837748	16.867651	23.677301	115.860253	12.260666	22.331146
87.135145	-10.861358	18.92036	90.853672	-2.231355	21.43212	103.785616	-14.750668	12.936413	99.478394	2.874764	16.307565	105.678779	12.79684	20.094423	114.638785	22.467078	19.235127	116.251658	-0.66891	17.993347	136.040917	24.687645	21.240742	135.709754	5.054012	21.875035	141.967209	17.34552	23.415795	135.067817	16.878044	23.657113	116.068228	12.329355	22.305649
88.65567	-10.426485	18.675906	92.026559	-1.73466	21.180886	104.825123	-14.388663	13.032507	99.799372	2.943094	16.282605	105.903336	12.964268	20.108588	114.869768	22.52374	19.109489	116.454204	-0.582696	17.975032	136.276173	24.72248	21.320723	135.914341	5.0722	21.865362	142.16717	17.354452	23.417136	135.291818	16.903124	23.660709	116.293132	12.482726	22.361078
90.088273	-10.121921	18.389575	93.080855	-1.300072	21.027584	105.991937	-13.99859	13.039696	100.139573	3.058598	16.286355	106.140663	13.131421	20.082933	115.114907	22.669668	19.067357	116.612284	-0.438828	17.995012	136.508614	24.759842	21.301747	136.134612	5.101318	21.823318	142.398061	17.3794	23.391427	135.502875	16.944719	23.673468	116.511578	12.573327	22.36006
91.487482	-9.830179	18.078982	94.003453	-0.85129	20.828148	107.164287	-13.452248	13.148153	100.448793	3.085313	16.445438	106.365437	13.248353	20.086988	115.373422	22.849892	19.06494	116.889951	-0.288499	18.009165	136.748417	24.813023	21.164704	136.34338	5.139441	21.818304	142.617544	17.421935	23.368004	135.738159	16.999926	23.618725	116.74872	12.739148	22.297933
92.851842	-9.521439	17.809703	94.869627	-0.476752	20.570974	108.288293	-12.965484	13.177275	100.827309	3.222886	16.479825	106.603273	13.440979	20.053134	115.704728	23.037161	18.980797	117.035632	-0.195615	18.023625	137.000327	24.923106	21.197524	136.553772	5.198959	21.812058	142.86485	17.515481	23.277995	135.964106	17.114275	23.539353	116.97842	12.920724	22.300583
94.003902	-9.36581	17.456339	95.512112	-0.230298	20.35314	109.466329	-12.331525	13.310457	101.260057	3.316546	16.553231	106.865962	13.655827	20.045947	115.953248	23.230869	18.97886	117.21361	-0.053429	18.034663	137.316024	25.00485	21.180334	136.781776	5.320699	21.793034	143.106401	17.564868	23.213565	136.224784	17.181371	23.46175	117.200026	13.130707	22.340198
95.151008	-9.227878	17.02287	96.015473	-0.052282	20.1235	110.375969	-11.753994	13.406501	101.602764	3.4284	16.628369	107.151754	13.875147	20.037179	116.223041	23.417451	18.855629	117.507318	0.109057	18.028111	137.580147	25.131049	21.130589	137.014528	5.4517	21.778416	143.416065	17.637542	23.17254	136.533171	17.317158	23.404381	117.448506	13.335152	22.335188
96.244465	-9.110289	16.7348	96.406986	0.104606	19.924785	111.260989	-11.248021	13.59074	101.906163	3.63289	16.842377	107.415379	14.102639	19.985563	116.494898	23.624414	18.852272	117.825632	0.252241	18.113658	137.848889	25.25537	21.066623	137.256739	5.521823	21.751531	143.670314	17.744216	23.096229	136.785741	17.443806	23.275483	117.719535	13.5437	22.289771
97.303209	-9.066599	16.419339	96.789091	0.13	19.731625	111.992566	-10.748431	13.746177	102.218064	3.848962	16.93859	107.677897	14.349443	19.995877	116.852134	23.832295	18.633086	117.995468	0.441497	18.258672	138.147494	25.327667	20.850204	137.479899	5.598259	21.756069	143.925026	17.884227	23.079623	137.041457	17.54571	23.266962	118.043766	13.778781	22.295561
98.269307	-9.054199	16.082518	97.105833	0.026554	19.508532	112.744196	-10.286491	13.897979	102.494618	4.07004	16.874087	107.965768	14.628124	20.171921	117.229079	24.071491	18.601555	118.182786	0.653545	18.293973	138.490928	25.482848	20.821669	137.728571	5.74501	21.734894	144.19844	17.956038	23.017959	137.337751	17.710544	23.212011	118.306972	14.019033	22.345739
99.125432	-9.045272	15.665509	97.320649	-0.045769	19.202347	113.466148	-9.771739	14.070681	102.782463	4.348302	16.84858	108.296071	14.874495	20.126594	117.496951	24.298803	18.547254	118.473058	0.811192	18.435019	138.865129	25.593268	20.731806	137.986789	5.906461	21.725138	144.554377	18.117748	22.996614	137.674802	17.878929	23.136863	118.584588	14.271599	22.351959
99.905048	-9.072114	15.320903	97.506052	-0.111247	18.920494	114.193539	-9.312777	14.186919	103.099026	4.525764	16.728774	108.587455	15.219115	20.274515	117.788099	24.529164	18.48144	118.853788	1.087298	18.582852	139.169444	25.749846	20.604635	138.246363	6.072181	21.726318	144.908208	18.2787	22.944118	138.022536	18.008033	23.119939	118.944059	14.533393	22.425742
100.641609	-9.049711	14.957752	97.774181	-0.204527	18.586739	114.813268	-8.856198	14.339182	103.422491	4.754331	16.707023	108.899865	15.471899	20.268705	118.163939	24.788723	18.539173	119.06938	1.326164	18.722753	139.576978	25.923288	20.43221	138.610551	6.202486	21.713549	145.184323	18.399149	22.929087	138.320343	18.210169	23.120823	119.308	14.800621	22.467029
101.474788	-8.992727	14.587144	98.028895	-0.359379	18.241798	115.470184	-8.435995	14.476172	103.859287	4.925408	16.645156	109.229388	15.714007	20.210525	118.561344	25.024091	18.352051	119.415312	1.599167	18.893012	139.918998	26.138646	20.476667	139.002456	6.404496	21.670443	145.497337	18.579828	22.773612	138.641661	18.40561	22.963815	119.60124	15.088195	22.446663
102.248043	-8.940265	14.2473	98.249288	-0.431882	17.883453	115.920421	-8.09275	14.547999	104.139746	5.054219	16.543999	109.590857	15.989699	20.402696	118.919669	25.287375	18.440143	119.832318	1.826499	19.062446	140.233798	26.317573	20.27791	139.379573	6.614043	21.644999	145.858408	18.782651	22.722502	139.00388	18.610675	22.883209	119.897913	15.39285	22.476571
103.018616	-8.850034	13.801492	98.697778	-0.56796	17.513773	116.569868	-7.695059	14.60012	104.525054	5.28874	16.538317	109.884465	16.242147	20.479283	119.219224	25.505973	18.295155	120.113708	2.072075	19.205395	140.534012	26.51041	20.132989	139.664129	6.812005	21.63295	146.224232	18.982079	22.61805	139.378293	18.811509	22.759538	120.270595	15.642327	22.437735
103.815306	-8.694542	13.535748	99.09814	-0.629614	17.174784	117.152912	-7.312189	14.679546	104.818962	5.474117	16.416281	110.208893	16.483273	20.52853	119.496596	25.719811	18.164143	120.563993	2.432367	19.344161	140.830032	26.722074	20.145654	139.945472	7.007777	21.610939	146.529193	19.182176	22.53202	139.656911	19.039729	22.81747	120.630299	15.907345	22.508046
104.671155	-8.589426	13.099106	99.485449	-0.70256	16.864438	117.725488	-6.946642	14.724821	105.173649	5.585968	16.273828	110.539449	16.6923	20.44399	119.766069	25.944809	18.122977	120.818626	2.633145	19.451138	141.192899	26.923617	20.091773	140.217077	7.202941	21.607972	146.814867	19.387463	22.523131	139.97547	19.245583	22.754561	120.920588	16.166681	22.517672
105.381639	-8.385796	12.647116	99.848996	-0.76602	16.557355	118.274428	-6.660453	14.623263	105.634624	5.81891	16.146006	110.84773	16.914962	20.432481	120.059267	26.163177	18.008105	121.178305	2.83868	19.552436	141.555619	27.124157	20.029859	140.523898	7.394689	21.589663	147.121731	19.5811	22.452664	140.327704	19.445934	22.698511	121.216203	16.474703	22.529493
106.099596	-8.244379	12.271261	100.278107	-0.868305	16.143755	118.8404	-6.382497	14.568523	106.010061	5.926344	15.97757	111.191611	17.100836	20.270005	120.427388	26.411474	18.028849	121.524385	3.088212	19.609939	141.843562	27.299525	20.053477	140.869328	7.596228	21.584159	147.465343	19.773115	22.458154	140.697022	19.641336	22.667511	121.574864	16.714798	22.570018
106.871867	-8.095617	11.828421	100.71241	-0.96638	15.730336	119.297566	-6.051509	14.536131	106.48562	6.06344	15.870562	111.493826	17.311646	20.252694	120.829366	26.730507	18.063061	121.788825	3.283273	19.579342	142.14087	27.443354	20.07023	141.264536	7.787301	21.590424	147.835609	19.958727	22.464928	140.985548	19.841511	22.714141	121.936043	16.953203	22.600499
107.572463	-7.953775	11.347583	101.105502	-1.045761	15.34468	119.927225	-5.772888	14.354404	106.813764	6.181118	15.701281	111.83983	17.513392	20.261706	121.214853	26.957751	18.020147	122.230876	3.527629	19.613872	142.517784	27.614384	20.039458	141.66403	7.968551	21.602462	148.23255	20.050232	22.350526	141.356852	20.024184	22.760808	122.219813	17.18724	22.660424
108.300717	-7.739128	10.844978	101.539468	-1.095986	14.876256	120.392087	-5.560561	14.124991	107.167738	6.337024	15.636639	112.170837	17.722026	20.302508	121.494233	27.167115	17.996285	122.529938	3.774269	19.618495	142.90554	27.777138	20.107953	142.051414	8.122725	21.61753	148.522524	20.219181	22.440397	141.661166	20.17294	22.787662	122.53494	17.41078	22.723761
108.828771	-7.494641	10.263145	102.064994	-1.065457	14.394556	120.809879	-5.369453	13.965564	107.523723	6.455156	15.467442	112.537377	17.908387	20.255601	121.796745	27.374724	18.014338	122.965521	3.942287	19.58789	143.306172	27.873812	20.081097	142.329584	8.216563	21.653346	148.905718	20.305201	22.486075	142.05069	20.290196	22.805909	122.902352	17.596055	22.570339
109.496036	-7.272384	9.730756	102.481354	-0.99145	13.932231	121.265198	-5.237176	13.568692	107.9204	6.650608	15.343191	112.92023	18.086746	20.199259	122.200666	27.582266	18.031815	123.239866	4.120408	19.59039	143.719749	27.959644	20.115212	142.606402	8.274634	21.655113	149.300482	20.43653	22.497031	142.441081	20.366091	22.828568	123.295434	17.775474	22.547322
109.955044	-7.056621	9.102782	102.922227	-0.930012	13.560927	121.661716	-5.105085	13.123991	108.345881	6.799448	15.274625	113.266097	18.257165	20.164041	122.607059	27.782781	18.046943	123.65993	4.286912	19.565806	144.129428	28.084032	20.11772	142.99913	8.344009	21.638142	149.695616	20.500466	22.526451	142.841631	20.509876	22.894456	123.683665	17.955811	22.572893
110.49155	-6.748569	8.486856	103.324282	-0.824596	13.174768	122.163143	-4.944029	12.696709	108.775456	6.917684	15.260451	113.659927	18.3457	20.100163	123.028332	27.971623	18.096708	124.098655	4.440554	19.534388	144.452912	28.141691	20.158307	143.42246	8.465468	21.628753	150.032222	20.549064	22.555692	143.250179	20.56188	22.887459	124.091766	18.06405	22.558081
111.024028	-6.495073	7.933885	103.767676	-0.738907	12.765769	122.59618	-4.837002	12.289724	109.125734	7.016826	15.231876	114.053133	18.493606	20.002392	123.447315	28.068792	18.086141	124.38898	4.575096	19.489082	144.884716	28.210252	20.175529	143.845305	8.585881	21.624588	150.446954	20.598032	22.557222	143.660534	20.621334	22.901013	124.409715	18.229885	22.576472
111.457518	-6.271935	7.41073	104.237892	-0.685433	12.339567	123.071197	-4.7268	11.855343	109.578431	7.164538	15.232987	114.454136	18.565226	19.957965	123.856059	28.152983	18.118545	124.715514	4.706128	19.457739	145.308755	28.316863	20.216059	144.256684	8.637551	21.60773	150.8553	20.709915	22.602174	144.074547	20.736574	22.936971	124.836592	18.313557	22.530039
111.76589	-6.135939	6.746309	104.627523	-0.600005	11.948415	123.521562	-4.698457	11.353489	109.994379	7.319525	15.215856	114.878872	18.710803	19.918211	124.171134	28.312359	18.16621	125.117204	4.789345	19.292027	145.736921	28.369817	20.254515	144.656244	8.690957	21.610663	151.2883	20.744867	22.595729	144.442954	20.787716	22.93832	125.23399	18.467367	22.584285
111.862956	-6.060035	6.208627	105.025449	-0.466952	11.517664	123.947442	-4.620373	10.920516	110.401391	7.447468	15.197879	115.288373	18.782657	19.889792	124.617019	28.482926	18.134527	125.515932	4.930309	19.219085	146.163501	28.441586	20.30023	145.092868	8.743713	21.593945	151.723042	20.797216	22.589905	144.86229	20.846078	22.976018	125.651602	18.562734	22.629468
112.072241	-6.036658	5.99434	105.281282	-0.252528	11.358099	124.035711	-4.837349	10.674129	110.900569	7.581476	15.12688	115.672867	18.948532	19.822052	125.045088	28.643538	18.09415	125.893842	5.095989	19.188998	146.590494	28.555553	20.332527	145.51677	8.867276	21.593602	152.145133	20.921816	22.64653	145.286709	20.97376	22.993626	126.07219	18.727981	22.643429
112.206952	-6.024369	6.058939	105.51491	-0.077396	11.373621	124.315407	-4.887006	10.609985	111.305414	7.787273	15.147417	116.100356	19.12373	19.726512	125.474277	28.749778	18.065344	126.368568	5.135689	19.03062	147.03582	28.631616	20.339408	145.94508	9.002925	21.576523	152.573932	20.982326	22.652432	145.714022	21.049214	22.998021	126.500628	18.908322	22.611907
112.251822	-5.963036	6.21129	105.744232	0.093866	11.513245	124.544585	-4.842326	10.614102	111.67746	7.942759	15.151283	116.524881	19.301608	19.542935	125.930863	28.937368	17.924752	126.773104	5.349836	19.120318	147.464787	28.78103	20.370308	146.346696	9.084828	21.572069	152.996922	21.084669	22.676297	146.141948	21.216439	23.045835	126.919684	19.122277	22.62888
112.340622	-5.88096	6.370494	106.021822	0.288615	11.7298	124.828397	-4.849508	10.699788	112.069626	8.058811	15.156297	116.95569	19.524273	19.63206	126.370874	29.130634	17.854966	127.149843	5.58452	19.148762	147.908691	28.939583	20.405858	146.674795	9.243799	21.562054	153.421861	21.230029	22.709803	146.562315	21.391551	23.075751	127.340555	19.320441	22.497065
112.432958	-5.827867	6.484964	106.309233	0.482037	11.845455	125.037978	-4.901098	10.733428	112.469144	8.298874	15.193674	117.378524	19.729655	19.588875	126.81849	29.319518	17.723983	127.632495	5.831788	19.20927	148.336001	29.059508	20.412018	147.091924	9.355095	21.581294	153.866307	21.41056	22.741771	147.0139	21.517797	23.081547	127.774748	19.538638	22.394796
112.569268	-5.748008	6.634762	106.632718	0.676326	12.015919	125.278997	-4.906529	10.716197	112.906589	8.383316	15.231714	117.828706	19.945483	19.632572	127.270539	29.513413	17.698906	128.03466	6.00081	19.308063	148.81529	29.211833	20.192331	147.526224	9.540173	21.631938	154.319573	21.583568	22.70766	147.458837	21.710091	23.108066	128.215664	19.774733	22.456876
112.668131	-5.680764	6.771382	106.897491	0.859184	12.124435	125.497885	-4.917415	10.725888	113.344091	8.570225	15.303287	118.277	20.153702	19.716316	127.714162	29.608771	17.567605	128.489863	6.15143	19.320063	149.26651	29.386011	20.209504	147.95878	9.719965	21.64726	154.772065	21.749627	22.671916	147.907452	21.904813	23.169594	128.653792	19.999134	22.48585
112.766384	-5.644874	6.756233	107.147141	1.026391	12.295835	125.793145	-4.943611	10.720352	113.74831	8.807774	15.359227	118.70487	20.294478	19.749041	128.156804	29.807967	17.571198	128.926768	6.391254	19.412028	149.718402	29.546174	20.138952	148.421888	9.887472	21.632699	155.210483	21.876139	22.713799	148.401004	22.088763	23.20079	129.109969	20.215108	22.486836
112.726767	-5.528332	6.886239	107.442696	1.23385	12.440718	126.06079	-4.948921	10.759513	114.205715	8.939667	15.482594	119.164442	20.490203	19.80915	128.608922	30.001121	17.580509	129.32578	6.566544	19.489171	150.198001	29.666075	20.122012	148.864704	10.054504	21.677804	155.672208	22.049025	22.727488	148.870412	22.239288	23.100549	129.562677	20.399653	22.453507
112.910032	-5.413017	7.066031	107.773841	1.422151	12.681193	126.161482	-5.002637	10.777716	114.666907	9.089278	15.520342	119.634886	20.664735	19.861382	129.060795	30.187839	17.592794	129.799532	6.750303	19.560074	150.713666	29.844198	20.174998	149.314604	10.154938	21.712788	156.192883	22.236922	22.798631	149.340163	22.348452	23.109766	130.013887	20.592243	22.521167
112.979703	-5.370953	7.176571	108.061507	1.568282	12.890015	126.370316	-5.075628	10.763677	115.058549	9.217803	15.554915	120.099322	20.753209	19.901934	129.511635	30.356635	17.667615	130.223796	6.874996	19.64745	151.163653	30.000287	20.169721	149.784434	10.32044	21.766179	156.646893	22.38654	22.803085	149.800245	22.520114	23.146889	130.473963	20.712227	22.587758
113.100005	-5.326394	7.299787	108.447997	1.744325	13.005107	126.610917	-5.09282	10.74466	115.585238	9.257441	15.61224	120.610793	20.816789	19.907655	129.949726	30.465431	17.745994	130.8147	6.993608	19.704399	151.608894	30.113705	20.239547	150.311331	10.442886	21.871298	157.094508	22.520531	22.884076	150.26679	22.670176	23.220487	130.938595	20.875817	22.622394
113.265952	-5.274609	7.412921	108.763487	1.787854	13.253131	126.84268	-5.147296	10.710633	115.996638	9.364334	15.776295	121.082223	20.951136	19.95917	130.36755	30.550933	17.880339	131.262484	7.147428	19.781238	152.048776	30.292323	20.318886	150.91003	10.609697	21.917947	157.589915	22.696472	22.886107	150.793922	22.7915	23.252822	131.404077	20.967609	22.662103
113.403142	-5.2327	7.428842	109.124412	1.855407	13.436245	127.049371	-5.208079	10.700233	116.438822	9.414421	15.821291	121.55598	20.996501	20.05609	130.822134	30.720145	17.962562	131.809277	7.307907	19.869187	152.507913	30.453915	20.447318	151.467626	10.790865	22.002391	158.108969	22.857504	22.957931	151.250232	22.953672	23.288582	131.943804	21.106094	22.751496
113.495183	-5.201527	7.535245	109.399459	1.909297	13.542752	127.248714	-5.313381	10.671529	116.919431	9.429523	15.825331	122.039548	21.033676	20.126514	131.269912	30.876864	18.183332	132.341406	7.378155	19.932132	153.032631	30.582914	20.523183	151.953873	10.941731	22.050215	158.5602	22.994916	23.051049	151.758666	23.056442	23.315432	132.412741	21.18185	22.817605
113.617692	-5.186276	7.61283	109.733538	2.010234	13.70972	127.467942	-5.47912	10.515606	117.484727	9.432013	15.872899	122.565007	21.055743	20.168306	131.712949	30.951837	18.260962	132.8004	7.423565	20.007942	153.50444	30.748036	20.538443	152.412903	11.035317	22.098341	159.056982	23.166963	23.074703	152.271638	23.221395	23.386725	132.898817	21.253474	22.900105
113.695252	-5.178018	7.656589	109.998294	2.052656	13.81903	127.666066	-5.604881	10.405645	117.879146	9.438816	15.878515	123.036869	21.105508	20.390888	132.142652	31.008608	18.357976	133.239802	7.519453	20.054485	153.952983	30.858448	20.60775	152.875265	11.133353	22.175774	159.604246	23.322466	23.026706	152.753505	23.379438	23.484864	133.44215	21.379768	22.99802
113.799469	-5.194842	7.722125	110.284328	2.11422	13.902516	127.833883	-5.775936	10.415298	118.313536	9.482661	16.001236	123.530727	21.131989	20.448485	132.578634	31.062294	18.446589	133.779804	7.639314	20.14095	154.404616	31.025509	20.665855	153.364776	11.278168	22.206643	160.166455	23.442	23.048708	153.290342	23.481445	23.497027	133.910342	21.44276	23.068124
113.935538	-5.153916	7.781605	110.541426	2.137072	14.037285	128.042564	-5.875463	10.383989	118.821241	9.502713	15.981355	124.064201	21.151714	20.536464	133.027358	31.108627	18.549555	134.348256	7.679709	20.192933	154.891274	31.185449	20.76399	153.939835	11.442649	22.263108	160.625722	23.613981	23.142199	153.776689	23.632099	23.525292	134.406794	21.491006	23.110872
114.010113	-5.13105	7.847182	110.825036	2.213446	14.135489	128.170233	-5.986393	10.343696	119.304783	9.513189	16.014884	124.546586	21.178495	20.674754	133.581596	31.248651	18.679026	134.998642	7.718171	20.235838	155.408893	31.276053	20.748621	154.526985	11.591398	22.330446	161.103816	23.717455	23.159981	154.27388	23.723505	23.568403	134.951006	21.551332	23.19128
114.113847	-5.116097	7.924297	111.154906	2.269107	14.320553	128.369421	-6.161463	10.336556	119.898266	9.567579	16.212875	125.031622	21.188314	20.740165	134.124954	31.285192	18.710328	135.586762	7.781708	20.315105	155.8765	31.425315	20.804127	155.094209	11.698112	22.410989	161.573214	23.877641	23.183791	154.799067	23.870082	23.633965	135.478875	21.646271	23.271577
114.224279	-5.103964	7.986881	111.433905	2.281901	14.401798	128.522939	-6.274672	10.285844	120.277006	9.52648	16.212728	125.564076	21.193043	20.847103	134.587351	31.30338	18.755169	136.078544	7.846962	20.348158	156.336128	31.507537	20.816019	155.670465	11.780909	22.469174	162.119615	24.044655	23.236833	155.285802	23.951872	23.652624	135.962243	21.675088	23.316873
114.310736	-5.093449	8.041148	111.684512	2.290349	14.45878	128.589795	-6.367351	10.23385	120.735989	9.551171	16.237007	126.049139	21.193012	20.920465	135.019522	31.321224	18.842915	136.652009	7.864105	20.430452	156.865317	31.647361	20.865719	156.132159	11.925363	22.583228	162.595724	24.141206	23.249817	155.758495	24.041172	23.718012	136.436379	21.701784	23.346508
114.393932	-5.090022	8.060487	111.820809	2.340947	14.493616	128.744943	-6.480992	10.227442	121.146015	9.567961	16.418112	126.51736	21.183854	20.977058	135.473657	31.326022	18.866049	137.099684	7.887252	20.433552	157.324622	31.711204	20.848168	156.598398	11.987816	22.6436	163.028496	24.303972	23.328074	156.258134	24.167409	23.750078	136.897382	21.713547	23.380832
114.440562	-5.084287	8.08995	112.126929	2.352575	14.511859	128.861847	-6.570171	10.195456	121.515673	9.577062	16.441847	126.996315	21.162694	20.948142	135.906926	31.333359	18.937263	137.665548	7.910975	20.458235	157.760039	31.7843	20.827032	157.070662	12.113769	22.650841	163.508612	24.397399	23.305267	156.749598	24.219578	23.610846	137.378154	21.729772	23.427911
114.512542	-5.091996	8.150894	112.366237	2.410828	14.605268	129.015525	-6.729107	10.166338	121.992217	9.550701	16.459765	127.506372	21.134493	20.931878	136.338815	31.329176	18.91781	138.121568	7.911151	20.432934	158.169098	31.91156	20.915515	157.626958	12.192746	22.725556	164.008788	24.549365	23.365867	157.191925	24.345073	23.650956	137.90481	21.720619	23.405701
114.612801	-5.084593	8.190017	112.658387	2.425264	14.638865	129.419335	-6.797428	10.098232	122.448734	9.527812	16.498027	127.970563	21.114545	20.942584	136.774463	31.32194	18.910834	138.697395	7.921224	20.426435	158.607623	31.955003	20.930845	158.205865	12.344064	22.768183	164.444841	24.687384	23.400001	157.630125	24.398048	23.670994	138.351066	21.725097	23.479946
114.635297	-5.066343	8.231827	112.865362	2.438477	14.719621	129.529729	-6.934601	10.077095	122.879669	9.470937	16.485128	128.407317	21.083103	20.935704	137.202271	31.309281	18.894897	139.124554	7.911304	20.343268	159.012924	32.008756	20.917587	158.722093	12.398406	22.805815	164.888872	24.763867	23.379605	158.081256	24.456901	23.697442	138.793186	21.708235	23.434389
114.645207	-5.176642	8.24896	113.193197	2.432303	14.758975	129.65372	-7.118128	10.028259	123.308412	9.398135	16.51437	128.842563	21.078911	21.181892	137.622899	31.302247	18.933299	139.671792	7.878924	20.27517	159.442255	32.10001	20.928573	159.172497	12.443283	22.801218	165.303176	24.82125	23.38417	158.486483	24.56733	23.743992	139.232891	21.680617	23.405966
114.75577	-5.167607	8.253988	113.446884	2.454192	14.888541	129.750153	-7.295365	9.962137	123.720671	9.415631	16.463217	129.286398	20.954757	21.111189	138.051409	31.281745	18.903633	140.080604	7.855434	20.252412	159.846109	32.13933	20.897808	159.653579	12.552374	22.787976	165.746528	24.886249	23.290259	158.912194	24.60661	23.755491	139.660989	21.660551	23.414762
114.760746	-5.164845	8.267293	113.569861	2.433971	14.900378	129.824918	-7.430291	9.903366	123.985244	9.411918	16.454962	129.700133	20.906077	21.060725	138.45789	31.247186	18.825351	140.517538	7.823913	20.086798	160.139703	32.169482	20.830519	160.090881	12.577	22.752929	166.16921	24.974032	23.144194	159.328384	24.624925	23.659441	140.085747	21.61146	23.341927
114.912873	-5.200827	8.269142	113.799123	2.446872	14.923009	129.84714	-7.586915	9.788306	124.369015	9.372818	16.417827	130.112343	20.848122	20.991125	138.749096	31.208952	18.843296	141.122313	7.808983	20.030871	160.445773	32.197503	20.798704	160.508571	12.606261	22.746587	166.558333	25.029347	23.146001	159.719913	24.650286	23.618352	140.504761	21.502876	23.265795
115.006341	-5.201836	8.268191	114.093284	2.441401	14.906029	129.973628	-7.692542	9.726479	124.71777	9.328226	16.340758	130.4938	20.711103	20.925322	139.035307	31.135729	18.77756	141.468975	7.773936	19.898858	160.800681	32.218179	20.698221	160.889065	12.628689	22.701555	166.862379	25.148981	23.156616	160.108603	24.67096	23.524902	140.898761	21.467066	23.240153
115.011032	-5.198853	8.281798	114.318589	2.44788	14.951623	130.057317	-7.807673	9.666077	125.066756	9.295348	16.249019	130.819783	20.658563	20.894168	139.29734	31.024306	18.730048	141.883324	7.746791	19.761059	161.059054	32.298869	20.693671	161.196311	12.640292	22.666065	167.228101	25.179618	23.054587	160.436121	24.735668	23.500055	141.253873	21.413823	23.201038
115.138454	-5.208986	8.28111	114.523965	2.431497	14.987778	130.217712	-7.95118	9.463522	125.312509	9.221036	16.120554	131.162779	20.590896	20.773784	139.660249	30.895055	18.637087	142.264077	7.710749	19.651731	161.27955	32.331355	20.732216	161.507177	12.706548	22.573536	167.485041	25.219069	23.054928	160.733435	24.752163	23.456016	141.547157	21.365721	23.167207
115.183788	-5.200397	8.323946	114.713877	2.41832	14.982775	130.293057	-8.055216	9.362667	125.571689	9.110247	16.043779	131.446106	20.448332	20.686307	139.891912	30.847983	18.61187	142.598642	7.676982	19.46813	161.525558	32.346112	20.677977	161.762917	12.709059	22.533898	167.751193	25.248087	22.952116	160.987735	24.764194	23.428106	141.79983	21.253116	23.067061
115.224999	-5.221146	8.30906	114.89571	2.44479	14.96091	130.32243	-8.166	9.226315	125.864457	9.043589	15.875148	131.688715	20.398608	20.646172	140.143941	30.790347	18.418469	142.897401	7.632684	19.303974	161.755965	32.35244	20.628952	162.019095	12.70534	22.453114	167.947688	25.337097	22.988014	161.228356	24.767423	23.381421	142.053146	21.194675	22.960892
115.201957	-5.216	8.291525	115.133732	2.430468	14.951343	130.427056	-8.322957	9.131156	126.073193	8.979302	15.717554	131.941338	20.312219	20.382027	140.354803	30.741067	18.352255	143.267845	7.565602	19.097859	161.926841	32.359341	20.571077	162.358388	12.723849	22.395521	168.167636	25.358838	22.932476	161.451092	24.753555	23.24014	142.280598	21.132928	22.817715
115.18179	-5.252496	8.241292	115.202781	2.424903	14.924588	130.487876	-8.460951	9.040306	126.135203	8.958088	15.509311	132.151716	20.17758	20.321828	140.567615	30.692827	18.271571	143.483081	7.474792	18.914263	162.148653	32.348904	20.529747	162.601503	12.710221	22.264361	168.370844	25.368422	22.917666	161.652496	24.73098	23.115692	142.508407	21.046968	22.688034
115.191585	-5.260985	8.201231	115.347441	2.413268	14.867202	130.485955	-8.523853	8.918067	126.387306	8.895762	15.379137	132.354573	20.120729	20.21758	140.783244	30.533208	17.936208	143.609905	7.42105	18.903412	162.326326	32.342394	20.483682	162.812397	12.69493	22.189767	168.525828	25.377044	22.920666	161.758026	24.715979	23.066946	142.69556	20.938766	22.560141
115.187979	-5.262223	8.194773	115.412335	2.416958	14.832838	130.417219	-8.620617	8.805383	126.54256	8.86157	15.218901	132.527164	20.067348	20.123481	140.955984	30.499101	17.929359	143.9074	7.343649	18.718359	162.47298	32.327241	20.469198	163.01419	12.679131	22.114027	168.631303	25.370852	22.900336	161.944438	24.687017	23.008811	142.892263	20.871232	22.406695
115.194168	-5.271951	8.148255	115.482431	2.407654	14.785823	130.400127	-8.737897	8.638713	126.702387	8.703246	15.060169	132.675471	20.013071	20.053449	141.032055	30.443564	17.867546	144.115805	7.27068	18.55555	162.57874	32.301184	20.421737	163.116342	12.63376	21.976125	168.783008	25.352699	22.879672	162.078392	24.640999	22.957576	143.041125	20.79129	22.276556
115.197908	-5.279556	8.111753	115.564416	2.396086	14.727114	130.410238	-8.868799	8.536325	126.900486	8.692809	14.928434	132.792778	19.898445	19.964612	141.10481	30.289956	17.718646	144.271107	7.202887	18.336513	162.607365	32.274253	20.395032	163.16363	12.585322	21.910795	168.872112	25.321961	22.803721	162.172186	24.546277	22.915412	143.142834	20.688849	22.219184
115.176752	-5.294442	8.039063	115.668985	2.392196	14.709357	130.381915	-8.920966	8.381101	126.952031	8.637966	14.713873	132.874405	19.866342	19.880578	141.176681	30.244212	17.601742	144.438743	7.114828	18.167824	162.682	32.230453	20.373952	163.246277	12.519752	21.769508	168.912567	25.268558	22.786608	162.209296	24.502279	22.898397	143.210826	20.63476	22.132299
115.174919	-5.30322	7.996187	115.71223	2.417673	14.67671	130.353234	-8.983775	8.219867	127.031976	8.609107	14.581837	132.995196	19.834901	19.769865	141.340173	30.211362	17.479157	144.569127	7.043147	18.051483	162.799325	32.126436	20.330785	163.387349	12.40669	21.669875	169.048471	25.165474	22.726879	162.258975	24.453756	22.876397	143.235659	20.59741	22.119003
115.179655	-5.306778	7.979471	115.708651	2.445296	14.651139	130.28826	-8.993461	8.171349	127.168339	8.584294	14.43541	133.050791	19.811712	19.671265	141.489845	30.182857	17.337689	144.551621	6.994218	17.935246	162.848073	32.075922	20.305588	163.434941	12.350137	21.587118	169.088236	25.111754	22.713289	162.305146	24.37884	22.855974	143.301509	20.537469	21.990392
115.107138	-5.313059	7.946804	115.706414	2.441144	14.628135	130.228787	-9.030032	8.004125	127.192288	8.560565	14.250953	133.085379	19.79241	19.570024	141.540499	30.135876	17.188991	144.587953	6.964424	17.762219	162.900864	32.019969	20.270961	163.456906	12.284018	21.473248	169.11025	25.040135	22.68558	162.397179	24.272455	22.810157	143.421937	20.415105	21.811957
115.060854	-5.31869	7.917524	115.70967	2.429405	14.564461	130.174145	-9.070031	7.820631	127.209614	8.562911	14.103112	133.15613	19.728878	19.103167	141.573375	30.00643	17.083823	144.550381	6.946857	17.654892	162.916639	31.909479	20.224166	163.469078	12.141784	21.390744	169.136516	24.920212	22.635643	162.423055	24.217132	22.783658	143.446564	20.371938	21.681049
115.059372	-5.32068	7.907674	115.70967	2.429405	14.564461	130.065557	-9.086511	7.739438	127.216175	8.587865	13.972268	133.184584	19.731817	19.092646	141.594867	29.98908	17.069251	144.595527	6.9109	17.44648	162.972423	31.85167	20.200209	163.492226	12.084213	21.280962	169.16261	24.851029	22.605647	162.435355	24.094664	22.734565	143.473238	20.323086	21.541606
114.97332	-5.325572	7.881592	115.658586	2.471933	14.502286	130.046122	-9.094226	7.705302	127.231774	8.64821	13.85655	133.240864	19.741792	19.084418	141.650293	29.958368	16.925329	144.600517	6.903761	17.40389	163.041902	31.790745	20.166797	163.498705	12.028274	21.241515	169.18385	24.729724	22.575687	162.451105	24.033585	22.668287	143.482019	20.303353	21.52573
114.904638	-5.329935	7.815217	115.637399	2.53014	14.409285	129.976351	-9.103854	7.616627	127.219732	8.659751	13.720933	133.268219	19.736403	18.924994	141.676443	29.937121	16.852794	144.619178	6.881515	17.27211	163.07896	31.68728	20.118907	163.491644	11.909137	21.179087	169.191906	24.672021	22.551932	162.460953	23.97939	22.605726	143.484114	20.284628	21.518106
114.846699	-5.318552	7.867944	115.541818	2.535371	14.315886	129.917306	-9.057919	7.65834	127.238534	8.730495	13.62796	133.287781	19.739296	18.792277	141.798659	29.934955	16.769731	144.644048	6.863634	17.16921	163.100185	31.635681	20.090172	163.503054	11.866438	21.112925	169.19061	24.614199	22.530688	162.481028	23.917445	22.546641	143.484914	20.265904	21.510364
114.847905	-5.301752	7.821433	115.545573	2.587142	14.305537	129.793151	-9.064853	7.624782	127.211411	8.873661	13.51412	133.305579	19.765656	18.773632	141.834549	29.920505	16.736484	144.654479	6.848544	17.079139	163.093247	31.596679	20.07196	163.500442	11.827649	21.070185	169.178674	24.510392	22.524922	162.472885	23.817899	22.50933	143.49365	20.236553	21.35435
114.814479	-5.293054	7.820559	115.530189	2.621889	14.261113	129.80161	-9.023298	7.564738	127.196959	8.894272	13.42204	133.310796	19.789828	18.756809	141.851442	29.906853	16.652231	144.679347	6.830665	16.97625	163.111789	31.559611	20.058049	163.498645	11.796152	21.046694	169.185625	24.464198	22.505985	162.480327	23.776611	22.462114	143.512296	20.196977	21.218594
114.839171	-5.251876	7.807587	115.501011	2.644419	14.206613	129.654789	-9.022687	7.480412	127.191914	8.921897	13.371662	133.323455	19.822333	18.720165	141.888455	29.89262	16.580158	144.707814	6.810144	16.858137	163.113182	31.518264	20.038744	163.501829	11.762915	21.013055	169.208701	24.432079	22.487619	162.482454	23.75175	22.470564	143.515241	20.130662	21.187108
114.845797	-5.242345	7.811207	115.505456	2.70679	14.195339	129.78713	-8.94441	7.426699	127.213049	8.965815	13.280645	133.340086	19.898555	18.662152	141.914239	29.87928	16.518081	144.693761	6.816163	16.891034	163.12677	31.449039	20.009921	163.501244	11.665226	20.954145	169.204528	24.404236	22.478916	162.484914	23.721677	22.458037	143.523244	20.11219	21.121392
114.809508	-5.216975	7.804724	115.505149	2.770121	14.189676	129.783821	-8.944235	7.426961	127.241646	9.023645	13.165913	133.369688	19.908787	18.60914	141.939937	29.868284	16.457014	144.721796	6.792945	16.75612	163.159624	31.425894	19.975476	163.516015	11.648742	20.887548	169.21098	24.376483	22.467875	162.484233	23.695883	22.477487	143.549758	20.092824	21.077341
114.809508	-5.216975	7.804724	115.466296	2.830056	14.161818	129.791837	-8.903601	7.405718	127.245654	9.100241	13.164213	133.403085	19.894546	18.418806	141.978483	29.849973	16.431988	144.742487	6.76917	16.61551	163.147524	31.409067	19.95999	163.544379	11.6227	20.790666	169.215441	24.36951	22.465521	162.492647	23.624136	22.447945	143.552137	20.081114	21.073619
114.80811	-5.18259	7.801284	115.504915	2.838021	14.148822	129.694323	-8.847853	7.366925	127.26839	9.131981	13.107196	133.45688	19.868842	18.225371	142.09404	29.85205	16.429012	144.780725	6.737804	16.433358	163.171857	31.399602	19.957906	163.579697	11.611444	20.720387	169.242202	24.355676	22.457577	162.501612	23.607869	22.442185	143.591355	20.05468	21.026796
114.813163	-5.216888	7.804861	115.508375	2.890899	14.144249	129.701316	-8.860083	7.311191	127.293171	9.160274	13.027469	133.499755	19.863022	18.185205	142.111379	29.829955	16.412827	144.770243	6.742971	16.462086	163.169682	31.395028	19.955586	163.613378	11.59364	20.634265	169.317719	24.371675	22.461846	162.545824	23.576542	22.25664	143.60773	20.035906	21.020431
114.828629	-5.156731	7.798899	115.531679	2.901223	14.143101	129.715296	-8.873868	7.24939	127.338714	9.176301	12.945411	133.576043	19.851055	18.179908	142.15318	29.805498	16.391596	144.823624	6.698873	16.33485	163.17571	31.399548	19.958404	163.654732	11.583479	20.541824	169.334832	24.383219	22.465418	162.588132	23.562719	22.168439	143.667206	20.009917	21.006318
114.854055	-5.11216	7.803236	115.549571	2.923633	14.147457	129.70068	-8.864195	7.291956	127.416503	9.165515	12.918925	133.641223	19.83766	18.177909	142.17265	29.697387	16.344804	144.947769	6.659788	16.240196	163.228459	31.408697	19.96014	163.70096	11.580821	20.457121	169.345937	24.399227	22.473986	162.616103	23.569542	22.171918	143.753476	19.977156	21.009564
114.853841	-5.111249	7.807651	115.597182	2.92279	14.146512	129.707547	-8.86772	7.2767	127.541942	9.200126	12.921389	133.706309	19.820822	18.168388	142.217408	29.675226	16.326602	144.933334	6.669994	16.229781	163.293653	31.412971	19.938668	163.731383	11.591265	20.443546	169.358241	24.429056	22.488711	162.719141	23.573363	22.151043	143.805759	19.951184	20.995759
114.855181	-5.105872	7.834039	115.591222	2.919854	14.129432	129.70722	-8.866648	7.281631	127.532387	9.233085	12.942242	133.807369	19.783821	18.159606	142.338723	29.663738	16.302177	145.108379	6.639908	16.176335	163.346114	31.425038	19.903762	163.807653	11.591267	20.307997	169.399893	24.449852	22.493988	162.763048	23.585827	22.14252	143.882602	19.85219	20.937813
114.855181	-5.105872	7.834039	115.633024	2.919466	14.129115	129.657158	-8.87271	7.252301	127.699017	9.203048	12.948112	133.876925	19.745608	18.141364	142.458509	29.651453	16.335824	145.217485	6.621266	16.186402	163.354191	31.445816	19.9117	163.965328	11.605021	20.250839	169.521648	24.470718	22.419707	162.786368	23.599571	22.149933	144.001937	19.806456	20.864708
114.849301	-5.102967	7.847499	115.648195	2.913719	14.099556	129.6686	-8.881748	7.212162	127.762706	9.194315	12.933546	134.012496	19.64844	18.206874	142.514041	29.623505	16.343539	145.302422	6.568199	16.186469	163.384414	31.46875	19.897307	164.141624	11.706542	20.233897	169.597063	24.49026	22.295262	162.8591	23.614059	22.091944	144.139618	19.770896	20.846964
114.849301	-5.102967	7.847499	115.681717	2.901706	14.094328	129.670562	-8.888178	7.182578	127.878821	9.191569	12.92352	134.06695	19.629128	18.274207	142.547105	29.598811	16.364883	145.4611	6.541779	16.190985	163.447899	31.506708	19.836292	164.296955	11.730619	20.188989	169.678473	24.51658	22.1396	162.978373	23.680238	22.045768	144.213216	19.735739	20.846112
114.849301	-5.102967	7.847499	115.711964	2.893203	14.106959	129.672524	-8.894607	7.152994	127.909804	9.185979	12.890747	134.195173	19.601104	18.339998	142.590715	29.476518	16.309567	145.572131	6.521921	16.197399	163.531079	31.556881	19.812512	164.340424	11.747649	20.188091	169.723352	24.615634	22.146288	163.026256	23.707467	22.033901	144.268957	19.71503	20.870355
114.849301	-5.102967	7.847499	115.734521	2.870964	14.103098	129.672524	-8.894607	7.152994	127.946923	9.18552	12.890305	134.266073	19.568791	18.362981	142.639519	29.464113	16.31821	145.707615	6.489281	16.203263	163.596568	31.574913	19.750505	164.386035	11.770436	20.185399	169.847885	24.629434	22.036277	163.079323	23.728152	22.041923	144.401632	19.635531	20.943947
114.849301	-5.102967	7.847499	115.76269	2.862015	14.115064	129.672524	-8.894607	7.152994	128.059617	9.149291	12.88999	134.359227	19.481622	18.390668	142.743549	29.480836	16.515832	145.805852	6.431593	16.254469	163.620559	31.601848	19.752208	164.431027	11.786837	20.169324	169.873022	24.686081	22.148002	163.208452	23.753442	22.046189	144.54735	19.614008	20.929902
114.849301	-5.102967	7.847499	115.765816	2.862956	14.120705	129.678408	-8.894917	7.152532	128.127954	9.136538	12.88759	134.477635	19.45507	18.405681	142.868603	29.49334	16.591005	145.875178	6.37518	16.307712	163.647839	31.636978	19.752795	164.464976	11.814972	20.168333	169.918674	24.726495	22.108058	163.228493	23.787976	22.063697	144.599039	19.606416	20.969621
114.849301	-5.102967	7.847499	115.765816	2.862956	14.120705	129.66664	-8.894296	7.153456	128.231672	9.135306	12.886442	134.599449	19.440313	18.455677	142.898916	29.509913	16.763202	145.977985	6.319261	16.367573	163.780962	31.676419	19.753087	164.524789	11.914622	20.159738	170.036499	24.82296	22.077641	163.294666	23.832281	22.048224	144.667517	19.608398	21.025826
114.849301	-5.102967	7.847499	115.765816	2.862956	14.120705	129.669582	-8.894452	7.153225	128.268787	9.134846	12.885999	134.662707	19.438783	18.520868	142.917837	29.517608	16.815245	146.031637	6.312035	16.515441	163.854581	31.763195	19.778629	164.661269	11.94808	20.159688	170.078856	24.871579	22.093129	163.395404	23.922284	22.084432	144.793815	19.614207	21.108318
114.843848	-5.101883	7.852129	115.765816	2.862956	14.120705	129.669582	-8.894452	7.153225	128.413226	9.129402	12.897029	134.73321	19.426587	18.558335	142.939675	29.533978	16.925371	146.142478	6.290429	16.589337	163.936322	31.793577	19.752293	164.811226	11.990234	20.19174	170.109591	24.909843	22.087035	163.440302	23.953267	22.083983	144.842403	19.615255	21.175552