62.224378	-0.111183	14.026092	64.785618	9.28131	19.284492	76.82882	-4.613447	13.648005	75.333795	14.024671	19.059945	71.447559	16.259317	18.913173	89.079869	20.337075	20.870529	90.144194	7.78924	19.347658	100.663663	17.096745	19.956953	95.494254	5.70456	19.721668	111.400366	7.669608	20.591755	101.37532	10.595967	21.958227	88.249804	15.306418	23.021039
63.721627	-0.635743	13.206564	65.483476	8.74688	18.704141	78.132948	-4.408766	13.3753	76.053418	14.047581	18.964332	72.314466	15.855847	18.632639	89.648403	20.212022	20.789254	91.241209	7.854563	19.390814	101.357465	17.188547	19.88975	96.087953	5.59709	19.64719	111.973238	7.642569	20.536728	102.04003	10.558894	21.989062	88.673102	15.228257	23.049903
65.406371	-1.218255	12.235514	66.18107	8.205741	17.96565	79.674209	-4.394515	13.102715	76.765004	14.011932	18.82522	73.166297	15.941513	18.784498	90.332352	20.168702	20.799773	91.603456	7.965822	18.762905	102.114047	17.18228	19.845681	96.75418	5.546807	19.644933	112.708165	7.614562	20.470507	102.605469	10.445198	22.055409	89.390715	15.157887	23.093831
66.768775	-1.630844	11.241937	66.780715	7.886998	17.019874	80.821875	-4.30513	12.676416	77.514046	13.932885	18.735882	73.974727	15.956022	18.810279	91.36657	20.167089	20.695576	91.993235	7.963008	18.598593	102.955001	17.153276	19.926532	97.439723	5.516276	19.541773	113.498202	7.565656	20.49701	103.438339	10.401087	22.054313	90.3339	15.193102	22.980763
67.992257	-1.804087	9.916569	67.525683	7.316936	16.245833	82.030998	-4.303958	11.901424	78.214991	13.808752	18.590573	74.874454	15.95708	18.689469	91.706399	20.169018	20.683856	92.810841	7.751449	19.00556	103.714454	17.074907	20.124333	98.1416	5.508896	19.55192	114.254072	7.559308	20.668398	104.169021	10.372467	22.128818	91.147518	15.083535	22.889901
69.104175	-1.974926	8.47507	68.215728	6.965907	15.313816	82.68488	-4.240196	11.10528	78.91716	13.645786	18.428099	75.202294	16.053639	18.732595	92.395392	20.073868	20.698206	93.675299	7.550536	18.549373	104.442873	17.031651	20.198045	98.884994	5.471363	19.567708	114.96989	7.503942	20.792996	104.897359	10.320178	22.196299	91.819098	14.977885	22.892518
70.047663	-1.973873	7.101092	68.808433	6.666891	14.202452	83.587583	-4.315135	10.003731	79.624759	13.438666	18.258213	76.062931	15.801027	18.741974	92.967405	20.186689	20.70019	94.192269	7.503192	18.645879	105.113157	16.928895	20.374419	99.628781	5.411777	19.523831	115.774715	7.478996	20.96361	105.614259	10.230307	22.313226	92.531692	14.859598	22.949111
70.532873	-1.912911	5.880664	69.33984	6.464589	13.320639	83.907848	-4.358999	9.222997	80.334905	13.196216	18.051952	77.021337	15.659958	18.526049	93.787906	20.017772	20.60672	94.714707	7.471547	18.752188	105.840647	16.825375	20.502758	100.358515	5.277965	19.549324	116.551827	7.47036	20.946713	106.516757	10.179419	22.322934	93.208318	14.661205	22.958093
70.365668	-1.73226	5.280132	69.83511	6.54518	12.88633	84.480702	-4.481221	8.227392	81.05324	12.966217	17.823182	78.641536	15.507561	19.03485	94.473546	20.044764	20.432746	95.424215	7.239547	18.7993	106.518695	16.787063	20.60381	101.069917	5.106348	19.558927	117.310921	7.436844	21.109355	107.331983	10.013369	22.514812	93.948265	14.411518	22.96826
70.055105	-1.693479	5.355343	70.218644	6.699554	12.909669	84.479415	-4.596774	7.441957	81.768939	12.76527	17.607254	79.600791	15.177086	19.027039	94.90105	20.389708	20.739148	96.487688	7.105584	18.686451	107.256793	16.594911	20.786455	101.83762	4.974324	19.500124	118.146389	7.366936	21.106359	108.119172	9.865275	22.456261	94.576616	14.130993	22.961712
69.845198	-1.572878	5.61237	70.620291	6.827508	13.098433	84.668728	-5.184545	7.014496	82.481415	12.587488	17.429433	80.509743	15.044005	18.866402	96.302294	19.943262	20.53732	97.250017	6.914083	18.561265	108.005544	16.563198	20.66673	102.621564	4.799722	19.409168	118.918416	7.233172	21.198768	108.796572	9.715157	22.443858	95.268381	13.878786	22.928426
69.895234	-1.440268	5.733176	70.999805	6.915402	13.245798	84.313291	-5.492049	7.042579	83.193711	12.460506	17.308127	81.056977	14.781586	18.730727	97.19654	19.720424	20.625549	98.032325	6.786124	18.388955	108.603157	16.389289	20.668418	103.383899	4.72519	19.328164	119.721897	7.099742	21.252109	109.529592	9.589505	22.238668	96.22144	13.794609	22.67175
70.132337	-1.378586	5.77745	71.353515	6.906695	13.317468	84.516422	-5.65901	7.161142	83.904959	12.337345	17.290938	81.547598	14.941764	18.749653	98.032321	19.605672	20.634204	98.611077	6.863489	18.442916	109.405736	16.300539	20.434405	104.074068	4.634943	19.341617	120.620454	7.054506	21.242728	110.404656	9.599454	21.966785	96.893876	13.650976	22.794237
70.290283	-1.413224	5.961073	71.889681	6.876662	13.449375	84.923205	-5.857936	7.166053	84.611912	12.204576	17.275244	82.245051	14.891199	18.633302	98.493491	19.596568	20.540965	99.433561	6.745492	18.359899	110.191358	16.181089	20.424574	104.776298	4.524972	19.29544	121.287876	6.901978	21.25273	111.066823	9.433838	22.116969	97.681265	13.552702	22.876787
70.450692	-1.471299	6.16859	72.376083	6.77328	13.524834	85.22939	-6.079792	7.125412	85.303578	12.019142	17.262856	83.088703	14.8015	18.435188	99.192289	19.495145	20.359004	100.182888	6.57149	18.526636	111.00699	16.095737	20.192488	105.472202	4.345188	19.399377	121.976362	6.719065	21.255369	111.833768	9.245121	22.29482	98.436194	13.443436	22.834669
70.5818	-1.525674	6.261276	72.826855	6.655359	13.665131	85.53936	-6.248887	6.888286	85.972481	11.772583	17.180888	84.017334	14.480681	18.145562	99.643281	19.251427	20.24782	100.39102	6.304892	18.385232	111.671381	15.855846	20.334211	106.148445	4.160755	19.477793	122.763096	6.642629	21.22695	112.619474	9.078201	22.334717	99.228566	13.294514	22.483351
70.681096	-1.531878	6.290203	73.235906	6.527754	13.708743	85.866386	-6.586147	6.829831	86.633071	11.508623	17.103552	84.678513	14.202897	18.101702	100.218299	19.004668	20.218226	101.088578	6.079775	18.550587	112.26067	15.553057	20.512655	106.84064	3.980343	19.430733	123.458544	6.465454	21.501116	113.27377	8.8251	22.374717	99.905211	13.023349	22.380961
70.740011	-1.544911	6.351791	73.646317	6.371134	13.749593	85.995066	-7.009822	6.744073	87.262027	11.159009	17.146086	85.948587	13.763715	17.992991	101.183799	19.01046	20.052193	101.943899	5.838145	18.631593	112.978977	15.335324	20.603557	107.525682	3.743645	19.522802	124.207213	6.316449	21.626402	113.959575	8.631548	22.248143	100.525821	12.699361	22.406489
70.773122	-1.546488	6.294811	74.011485	6.242423	13.705394	86.022012	-7.163133	6.613006	87.937608	10.870596	17.183906	86.44254	13.708708	17.925172	101.98991	18.724358	19.965008	102.617961	5.617976	18.689471	113.740276	15.088659	20.861649	108.216933	3.532267	19.609081	124.888023	6.091009	21.866665	114.630357	8.425629	22.304685	101.325864	12.416773	22.476499
70.856143	-1.615864	6.321841	74.305461	6.137657	13.678255	86.286556	-7.43704	6.568428	88.62008	10.588642	17.226965	86.937428	13.55254	18.185064	102.608393	18.422752	20.019804	103.309924	5.39795	18.757089	114.434192	14.856114	20.90469	108.931619	3.336861	19.674542	125.691931	5.9949	21.922349	115.250592	8.172912	22.530522	101.978778	12.037133	22.760963
70.934474	-1.620285	6.335662	74.577651	6.053969	13.668217	86.444256	-7.650263	6.582612	89.302197	10.334479	17.181462	87.651242	13.223574	18.250643	103.313646	18.21051	20.111575	104.094142	4.99257	18.930945	115.21921	14.669057	21.029303	109.703544	3.120021	19.899169	126.456866	5.842835	22.100876	115.979389	7.906987	22.742829	102.575437	11.686661	22.89067
70.968535	-1.619376	6.33517	74.829939	5.979729	13.617781	86.48521	-7.828127	6.622494	89.987208	10.057451	17.231018	88.181592	13.023196	18.256819	103.877047	17.983744	20.193685	104.722056	4.87152	18.941835	115.893401	14.402461	21.132343	110.398732	2.880524	20.005921	127.180229	5.602287	22.356094	116.868553	7.668335	23.066975	103.352065	11.421512	22.922091
71.014033	-1.619026	6.406486	75.076601	5.910302	13.591175	86.631029	-8.066886	6.674189	90.685247	9.841762	17.246551	89.203403	12.695712	18.356707	104.783823	17.492692	20.195977	105.427853	4.574551	19.094369	116.595524	14.164286	21.30437	111.095152	2.641463	20.087087	128.007135	5.488338	22.513049	117.659846	7.499548	23.120994	103.978515	11.073393	23.096939
71.155418	-1.629486	6.380533	75.338049	5.824309	13.595416	86.919026	-8.307824	6.753963	91.354375	9.540213	17.185508	89.726427	12.580057	18.280064	105.482771	17.381757	20.44816	106.086086	4.349966	19.401211	117.256556	13.894891	21.39156	111.878755	2.437022	20.113678	128.722513	5.368234	22.468088	118.275995	7.210903	23.178839	104.857798	10.946854	23.068342
71.214284	-1.637094	6.411276	75.632185	5.792191	13.565729	87.181912	-8.476216	6.65471	92.034168	9.263959	17.10912	90.760334	12.34444	18.634397	106.550409	16.915188	20.503019	106.776561	4.078028	19.429306	117.945751	13.617874	21.521743	112.53754	2.170077	20.248837	129.318551	5.112687	22.891527	119.001087	7.00301	23.289493	105.609489	10.642627	23.129337
71.258611	-1.645987	6.429201	75.961816	5.64047	13.519364	87.263492	-8.690779	6.571521	92.704285	8.960571	17.103623	91.908968	12.09218	18.659041	107.429675	16.71973	20.474318	107.457973	3.867587	19.527791	118.62309	13.364339	21.587028	113.23007	1.935311	20.257253	130.174067	4.993562	22.926463	119.748556	6.773162	23.284027	106.099904	10.271299	23.117054
71.411412	-1.719822	6.470771	76.344129	5.483801	13.497919	87.404408	-8.787535	6.51286	93.359872	8.653133	17.008399	93.13159	11.589414	18.795515	107.869463	16.70262	21.031663	107.956567	3.669455	19.32554	119.385902	13.194224	21.52798	113.974205	1.740836	20.286807	130.822768	4.83978	23.112928	120.502183	6.542325	23.296912	106.810164	9.991593	22.979927
71.545961	-1.791523	6.483797	76.655039	5.369347	13.501458	87.53468	-8.959129	6.497522	93.991131	8.294516	16.935349	93.633154	11.544349	18.909625	108.030351	16.448064	21.194353	108.870946	3.219515	19.485463	119.879494	12.926822	21.716035	114.734281	1.484752	20.293921	131.530139	4.742112	23.129328	121.150265	6.26789	23.381289	107.783809	9.732617	23.079869
71.760158	-1.855821	6.576264	77.036001	5.208532	13.501822	87.750105	-9.092749	6.400525	94.604236	7.969106	16.92994	94.200506	11.354591	18.680687	109.438249	15.922401	20.850314	109.398597	2.886394	19.540542	120.455082	12.728638	21.817129	115.382981	1.250253	20.29056	132.316175	4.663117	23.167838	121.797185	6.0217	23.548681	108.516933	9.432031	23.054885
71.830107	-1.885291	6.644449	77.409224	5.056846	13.431202	87.88168	-9.266197	6.329226	95.20203	7.650654	16.838006	95.267701	11.18035	18.644201	110.033734	15.57691	20.814859	110.233361	2.528387	19.553787	121.035737	12.544925	21.8233	116.121278	1.094067	20.209397	133.115094	4.552749	23.007496	122.430388	5.760443	23.507205	109.098243	9.056478	23.10225
71.920316	-1.90196	6.721049	77.69643	4.907755	13.473106	88.14794	-9.524653	6.320487	95.834883	7.283504	16.771845	95.886127	10.551032	18.588615	110.894573	15.199083	20.683569	110.623841	2.408136	19.34023	121.726644	12.302173	21.820471	116.777161	0.850013	20.205711	133.753807	4.398903	23.162148	123.098725	5.486721	23.59389	109.724754	8.588246	23.130111
71.974294	-1.908421	6.795703	77.973953	4.760227	13.536995	88.441644	-9.713231	6.243513	96.476541	6.969205	16.765701	96.234346	10.158386	18.474519	111.563573	14.972427	20.762905	111.24477	2.148846	19.397038	122.41266	12.082733	21.710833	117.45524	0.613066	20.135333	134.400915	4.24587	23.160296	123.821409	5.281266	23.649353	110.449069	8.19542	22.999793
72.114481	-1.952878	6.826517	78.343565	4.564789	13.572289	88.868416	-9.935634	5.995225	97.110558	6.679963	16.678133	96.727069	9.718938	18.349124	112.222617	14.619708	20.908115	111.940214	1.883454	19.293698	123.087206	11.843174	21.722969	118.138318	0.370531	20.094904	135.138221	4.077257	23.166643	124.591973	5.077284	23.466687	111.149966	7.842943	23.070866
72.286143	-2.020031	6.994584	78.666282	4.375209	13.574053	89.155029	-10.027208	5.979363	97.707102	6.374234	16.677238	97.345799	9.312106	18.291129	112.752014	14.35109	20.870274	112.502113	1.66359	19.092902	123.814699	11.615188	21.589967	118.817318	0.157231	19.85869	135.734116	3.934226	23.000278	125.299377	4.830786	23.341314	111.828524	7.517639	23.030601
72.494652	-1.996515	7.039292	78.968043	4.252721	13.637662	89.309179	-10.051247	5.890201	98.336666	6.040639	16.61186	98.267237	8.865181	18.189558	113.389321	14.050941	20.854946	113.289642	1.363953	18.911468	124.528771	11.350925	21.624356	119.489569	-0.098263	19.824307	136.327908	3.817173	23.032155	126.04031	4.621109	23.11732	112.542746	7.229878	22.889459
72.582145	-2.003467	7.112498	79.235093	4.152572	13.649648	89.349893	-10.050665	5.769416	98.92592	5.780416	16.547661	99.053452	8.852128	17.967481	114.169446	13.651856	20.821454	113.980047	1.105095	18.848552	125.114845	11.062442	21.606428	120.256352	-0.324794	19.643512	137.361323	3.771301	22.822749	126.77213	4.388603	22.996392	113.22611	6.914249	22.852363
72.670934	-1.987754	7.16207	79.495831	4.071097	13.688543	89.750579	-10.1441	5.620367	99.53976	5.56172	16.528095	99.767833	8.618546	18.081609	114.707339	13.398743	21.055658	114.786633	0.869194	18.633164	125.782208	10.891028	21.566886	120.933357	-0.492352	19.449942	137.935366	3.515388	22.880734	127.520018	4.180217	23.046811	113.849168	6.589356	22.805639
72.757083	-1.941133	7.171957	79.78179	4.025444	13.73566	90.290846	-10.37475	5.633335	100.181567	5.312131	16.535299	100.495676	8.374223	17.963477	115.354412	13.22757	20.882887	115.400375	0.557447	18.584399	126.311996	10.673021	21.658263	121.652187	-0.700296	19.332268	138.612813	3.376889	22.743522	128.082552	3.844504	23.165353	114.536932	6.301918	22.700055
72.911265	-1.936112	7.298771	80.050015	3.940197	13.710786	90.5082	-10.364973	5.614319	100.786814	5.09433	16.464313	101.198827	8.201391	17.959468	116.090853	12.92768	20.743677	115.911103	0.400524	18.485728	126.87274	10.499024	21.652428	122.260758	-0.926056	19.296768	139.241202	3.208154	22.81664	128.807886	3.610666	23.099473	115.313507	6.040007	22.650549
73.11457	-1.983811	7.429313	80.402534	3.820446	13.750987	90.725106	-10.300657	5.53992	101.443042	4.951609	16.439715	101.441771	8.277907	18.206462	116.949788	12.960829	20.49935	116.786955	0.323115	18.154071	127.602983	10.325923	21.582092	122.959573	-1.108815	19.106528	139.964579	3.052356	22.62318	129.553848	3.464435	22.988391	116.06181	5.785591	22.560912
73.296366	-2.01903	7.542245	80.757085	3.707159	13.801594	91.047259	-10.227963	5.504955	102.05817	4.784009	16.426659	101.980276	8.215031	18.023819	118.065142	12.632159	20.405498	117.343979	-0.129614	18.354276	128.414862	10.189439	21.335929	123.671445	-1.232549	18.949896	140.690267	2.910936	22.479999	130.291338	3.245632	22.945474	116.777717	5.50403	22.576066
73.519774	-1.95886	7.616138	81.066717	3.66613	13.834956	91.358024	-10.107833	5.370447	102.677493	4.663182	16.331878	102.558662	7.979211	17.812549	118.434995	12.43171	20.528759	118.237118	-0.326501	18.016462	129.042169	9.926871	21.367297	124.359149	-1.413656	18.778276	141.410451	2.883268	22.318777	131.060729	3.053823	22.799781	117.436557	5.226059	22.508825
73.670652	-1.847438	7.715172	81.366616	3.648795	13.88476	91.614137	-10.046165	5.316415	103.332229	4.460453	16.315696	103.200264	8.001349	17.962283	119.10586	12.280889	20.633618	118.888127	-0.584503	18.081667	129.782131	9.788062	21.252258	125.044582	-1.568872	18.547571	142.085936	2.861606	22.311783	131.733403	2.854657	22.740414	118.317259	5.060792	22.30217
73.80258	-1.828929	7.773368	81.640169	3.594469	13.923115	91.813767	-10.033039	5.334275	103.982068	4.267661	16.223924	104.152657	7.53212	17.881169	119.349918	12.167297	20.597823	119.465055	-0.729571	17.850814	130.513084	9.596465	21.157054	125.666336	-1.690938	18.5305	142.845969	2.72675	22.092846	132.383974	2.754343	22.543099	118.969818	4.755727	22.381575
73.984623	-1.875176	7.908549	82.029609	3.54054	13.898635	92.064443	-9.901129	5.206056	104.591932	4.092404	16.186262	104.78615	7.782842	17.922613	120.408995	11.728942	20.602461	120.018411	-1.001884	17.783542	131.240664	9.435583	20.956136	126.368755	-1.836448	18.194731	143.731775	2.729502	21.823514	133.292098	2.704088	22.240983	119.726066	4.592547	22.396483
74.226482	-1.809541	7.982668	82.320628	3.464201	13.954224	92.376857	-9.849018	5.19139	105.216385	3.955428	16.084269	105.666546	7.589311	17.739814	120.80644	11.475342	20.87983	120.59696	-1.162218	17.404803	131.720669	9.240963	21.055208	127.094485	-1.937329	18.011298	144.438639	2.617941	21.917902	134.088972	2.539492	22.047439	120.549416	4.406864	22.046668
74.446525	-1.741206	8.023238	82.627608	3.397741	13.966744	92.736136	-9.808589	5.164719	105.861188	3.731084	16.050896	106.054762	7.582287	17.738487	121.298964	11.323973	20.834783	121.454253	-1.403535	17.378389	132.445327	9.16658	20.966219	127.789122	-2.1028	17.835964	145.118633	2.548088	21.720288	134.79534	2.333415	21.893663	121.381672	4.164543	21.991102
74.677837	-1.800195	8.280327	83.013262	3.288641	14.002456	93.177385	-9.735121	5.068251	106.507409	3.521574	15.951398	106.697192	7.50906	17.589687	121.893628	11.18653	20.744986	122.271681	-1.455638	17.100381	132.989985	9.011437	20.83129	128.503163	-2.260482	17.555974	145.84557	2.50605	21.451015	135.41748	2.139528	21.828583	122.046691	3.848724	22.002995
74.846291	-1.786601	8.340146	83.403734	3.226272	14.052322	93.585806	-9.768355	5.101766	107.076693	3.332991	15.91028	107.750559	7.194712	17.457995	122.560658	10.978173	20.718769	122.87155	-1.664527	16.952798	133.668017	8.765994	20.773591	129.210455	-2.391306	17.308893	146.556387	2.483088	21.197133	136.1518	1.897504	21.720573	122.639568	3.523283	21.902868
75.099611	-1.696345	8.337292	83.724014	3.167353	14.110361	94.145698	-9.981735	5.11422	107.739963	3.116116	15.79832	108.484949	7.168279	17.18025	123.64826	10.451916	20.692208	123.419645	-1.785835	16.787747	134.413877	8.55177	20.688627	129.968092	-2.785613	17.234576	147.165299	2.278178	21.042404	136.886581	1.676851	21.489904	123.339045	3.242557	21.746693
75.377453	-1.637902	8.498244	84.150744	3.121042	14.06277	94.621195	-9.929259	5.000742	108.415415	2.984125	15.646759	109.186646	7.163714	17.27637	124.089757	10.554268	20.723007	124.006674	-1.984003	16.513408	135.060166	8.305273	20.707248	130.549768	-3.021202	17.022032	147.997026	2.208994	20.777823	137.638498	1.476554	21.39299	124.19679	3.022475	21.619625
75.674057	-1.5567	8.598574	84.565173	3.019649	14.17558	94.815248	-9.907576	5.064655	109.060152	2.768399	15.583777	110.133313	7.002909	17.364492	124.693643	9.951392	20.564861	124.561328	-2.284677	16.312621	135.823551	8.152689	20.490667	131.194471	-3.154186	16.922152	148.767966	2.151278	20.520419	138.395306	1.416293	21.245763	124.884256	2.751138	21.516614
75.92547	-1.53903	8.809765	84.94335	3.052232	14.14008	95.186436	-9.92173	5.098818	109.664055	2.577093	15.491497	110.515929	6.828772	17.327305	125.167163	9.882553	20.584917	125.605606	-2.451003	16.26975	136.490197	7.986443	20.363604	131.837206	-3.281531	16.819692	149.4407	2.090063	20.518386	139.059003	1.342827	21.111213	125.444488	2.448387	21.5257
76.259406	-1.363807	8.874626	85.426597	3.119187	14.159522	95.558191	-9.793543	5.045718	110.285922	2.434744	15.406034	111.183229	6.75604	17.105794	125.794696	9.705455	20.58749	126.127868	-2.552401	16.255251	137.165028	7.941167	20.320508	132.479966	-3.349413	16.808442	149.994449	2.02585	20.555424	139.726953	1.175275	20.967498	126.109404	2.301701	21.430833
76.665352	-1.065082	8.957064	85.934949	3.261317	14.159464	95.98079	-9.751149	5.088137	110.921612	2.414315	15.242215	112.22085	6.550383	16.736257	126.540833	9.455127	20.540997	126.690799	-2.634604	16.09939	137.623414	7.807607	20.38302	133.083655	-3.482695	16.714385	150.589708	2.018927	20.529341	140.346109	1.082602	20.858343	126.874768	2.303191	21.31873
76.985969	-0.802444	9.007541	86.385144	3.455987	14.098098	96.449028	-9.613345	5.132272	111.541058	2.360839	15.147441	112.935737	6.362774	16.78894	127.167697	9.422464	20.336025	127.073572	-2.67765	16.120552	138.180481	7.751243	20.43261	133.642826	-3.556316	16.841143	151.298213	2.067942	20.329735	141.029549	1.083957	20.833243	127.577642	2.310667	21.213571
77.39445	-0.587517	9.089376	86.86359	3.650467	14.011936	96.893725	-9.458973	5.209982	112.196247	2.345441	15.080187	113.628884	6.274903	16.468459	127.483671	9.359544	20.420715	127.824644	-2.883486	16.225054	138.910458	7.759705	20.602114	134.309865	-3.622825	16.857072	151.926821	1.959926	20.273828	141.611402	0.94411	20.954641	128.025281	2.242712	21.256481
77.735781	-0.288297	9.072307	87.284288	3.853684	13.930306	97.264015	-9.280785	5.240381	112.833171	2.370364	15.020972	114.323072	6.151252	16.451036	127.991118	9.342914	20.497965	128.393667	-2.973672	16.225103	139.620981	7.663999	20.631553	134.933937	-3.700474	16.996217	152.648041	1.892824	20.671195	142.439921	0.947462	20.838404	128.68666	2.165723	21.313091
78.158873	-0.147576	9.099386	87.700706	4.147705	13.81414	97.768941	-9.070317	5.390702	113.420582	2.420132	14.984666	115.113323	6.15112	16.102338	129.156183	9.222826	20.372929	129.120447	-3.067233	16.18541	140.380676	7.582132	20.682636	135.453681	-3.812774	17.159292	153.234331	1.769989	20.920848	143.025063	0.89591	20.967433	129.431499	2.126178	21.33964
78.42147	0.22264	9.04799	88.131516	4.422346	13.685422	98.271714	-8.863429	5.45502	114.06977	2.482188	14.929021	115.796408	6.207707	15.825637	129.955411	9.246663	20.394582	129.650095	-3.202445	16.607995	141.017122	7.482436	20.699773	135.97084	-3.857449	17.42631	153.810526	1.647174	21.139557	143.729334	0.879012	21.061459	130.129837	2.099708	21.253206
78.8472	0.592271	8.991549	88.525599	4.760153	13.575189	98.847675	-8.691389	5.644517	114.761998	2.489436	14.896118	117.398661	8.151181	18.521939	130.502842	9.170676	20.542334	130.073918	-3.215853	16.723333	141.700123	7.439295	20.719295	136.663115	-3.885432	17.589947	154.544327	1.618097	21.159384	144.307904	0.891208	21.204463	130.866107	2.146007	21.14255
79.242908	0.92896	8.887438	89.015107	5.138902	13.249073	99.44354	-8.475961	5.705614	115.459545	2.477626	14.867515	117.464936	6.307697	15.269406	130.903697	8.906415	20.594944	131.014693	-3.264914	16.331172	142.381861	7.41732	20.877926	137.303457	-3.918249	17.778083	155.145558	1.52277	21.422871	145.150815	0.934008	21.102431	131.505726	2.150786	21.220961
79.716173	1.241619	8.822458	89.699808	5.193028	13.185892	100.024249	-8.271586	5.838254	116.131031	2.508784	14.828352	118.173566	6.182731	15.136866	131.692403	8.94928	20.547469	131.65671	-3.133282	16.416532	143.128381	7.482846	20.94696	137.996879	-3.887242	17.90354	155.843206	1.452697	21.648827	145.81811	0.854878	21.316592	132.058206	2.181151	21.233076
80.136686	1.373155	8.812657	90.204706	5.236578	13.145807	100.436228	-8.075606	5.840394	116.83594	2.487778	14.864958	119.031793	6.444947	14.754619	132.418546	8.986617	20.527163	132.104801	-3.261659	16.597613	143.757701	7.538738	21.016406	138.620179	-3.89945	18.009124	156.394189	1.324943	22.269537	146.48216	0.797166	21.386047	132.603665	2.193656	21.331647
80.716928	1.547419	8.81537	90.727937	5.251106	13.099955	101.113093	-8.019493	5.81804	117.543675	2.492093	14.914967	120.104253	6.258293	14.679991	133.423149	9.056317	20.636504	132.72725	-3.236006	16.61432	144.436401	7.571679	21.167659	139.294716	-3.92185	18.036065	157.144766	1.362868	22.302141	147.197883	0.748995	21.584972	133.361521	2.280664	21.482132
81.227522	1.615015	8.872899	91.266734	5.286432	13.045389	101.847784	-7.93839	5.936651	118.237762	2.623574	14.942962	120.899184	6.254329	14.68391	134.110161	8.997599	20.661057	133.472334	-3.275241	16.71439	145.159096	7.565578	21.317834	140.029475	-3.916152	18.069373	157.810278	1.280776	22.376062	148.019876	0.924677	21.542133	134.16984	2.398768	21.356381
81.657263	1.584778	8.896489	91.803512	5.311469	13.041714	102.415605	-7.770284	6.032354	118.974099	2.710546	15.064784	121.382468	6.337523	14.866689	134.867004	9.102719	20.640096	134.240139	-3.275556	16.898209	145.976162	7.503947	21.443848	140.669985	-3.860645	18.103317	158.444373	1.203073	22.409404	148.730002	0.919569	21.522693	134.924238	2.528065	21.463155
82.180481	1.59451	9.007269	92.345415	5.336604	13.062184	103.193993	-7.857329	6.301364	119.688254	2.731285	15.223561	121.781994	6.474895	14.890773	136.019126	8.817251	20.745057	134.87437	-3.249822	17.122469	146.754098	7.561373	21.497208	141.326576	-3.805878	18.384228	159.180885	1.207017	22.434629	149.393446	0.983612	21.661376	135.589627	2.619381	21.694418
82.719882	1.617238	9.099001	92.92415	5.361212	13.106177	103.708223	-7.587295	6.416385	120.386378	2.821991	15.354799	122.255884	6.532714	15.004445	136.711694	8.862376	21.025307	135.885531	-3.170412	17.353034	147.556887	7.654012	21.676148	142.08526	-3.694646	18.568959	159.995917	1.328779	22.490701	150.283678	1.174012	21.714486	136.435353	2.814566	21.641752
83.262177	1.664878	9.135973	93.525989	5.381757	13.124115	104.419811	-7.557845	6.599061	121.132299	2.91964	15.438408	122.985093	6.608796	15.34359	137.45036	9.040639	21.097078	136.695832	-2.796256	17.15074	148.381463	7.800448	21.626274	142.81647	-3.583575	18.706203	160.801661	1.490067	22.373313	151.022709	1.242324	21.903434	137.158909	2.898114	21.894973
83.823536	1.700933	9.23705	94.164904	5.383931	13.199584	105.036082	-7.352925	6.743268	121.878524	3.024037	15.587992	123.681969	6.514493	15.681516	137.974016	9.09241	21.199209	137.162935	-2.850779	17.365295	149.104768	7.870341	21.851957	143.536501	-3.487205	18.834114	161.643917	1.656644	22.369805	151.678178	1.365593	22.220701	137.884633	2.917375	21.87806
84.437521	1.746591	9.240175	94.849686	5.365884	13.272583	105.86456	-7.36722	6.913823	122.625524	3.133955	15.721232	124.743636	6.600986	15.766723	138.985509	9.612597	21.402362	137.829667	-2.858103	17.55177	149.939295	7.961313	22.1714	144.301856	-3.366805	19.035642	162.494241	1.782766	22.253437	152.291325	1.397407	22.68402	138.806919	2.973431	22.004246
85.094196	1.711382	9.324202	95.467698	5.386478	13.296791	106.754065	-7.454788	7.153385	123.340327	3.212365	15.792574	125.655794	7.011312	16.347355	139.779387	9.711714	21.303568	138.448373	-2.746656	17.617531	150.710851	8.098865	22.176095	145.058571	-3.243701	19.151988	163.134293	1.950288	22.37166	153.030464	1.490944	23.017414	139.582973	3.023383	22.176355
85.830061	1.633307	9.569555	96.191442	5.349082	13.331471	107.675369	-7.366114	7.363913	124.106498	3.329547	15.849192	127.179316	7.260728	15.783186	140.336222	9.792961	21.449675	139.275701	-2.741779	17.814222	151.341785	8.242247	22.259175	145.795831	-3.134247	19.270814	163.956334	2.095216	22.389619	153.736737	1.528729	23.229289	140.519431	3.232909	22.057964
86.55927	1.580212	9.618843	96.931061	5.281352	13.510204	108.258197	-7.395856	7.516136	124.851257	3.359304	15.971421	127.368845	7.322019	15.818024	140.735575	9.741495	21.525238	140.269617	-2.239199	17.688497	152.026023	8.419063	22.23612	146.505911	-3.058215	19.327223	164.673931	2.10338	22.399187	154.567428	1.713521	23.343215	141.147297	3.319665	22.331461
87.326611	1.508445	9.833643	97.707502	5.227932	13.637619	108.890298	-7.157523	7.588921	125.658974	3.503044	15.967179	127.869378	7.383913	16.020307	141.328557	9.816383	21.705009	141.009664	-2.23251	17.938996	153.015146	8.598235	22.319362	147.22978	-2.938096	19.400618	165.459944	2.189035	22.404358	155.327678	1.865506	23.475559	141.749167	3.489263	22.400812
88.113095	1.453736	10.129622	98.581646	5.218511	13.871376	109.694516	-7.402188	7.837273	126.384882	3.672406	16.015493	128.263844	7.430615	16.038062	142.118748	10.063161	21.814833	141.885244	-2.040973	17.923981	153.776457	8.639536	22.401134	147.922986	-2.917266	19.576198	166.072072	2.110352	22.4261	156.245154	1.964901	23.488862	142.320523	3.684194	22.540216
88.982962	1.504248	10.30757	99.476467	5.14156	14.112542	110.441767	-7.329775	7.86355	127.122838	3.722464	16.026277	129.092996	7.586804	16.040254	143.10378	10.022516	21.951436	142.566489	-2.042027	17.995235	154.516467	8.681035	22.386157	148.531719	-2.865943	19.621708	166.797581	2.053579	22.482224	156.906861	1.927068	23.613082	143.037471	3.96643	22.500537
89.972278	1.510418	10.550684	100.471371	5.13838	14.309085	111.554867	-7.383489	7.83387	127.878668	3.857524	16.00509	129.894854	7.756831	16.159444	143.937089	9.965606	21.887397	143.571443	-1.838177	17.616468	155.2206	8.673265	22.407556	149.255696	-2.795451	19.655887	167.49192	1.978851	22.492252	157.719962	1.984109	23.582856	143.786052	4.218386	22.584865
91.024914	1.527878	10.704552	101.513079	5.153784	14.465951	112.321684	-7.563783	7.990947	128.588193	3.95618	15.985398	130.748913	8.008158	15.796387	144.687283	9.976426	22.142583	144.21225	-1.756746	17.71501	155.955734	8.677707	22.443079	149.948201	-2.776606	19.721631	168.264016	1.944853	22.385321	158.559167	2.205789	23.459414	144.554157	4.241317	22.500242
91.994832	1.428201	10.94773	102.516057	5.15165	14.625504	113.496029	-7.763775	7.872374	129.346451	4.082458	15.963748	130.256436	7.705167	15.947141	145.364494	10.208551	22.092505	145.132692	-1.771824	17.864642	156.873134	8.804157	22.359455	150.580139	-2.751816	19.807806	169.149573	1.954791	22.27458	159.263143	2.171252	23.549697	145.360342	4.231899	22.668055
93.066077	1.421815	11.083619	103.558865	5.075733	14.785853	114.387948	-7.916463	8.030924	130.12558	4.136555	15.95717	131.855767	9.079403	18.034122	146.221392	10.332917	22.0472	145.579427	-1.770876	17.619848	157.793975	8.882747	22.330965	151.174862	-2.716865	19.781767	169.788129	1.82175	22.602562	160.145919	2.225725	23.512757	146.395811	4.364981	22.486406
94.167124	1.412952	11.076027	104.659697	5.080656	14.861316	115.178214	-7.901527	8.108837	130.842273	4.299365	15.91614	131.913899	8.744808	16.627383	147.333025	10.306763	22.168922	146.17297	-1.615433	17.15718	158.727647	8.997123	22.112401	151.868102	-2.695684	19.846686	170.57647	1.788401	22.528407	160.879167	2.23993	23.444485	147.126014	4.352339	22.57663
95.317702	1.294218	11.127115	105.806777	5.058232	14.9713	116.348885	-8.268265	7.972385	131.558622	4.317326	16.005224	132.615034	7.770707	16.295107	147.828804	10.31406	22.195782	146.547665	-1.694602	18.231858	159.460079	9.024419	22.219007	152.564448	-2.632345	19.857965	171.086295	1.691504	22.900428	161.566681	2.307379	23.480568	147.817087	4.370023	22.621845
96.566085	1.148954	11.198442	106.999134	5.021741	15.069584	117.234213	-8.253664	7.898981	132.276121	4.365665	16.001613	132.681113	8.522007	17.052836	148.408813	10.457658	22.27722	147.225233	-1.693959	18.33127	160.234662	9.047734	22.238052	153.17452	-2.594194	19.87319	171.751044	1.583479	23.066978	162.405827	2.423916	23.406516	148.397055	4.365015	22.726292
97.84935	1.06117	11.218195	108.202818	4.897422	15.264496	118.141247	-8.6348	7.982138	132.986062	4.518184	15.947279	133.894926	7.774164	16.383962	149.137704	10.50572	22.309275	147.68699	-1.435148	18.320629	160.904887	9.02282	22.230595	153.803628	-2.56376	19.904333	172.400313	1.474161	23.113864	163.026098	2.370722	23.587333	149.092372	4.523366	22.894974
99.202132	0.961323	11.275464	109.456899	4.864465	15.408439	119.01782	-8.751283	7.920345	133.668836	4.605258	15.908814	134.588072	7.865437	16.408019	150.014296	10.519233	22.137272	148.377386	-1.433826	18.36453	161.665168	9.168957	22.199215	154.422424	-2.565239	19.965185	173.194168	1.444017	23.069697	163.592396	2.368164	23.614078	149.846726	4.757509	22.845607
100.629084	0.803679	11.249259	110.7457	4.832614	15.468106	120.165676	-9.257959	8.129188	134.391572	4.715331	15.871978	135.156955	8.187989	16.291384	150.813864	10.741947	21.924485	149.020099	-1.472589	18.427939	162.526547	9.362712	22.08658	155.168166	-2.51254	19.805435	173.810832	1.403418	22.985714	164.262382	2.436647	23.671205	150.500174	4.941654	22.835267
102.047446	0.528224	11.252054	112.048755	4.785508	15.541712	121.25883	-9.354216	8.117001	135.060559	4.804706	15.834497	135.85622	8.349829	16.341219	151.288735	10.763709	21.953107	149.7746	-1.324761	18.268821	163.236074	9.490348	21.937753	155.689436	-2.511436	19.942174	174.549645	1.386577	23.074195	164.900192	2.472236	23.568658	151.067392	5.05557	22.775496
103.561401	0.197413	11.219276	113.282512	4.707425	15.68726	122.115119	-9.556008	8.199439	135.620113	4.870781	15.758033	136.718685	9.038463	16.937586	152.165193	10.974665	21.938316	150.496627	-1.327787	18.385082	164.168025	9.57317	21.8574	156.273638	-2.476416	19.936059	175.249456	1.299886	23.107156	165.749871	2.566281	23.306605	151.675368	5.146876	22.762328
105.018694	-0.130311	11.220279	114.590647	4.638596	15.800192	123.259051	-10.134968	8.408647	136.268581	4.89821	15.7902	137.658548	8.449323	16.047882	152.818282	11.049685	21.97607	150.850613	-1.260405	18.304516	164.988059	9.619896	21.451745	156.827719	-2.443524	19.849557	176.010423	1.22046	23.122182	166.6708	2.662836	23.038468	152.384944	5.266355	22.833173
106.478478	-0.467407	11.186491	115.836654	4.555757	15.87511	124.163663	-10.386531	8.498975	136.900923	5.03374	15.747679	137.911436	8.289267	16.233191	153.462676	11.119023	22.075067	151.503029	-1.252618	18.20475	165.835183	9.649567	21.354827	157.356844	-2.433888	19.861113	176.598698	1.147139	23.017357	167.430041	2.786423	22.83667	152.977387	5.343668	22.728563
108.042519	-0.842526	11.123871	117.101211	4.424891	15.95027	125.022697	-10.318008	8.483154	137.511808	5.090816	15.738912	139.105316	8.530058	16.078037	154.121407	11.096959	21.966987	152.149418	-1.24796	18.232372	166.560426	9.640994	21.285588	157.923167	-2.39445	19.742768	177.123443	1.004024	23.134271	168.194818	2.901893	22.817489	153.510188	5.392488	22.67787
109.48231	-1.185343	11.090185	118.349043	4.37517	15.934775	126.235237	-10.773056	8.718497	138.089879	5.136487	15.740094	139.473946	8.604029	16.026073	154.888547	11.140352	21.952351	152.673553	-1.197882	18.072829	167.121031	9.617429	21.286449	158.414711	-2.38344	19.741259	177.739478	0.988236	22.996433	168.923757	3.011124	22.672015	154.15649	5.489617	22.640116
110.960355	-1.519592	10.92376	119.579683	4.283626	16.001815	127.166481	-11.065973	8.91768	138.641494	5.171382	15.760669	140.048443	8.571715	16.037837	155.771519	11.086471	21.673799	153.38289	-1.058643	18.029435	167.774749	9.656648	21.0527	158.963599	-2.368642	19.748983	178.259798	0.85064	22.910979	169.365005	2.954282	22.835525	154.667092	5.501839	22.827773
112.539819	-1.96004	10.998588	120.793701	4.155109	15.95834	128.210816	-11.268171	8.985609	139.167014	5.188264	15.852291	140.715633	8.318117	15.775237	156.398523	11.178388	21.590953	153.915779	-0.907596	17.988715	168.222885	9.538871	21.188052	159.4309	-2.377789	19.682238	178.714734	0.669103	22.942758	170.131876	3.062758	22.582911	155.116	5.506422	22.849463
113.973886	-2.33406	10.884317	121.973263	4.004242	15.9888	129.307034	-11.626138	9.201666	139.678246	5.213607	15.858433	141.421373	8.175416	15.691006	156.778984	11.256024	21.581151	154.323715	-0.901864	18.01579	168.847097	9.55124	21.10484	159.883246	-2.442302	19.696111	179.253311	0.541977	22.891536	170.890208	3.135114	22.222272	155.661699	5.562046	22.774201
115.454801	-2.765102	10.777417	123.171592	3.990559	15.787607	130.513318	-11.889477	9.309088	140.177979	5.234417	15.867707	141.685692	8.284994	15.924886	157.393121	11.113904	21.535749	154.762862	-0.868635	18.058881	169.376661	9.507355	21.007021	160.398619	-2.462219	19.478543	179.914088	0.508085	22.604958	171.404049	3.066391	22.075477	156.07663	5.556482	22.760627
116.984765	-3.18147	10.78422	124.26084	3.853836	15.786417	131.545453	-12.101444	9.438668	140.667688	5.241669	15.879714	142.141025	8.352909	15.881256	158.080703	11.203156	21.226503	155.081635	-0.889328	18.057394	170.089133	9.602368	20.694935	160.765426	-2.450965	19.435325	180.438461	0.446208	22.575769	172.001522	3.103072	21.917985	156.654817	5.646394	22.588451
118.446636	-3.565878	10.620325	125.31802	3.74387	15.639611	132.725284	-12.234303	9.620443	141.139244	5.201636	15.905466	142.729712	8.311533	15.979148	158.545684	11.240295	21.34801	155.715952	-0.851649	17.993489	170.555691	9.564494	20.641705	161.276506	-2.420656	19.345862	180.950261	0.341277	22.411597	172.549484	3.136936	21.794616	157.109649	5.653252	22.640607
119.847633	-3.965601	10.450835	126.396154	3.578095	15.495519	134.021209	-12.503787	9.776376	141.622321	5.221183	15.918823	143.092879	8.296209	16.043628	159.067877	11.159732	21.279732	156.339477	-0.864575	17.900905	171.111332	9.659918	20.518662	161.708685	-2.401479	19.320121	181.478483	0.296853	22.415285	172.924807	3.053004	21.842153	157.812192	5.798594	22.403236
121.286718	-4.419575	10.216929	127.385577	3.435771	15.310532	135.120549	-12.679622	9.854748	142.103156	5.243915	15.925903	143.619188	8.386963	16.220498	159.548617	11.039335	21.413973	156.849244	-0.841674	17.93667	171.577436	9.771937	20.327552	162.127304	-2.412082	19.190121	181.913484	0.319184	22.510443	173.423139	3.131661	21.725327	158.265093	5.802197	22.454127
122.671134	-4.962395	9.984594	128.303553	3.268596	15.123227	136.578113	-12.863756	9.95724	142.579077	5.26833	15.935932	143.97747	8.309165	16.261447	160.003914	11.077344	21.511843	157.188329	-0.78332	17.602779	171.94608	9.799173	20.278098	162.486097	-2.427904	19.166872	182.601355	0.505521	22.241662	173.82262	3.214437	21.612187	158.73694	5.829289	22.375271
124.150276	-5.415246	9.747907	129.182387	3.04731	14.9431	137.772945	-12.930225	9.961626	143.011475	5.259136	16.010947	144.391172	8.314973	16.331108	160.564968	11.157737	21.381446	157.616792	-0.9372	17.745937	172.490277	9.81237	20.121756	162.954149	-2.392559	19.06128	183.125876	0.453977	22.126414	174.351414	3.191941	21.440294	159.239094	5.765928	22.223832
125.583046	-5.901383	9.405643	130.06897	2.788719	14.668702	138.952432	-13.042933	9.989793	143.498534	5.279335	16.010932	144.932497	8.430649	16.468228	161.219203	11.187673	21.194072	158.291568	-1.02751	17.993755	173.015402	9.775427	20.024811	163.4946	-2.333006	18.869337	183.528696	0.328111	22.051661	174.877038	3.222451	21.288178	159.744382	5.726684	22.081939
126.987806	-6.325692	9.159028	130.883762	2.501386	14.477847	140.122008	-13.026475	9.943053	143.991476	5.303126	15.999579	145.42649	8.531744	16.298449	161.641315	11.329607	21.151412	158.754416	-1.003531	17.838565	173.569232	9.786133	19.98047	163.972941	-2.279795	18.774809	183.940767	0.382631	21.925568	175.581358	3.381288	20.946097	160.074852	5.799601	22.109628
128.31407	-6.855347	8.749764	131.686835	2.241119	14.122739	141.644623	-13.196905	9.917627	144.487143	5.320303	15.979101	146.10649	8.544706	16.40716	161.985347	11.392133	21.004051	159.236654	-0.56197	17.635208	174.035794	9.743078	19.898451	164.430972	-2.22451	18.694292	184.29623	0.328364	21.892878	176.196628	3.480477	20.653951	160.454939	5.904012	22.23472
129.610616	-7.063278	8.105871	132.444926	1.95573	13.856486	142.922126	-13.05955	9.775316	144.98325	5.333013	15.941781	146.438114	8.568073	16.233903	162.524765	11.440451	20.723659	159.4836	-0.517532	17.546817	174.580085	9.711006	19.723789	164.87061	-2.277415	18.552464	184.659062	0.174243	21.860616	176.846612	3.561894	20.339643	160.932907	6.047573	22.063225
131.132021	-7.621074	7.934084	133.186738	1.678721	13.455784	144.108368	-13.045417	9.565564	145.440094	5.324473	15.876892	146.937822	8.535308	16.196925	162.980338	11.464963	20.567029	159.91029	-0.56565	17.557769	175.216324	9.763044	19.489402	165.280029	-2.305029	18.410944	185.174637	0.130161	21.721257	177.324818	3.498052	20.255182	161.389766	6.054104	22.046517
132.502855	-8.054908	7.581463	133.867795	1.278923	13.182511	145.512794	-13.063129	9.440396	145.934685	5.337812	15.753637	147.365614	8.506077	16.084449	163.606336	11.623068	20.424609	160.431515	-0.572005	17.444212	175.718847	9.691701	19.346487	165.72788	-2.311465	18.393301	185.919989	0.149422	21.34559	177.916652	3.621795	20.035706	161.913404	6.101091	21.966302
133.785522	-8.375183	7.091103	134.596102	0.859557	12.827478	146.459591	-12.960677	9.187481	146.403147	5.252506	15.732251	147.720634	8.708017	15.749671	163.872704	11.644402	20.339692	160.849539	-0.610591	17.36224	176.159659	9.7664	19.191248	166.223732	-2.290497	18.286754	186.483077	0.086158	21.1454	178.397558	3.526724	20.008276	162.419613	6.115648	21.845757
135.094424	-8.653857	6.554493	135.26673	0.527877	12.373084	147.687778	-12.865839	8.900245	146.891404	5.232954	15.67512	148.160124	8.610597	15.756388	164.349008	11.675434	20.285774	161.340934	-0.488076	17.017434	176.507462	9.755891	19.095021	166.581453	-2.353003	18.212359	186.964925	0.056834	21.091821	179.141465	3.64168	19.998406	162.94425	6.00983	21.779356
136.499182	-9.163936	6.044336	135.940027	0.136711	11.840347	149.113414	-12.743603	8.595846	147.389942	5.151182	15.560205	148.649632	8.700928	15.69552	165.021179	11.525435	20.261339	161.808313	-0.452046	16.947674	176.950286	9.850029	18.948442	167.011397	-2.432677	18.194417	187.783845	0.288551	20.628354	179.515302	3.531977	20.103866	163.617271	5.982866	21.51525
137.743868	-9.286823	5.401073	136.603648	-0.247277	11.298502	150.2251	-12.572057	8.353643	147.847911	5.053714	15.534905	149.022631	8.72741	15.710135	165.314453	11.645708	20.220696	162.372035	-0.537638	17.028172	177.531986	9.847994	18.736269	167.447809	-2.440521	18.205421	188.444375	0.302117	20.35536	179.83196	3.498961	20.205285	164.083331	5.878981	21.459112
139.081641	-9.415679	4.735389	137.257579	-0.590845	10.602961	151.308282	-12.575623	8.228967	148.298768	5.056342	15.469854	149.466324	8.664726	15.6922	165.947417	11.558451	20.03926	162.752987	-0.527195	17.022245	178.006726	9.815934	18.771973	167.987795	-2.411481	18.146758	189.078037	0.375738	20.189809	180.297129	3.458701	20.264869	164.538366	5.839215	21.425288
140.288325	-9.547575	3.988629	137.911534	-0.887905	9.839333	152.280339	-12.433305	7.99984	148.759186	4.95616	15.439554	149.645457	7.846897	16.386381	166.264598	11.604961	20.205213	163.109892	-0.545528	17.083146	178.441115	9.771396	18.851787	168.361182	-2.385524	18.145022	189.68581	0.433276	20.099563	180.770292	3.409119	20.253508	165.295236	6.036366	21.050848
141.352531	-9.720899	3.40983	138.514285	-1.135197	9.267813	153.423853	-12.364257	7.800108	149.242985	4.943322	15.315464	149.883458	7.158498	15.068782	166.583109	11.620675	20.225628	163.44257	-0.592623	17.210886	178.898515	9.716477	18.958161	168.762742	-2.471261	18.220424	190.071182	0.41904	20.317225	181.226144	3.423793	20.264054	165.663098	6.087292	21.104291
142.161351	-9.826385	3.057793	139.11735	-1.342434	8.914639	154.18791	-12.297646	7.723987	149.713262	4.856382	15.297098	151.548821	8.264122	15.302976	167.085505	11.697494	20.291581	164.019802	-0.566977	17.139659	179.29999	9.623087	19.178007	169.286478	-2.437729	18.171658	190.857245	0.567365	20.140723	181.595051	3.427994	20.276775	165.915153	6.109591	21.2877
142.740368	-9.950668	2.911538	139.609646	-1.469267	8.757352	154.991179	-12.300839	7.580952	150.203802	4.856087	15.241617	152.275041	8.118289	15.274748	167.598095	11.714923	20.067351	164.475459	-0.520577	17.177833	179.946653	9.704654	19.067358	169.771535	-2.413038	18.198869	191.342748	0.55596	20.296651	182.178972	3.429554	20.078371	166.29035	6.090149	21.172946
143.072261	-9.958252	3.053697	140.09278	-1.437714	9.103953	155.452887	-12.138555	7.288702	150.693708	4.891489	15.09881	152.719891	8.172039	15.328256	168.195859	11.756703	20.026437	164.722181	-0.621637	17.258731	180.637035	9.80758	19.025796	170.189944	-2.364632	18.155385	191.797384	0.475464	20.27786	182.796322	3.51451	20.054137	166.737934	5.994699	21.187659
143.083091	-9.786339	3.187011	140.508053	-1.338662	9.472514	155.579805	-12.149068	7.103555	151.14028	4.893944	15.05428	153.244706	8.116086	15.326547	168.668909	11.801924	20.033569	165.239043	-0.644228	17.130728	181.273798	9.872889	18.904999	170.629807	-2.418002	18.171874	192.16912	0.433844	20.408683	183.472542	3.668185	19.816167	167.166368	5.974865	21.204325
143.101472	-9.7593	3.423318	140.866818	-1.187894	9.759634	155.832414	-12.199742	7.011818	151.619322	4.926317	15.024474	153.618589	8.23151	15.364992	169.207247	11.893554	20.132152	166.115184	-0.679407	17.094787	181.777667	9.993308	18.749621	171.119829	-2.374956	18.112802	192.540332	0.472525	20.41903	183.740048	3.630582	20.086209	167.649793	5.989221	21.222512
143.221317	-9.688426	3.561894	141.269851	-0.922512	9.773005	155.978881	-12.229345	7.020792	152.07959	4.971279	14.993322	154.266122	8.216654	15.199625	169.643224	11.915958	20.19915	166.319764	-0.676604	17.138385	182.378113	10.20693	18.563514	171.49326	-2.32355	18.100719	193.052994	0.483439	20.413434	184.34685	3.675034	19.982216	168.024767	5.953737	21.341344
143.281734	-9.546039	3.587913	141.681304	-0.637479	9.934313	156.11848	-12.263451	7.070566	152.512913	5.030894	14.945897	154.58843	8.368618	15.243449	170.134415	12.095535	20.090063	166.820147	-0.635262	16.695929	182.776651	10.266483	18.559011	171.967665	-2.29325	18.123166	193.527131	0.465314	20.473571	184.823241	3.803806	20.065811	168.497215	5.979812	21.362165
143.414712	-9.306309	3.669371	142.088701	-0.357804	10.05655	156.144265	-12.253076	6.997096	152.907032	5.059491	14.888764	154.879218	8.414975	15.242091	170.699603	12.057557	19.990551	166.953399	-0.672948	16.907056	183.275306	10.25082	18.438536	172.418026	-2.326469	18.078558	193.891205	0.518985	20.600561	185.370127	3.969368	20.024681	168.957831	6.026294	21.317112
143.606866	-9.039657	3.57592	142.464933	-0.169761	10.162168	156.154811	-12.445148	6.935389	153.340273	5.010578	14.84813	155.470664	8.456931	15.222563	171.37715	12.030276	19.879244	167.446013	-0.589056	16.752977	183.709437	10.224537	18.441755	172.819551	-2.289376	18.05889	194.210758	0.565609	20.689303	185.950082	4.016888	20.006729	169.388777	6.073736	21.288093
143.626725	-8.814341	3.585454	142.794449	-0.023362	10.399935	156.14855	-12.583771	6.762179	153.772017	4.939034	14.748622	155.774429	8.40967	15.30851	171.651334	12.059561	19.895941	168.114074	-0.32103	16.985486	184.206906	10.212436	18.431267	173.188228	-2.254906	18.051926	194.651892	0.512573	20.79115	186.841624	4.210196	19.644636	169.763998	6.087003	21.20963
143.604105	-8.708145	3.603993	143.16419	0.20396	10.381928	156.147655	-12.688015	6.604229	154.18474	4.860456	14.724741	156.16493	8.466481	15.408996	172.059003	12.120415	19.821689	168.490832	-0.364788	16.996691	184.711993	10.215841	18.345153	173.621259	-2.312177	18.039158	195.111802	0.536967	20.954353	187.467569	4.308349	19.713121	170.162802	6.067055	21.145866
143.61387	-8.6741	3.613825	143.416943	0.282897	10.458176	156.134175	-12.840058	6.38416	154.56808	4.866317	14.646614	155.482862	6.544253	15.441209	172.456967	12.166773	19.863024	168.655676	-0.38551	17.013882	185.150834	10.30844	18.196705	174.068313	-2.345643	18.043412	195.622351	0.614793	20.999161	188.149628	4.495985	19.399875	170.703162	6.112958	21.01751
143.640094	-8.647963	3.589899	143.675951	0.30964	10.336801	156.224235	-13.024684	6.315695	154.97306	4.829998	14.520523	156.99769	7.201311	15.025194	172.802013	12.128926	19.89549	169.105396	-0.363882	16.767545	185.671791	10.428205	18.068071	174.529538	-2.32838	18.020733	195.918006	0.638631	21.137953	188.827268	4.746685	19.23135	171.202069	6.130776	20.992091
143.673647	-8.577559	3.421299	143.853926	0.252988	10.341599	156.183762	-13.149321	6.207614	155.420059	4.802625	14.484707	157.639624	7.383632	15.080593	173.214074	12.062161	19.93208	169.591716	-0.437587	16.709947	186.18823	10.578842	17.843818	175.016632	-2.317779	18.060119	196.384596	0.781579	20.99904	189.812588	5.045593	18.925907	171.596137	6.095436	20.974031
143.568076	-8.703641	3.323601	143.976429	0.219499	10.3075	156.262765	-13.118568	5.985438	155.856616	4.681077	14.472899	158.083289	7.381101	15.194143	173.597452	12.154841	20.058503	170.043026	-0.548061	16.719671	186.550406	10.608437	17.876869	175.431065	-2.311876	18.092126	196.828092	0.809037	21.136788	190.319479	5.005704	18.980293	172.029577	5.99425	20.96166
143.548416	-8.756885	3.244875	144.138124	0.113787	10.407165	156.350538	-13.36341	5.831157	156.300542	4.562821	14.36179	158.453533	7.315349	15.121824	173.992304	12.119889	20.103962	170.327256	-0.5346	16.645217	187.092126	10.598169	17.817181	175.876535	-2.32229	18.13366	197.3503	0.86591	21.264265	190.690502	4.930761	19.180358	172.555536	5.918469	20.905304
143.569615	-8.779689	3.279221	144.348221	0.038593	10.394945	156.389748	-13.675987	5.917312	156.711216	4.415691	14.358071	158.735989	7.321958	15.18474	174.405862	12.123768	20.040437	170.707384	-0.638542	16.877981	187.643795	10.608858	17.769277	176.408033	-2.332781	18.175328	197.803558	0.86547	21.282356	191.127888	4.893829	19.255939	173.028422	5.778685	20.837621
143.618854	-8.834174	3.312426	144.604658	-0.027114	10.400918	156.410746	-13.866486	5.855068	157.182014	4.331939	14.330508	159.209698	7.182801	15.102187	174.96961	11.908989	20.051738	171.251017	-0.741944	16.930272	188.224242	10.580228	17.62677	176.855548	-2.425933	18.226041	198.330867	0.89227	21.287861	191.595685	4.802759	19.224604	173.457575	5.586384	20.859104
143.699366	-8.85469	3.384283	144.863074	-0.100701	10.540328	156.432502	-14.059701	5.704463	157.649516	4.18997	14.234089	159.788196	7.298163	15.064096	175.296923	11.942945	20.108866	171.846774	-0.887494	16.988943	188.787781	10.561807	17.461146	177.279481	-2.546615	18.34902	198.867284	0.863554	21.27117	192.046585	4.737776	19.292076	173.854681	5.372403	20.91392
143.695768	-8.852051	3.354264	145.123337	-0.173563	10.553654	156.494745	-14.18166	5.493223	158.106798	4.023769	14.236722	160.286505	7.124279	15.03864	175.832985	11.888524	19.99693	172.167673	-0.609777	16.946556	189.491737	10.560387	17.155667	177.765524	-2.597861	18.370098	199.384099	0.852178	21.235821	192.462912	4.573291	19.37466	174.451402	5.26302	20.739527
143.766615	-8.876837	3.37409	145.448056	-0.216037	10.56825	156.720051	-14.288571	5.532742	158.564437	3.856469	14.223856	161.053015	6.961626	14.941435	176.274824	11.866332	19.905786	173.141733	-0.863698	16.854431	190.239444	10.597944	17.032194	178.30467	-2.641473	18.334644	199.80777	0.764122	21.275242	192.877031	4.449035	19.355237	174.97379	5.122185	20.633643
143.761799	-8.888482	3.398553	145.679783	-0.293035	10.622649	156.834761	-14.399171	5.412394	159.028891	3.703211	14.133828	161.436479	6.977564	14.984687	176.817864	11.790059	19.81699	173.558031	-1.260895	16.694955	190.708627	10.491034	17.008366	178.849119	-2.730962	18.174905	200.256355	0.656744	21.334	193.344177	4.298343	19.391431	175.554993	5.087916	20.65011
143.820784	-8.908591	3.410819	145.923699	-0.360717	10.632799	156.875344	-14.577124	5.352185	159.486444	3.54986	14.048349	161.842797	6.888285	14.908191	177.417492	11.645391	19.659212	174.022716	-1.28606	16.771419	191.133607	10.322375	17.113913	179.313034	-2.866289	18.211793	200.720644	0.613887	21.33819	193.803242	4.16542	19.433256	176.062219	4.919267	20.600194
143.902051	-8.963617	3.495391	146.178709	-0.433579	10.653762	157.130624	-14.865474	5.358027	159.932245	3.390845	14.027374	162.728411	6.715066	14.611041	177.932856	11.457508	19.75491	174.698695	-1.518849	16.754875	191.787764	10.312994	16.958946	179.794832	-2.994494	18.314541	201.276411	0.620633	21.363539	194.23062	4.056062	19.451141	176.639879	4.794471	20.484915
144.030223	-8.92096	3.462508	146.403924	-0.506006	10.708406	157.22991	-15.067738	5.337087	160.370887	3.232405	14.022391	163.128202	6.573613	14.620811	178.426941	11.344558	19.561245	175.204751	-1.189378	15.780544	192.265864	10.230787	16.864281	180.236078	-3.062572	18.369641	201.737543	0.569887	21.382957	194.659431	3.952906	19.498524	177.214478	4.678695	20.372174
144.053891	-8.930556	3.508324	146.648712	-0.506405	10.709158	157.304826	-15.150463	5.170626	160.80403	3.102867	14.008822	163.798602	6.318561	14.551984	179.028812	10.95902	19.354099	175.408047	-1.387817	16.188833	192.947695	10.254197	16.668755	180.773843	-3.074308	18.292847	202.146907	0.616108	21.539138	195.015775	3.900809	19.523915	177.664025	4.514256	20.523805
144.059836	-8.931089	3.521877	146.905399	-0.554781	10.703074	157.291595	-15.241455	5.13436	161.229968	3.073549	13.940467	164.25102	6.243484	14.580316	179.430426	11.134618	19.38104	175.900986	-1.532141	16.315128	193.363141	10.279273	16.543801	181.195056	-3.125353	18.404962	202.612461	0.612101	21.581257	195.3817	3.754691	19.577925	178.078619	4.452228	20.616173
144.076371	-8.931864	3.527319	147.10728	-0.612885	10.725829	157.506263	-15.329907	5.114038	161.66453	2.966443	13.858384	164.629654	6.219575	14.56495	179.803132	11.095693	19.318442	176.110981	-1.587336	16.500445	193.64472	10.230941	16.558241	181.676047	-3.171899	18.338069	203.020269	0.560454	21.761157	195.845027	3.744606	19.607897	178.340391	4.437219	20.698292
144.114538	-8.903259	3.550131	147.298493	-0.641263	10.723777	157.635075	-15.36823	5.07076	162.085735	2.877104	13.855982	165.232546	6.055588	14.518807	180.321984	11.007756	19.239455	176.723586	-1.576512	16.638958	194.113899	10.346726	16.364757	181.996441	-3.247255	18.431966	203.418434	0.657916	21.847934	196.186037	3.769875	19.688751	178.615115	4.352455	20.703912
144.134735	-8.902764	3.574346	147.482272	-0.595248	10.675527	157.769252	-15.376044	5.099892	162.494924	2.898694	13.813836	165.814121	6.008533	14.44768	180.840202	10.943582	19.093554	177.147031	-1.667363	16.761957	194.473589	10.380975	16.420319	182.611065	-3.17824	18.213972	203.822598	0.771807	21.747712	196.459456	3.743469	19.796903	179.006379	4.336598	20.707333
144.134735	-8.902764	3.574346	147.603436	-0.599011	10.669928	157.850062	-15.368243	5.092289	162.867849	2.933316	13.767008	166.463104	5.981224	14.548846	181.084914	10.936972	19.121318	177.25928	-1.752996	16.982887	194.863639	10.461554	16.4209	183.006579	-3.162829	18.269439	204.130131	0.842509	21.844812	196.874789	3.718981	19.758512	179.407337	4.296271	20.785026
144.193119	-8.851447	3.570959	147.72138	-0.578645	10.654074	157.984411	-15.442343	5.124607	163.281608	2.868727	13.775159	166.743487	6.153644	14.635019	181.362389	10.986494	19.247112	177.704673	-1.843193	17.152682	195.342049	10.454946	16.596419	183.383389	-3.116233	18.302212	204.599957	0.892234	21.931965	197.260456	3.69349	19.804478	179.884011	4.304393	20.800422
144.235882	-8.848352	3.60293	147.846077	-0.564727	10.643087	157.999813	-15.442097	5.158574	163.704713	2.880254	13.758723	167.576494	5.930126	14.633885	181.850852	11.013183	19.077538	178.035814	-1.935714	17.243338	195.915239	10.472932	16.683357	183.757563	-3.122327	18.392771	205.023762	0.908144	21.952006	197.638688	3.704528	19.889351	180.399772	4.315674	20.867805
144.284067	-8.767241	3.67203	147.950194	-0.584212	10.673631	158.141733	-15.423594	5.190087	164.04653	2.86134	13.713483	167.572394	5.887328	15.295255	181.443347	10.956999	19.346848	178.318977	-1.937008	17.15785	196.528757	10.54741	16.531743	184.100057	-3.137604	18.47328	205.643598	1.060266	21.941713	198.055171	3.720948	19.827471	180.804662	4.235538	20.878591
144.323655	-8.713319	3.668405	148.151341	-0.551159	10.663899	158.387779	-15.305617	5.128177	164.443778	2.930472	13.596014	167.831814	6.098481	15.290783	182.661099	10.874206	19.073215	178.546874	-1.979009	17.18127	196.96749	10.554317	16.573805	184.521963	-3.074262	18.475208	205.896176	1.104848	21.990998	198.346142	3.759916	19.877586	181.232854	4.214158	20.816819
144.355506	-8.725292	3.722557	148.231093	-0.525659	10.645381	158.387779	-15.305617	5.128177	164.796876	2.968699	13.553101	168.253862	6.223697	15.291376	183.441047	10.984769	19.1713	178.96783	-1.956124	17.282948	197.29652	10.578501	16.593412	184.975487	-3.033139	18.353099	206.253918	1.295387	22.125961	198.601945	3.795933	20.009083	181.51131	4.264968	20.900791
144.359071	-8.727923	3.752527	148.305322	-0.507895	10.668466	158.552396	-15.282711	5.151055	165.188067	2.908522	13.553056	168.677573	6.305583	15.299269	183.697982	11.024714	19.111804	179.390003	-1.807931	17.312905	197.716915	10.685977	16.445153	185.377961	-3.072211	18.363742	206.748166	1.308824	22.09712	198.954877	3.865138	20.045369	181.784189	4.319647	20.984986
144.398787	-8.66299	3.776923	148.506405	-0.475757	10.636485	158.606918	-15.281406	5.173426	165.537388	2.872375	13.530713	169.212096	6.280051	15.228995	184.15661	10.861899	19.14945	179.795745	-1.746938	17.255359	197.997413	10.683125	16.501653	185.73479	-3.03985	18.455063	207.130318	1.422873	22.292001	199.524278	3.901548	19.897297	182.114039	4.348171	20.949921
144.463767	-8.672636	3.830762	148.620491	-0.455926	10.610337	158.627575	-15.276	5.145598	165.912488	2.843781	13.516566	169.970416	6.16185	15.050907	184.412869	10.923095	19.308504	180.451495	-1.866091	17.192722	198.390446	10.771744	16.42146	186.165291	-2.979912	18.326157	207.451846	1.534743	22.271543	199.869041	3.864438	20.020478	182.387551	4.314368	21.159537
144.53653	-8.729256	3.918151	148.766055	-0.513316	10.637715	158.917007	-15.202252	5.145945	166.226707	2.794108	13.476374	170.830793	6.217008	15.064359	184.660006	10.897295	19.349625	180.780521	-1.952985	17.360078	198.645662	10.746315	16.438956	186.540811	-3.031984	18.289956	207.884812	1.559534	22.316564	200.304032	3.906196	19.906671	182.686846	4.228106	21.099947
144.542433	-8.741331	4.040851	148.912244	-0.566987	10.66725	159.10006	-15.298408	5.248651	166.581314	2.748687	13.381706	171.59912	6.490315	15.034143	185.073941	10.883651	19.329368	181.221453	-1.900443	17.260368	198.990676	10.801659	16.392977	186.987868	-3.023647	18.279056	208.165004	1.686984	22.360721	200.629556	3.955951	19.903343	183.117799	4.102787	21.026866
144.54916	-8.769004	4.075656	149.020826	-0.56085	10.663054	159.138464	-15.296831	5.258352	166.93562	2.708686	13.368882	171.589885	7.600252	15.311608	185.683051	10.945897	19.11521	181.640235	-1.90948	17.056545	199.315099	10.800348	16.29327	187.421333	-3.023525	18.067331	208.490613	1.747819	22.45895	200.98253	3.950451	19.791226	183.533612	3.948408	20.989554
144.670153	-8.729127	4.111739	149.143435	-0.540848	10.654094	159.267411	-15.306371	5.285162	167.275593	2.661374	13.342083	172.641419	6.534767	15.099492	186.060914	10.781729	19.109366	181.828132	-2.08953	17.024795	199.832401	10.9137	16.06867	187.79289	-2.995728	18.019846	208.760541	1.849529	22.558526	201.426975	4.0195	19.715126	183.854729	3.751141	20.993911
144.756202	-8.648686	4.108478	149.332327	-0.515959	10.654443	159.313794	-15.286662	5.202995	167.57102	2.607263	13.311788	173.020774	6.590898	15.207828	186.283417	10.684431	19.244482	182.334323	-1.977592	16.2779	200.11352	10.912192	16.02022	188.149239	-3.071607	18.046749	209.154568	1.984687	22.413074	201.805758	4.073016	19.774351	184.349376	3.788846	20.831519
144.793537	-8.589446	4.129686	149.491213	-0.564825	10.722161	159.396862	-15.239976	5.154162	167.897246	2.513919	13.297483	173.445917	6.857524	15.094549	186.701973	10.641561	19.135043	182.581598	-2.085663	16.532828	200.543049	10.968561	15.870788	188.409105	-3.116243	18.107096	209.193171	1.974437	22.597158	202.187846	3.993647	19.820287	184.670598	3.698695	20.886401
144.791146	-8.591551	4.146109	149.683897	-0.591004	10.713075	159.493962	-15.247413	5.133443	168.247861	2.558449	13.167809	173.461373	6.859862	15.340233	186.998233	10.570627	19.092135	182.733148	-2.172397	16.782849	200.79181	10.9403	15.884982	188.785788	-3.077688	17.921239	209.485201	1.976933	22.744823	202.689818	4.020285	19.717208	184.945954	3.621991	20.824642
144.823006	-8.592549	4.228247	149.792405	-0.582758	10.723805	159.702289	-15.204007	5.101595	168.524315	2.516329	13.130167	174.069244	6.816032	15.161114	187.276788	10.665591	19.215801	183.153736	-2.159561	16.738708	201.176687	11.008816	15.79245	189.041084	-3.126988	17.956615	209.715372	2.084511	22.762897	203.021074	4.036429	19.837965	185.30465	3.627494	20.734627
144.939196	-8.556907	4.297199	149.987147	-0.561626	10.71187	159.939553	-15.195448	5.09796	168.811135	2.493848	13.07734	174.551844	6.871284	15.054215	187.645501	10.732955	19.008495	183.501713	-2.164079	16.664044	201.640843	11.097658	15.604075	189.328012	-3.154756	17.912848	210.200948	2.31737	22.551622	203.331589	4.032159	19.806065	185.615535	3.670318	20.700338
145.018481	-8.543551	4.417624	150.070677	-0.557427	10.751265	160.10992	-15.148136	5.040519	169.149697	2.547981	12.926059	174.821114	6.922736	14.810252	188.112215	10.751429	18.785846	183.902242	-2.137641	16.484371	201.932281	11.087972	15.575115	189.62756	-3.14289	17.882789	210.488877	2.480496	22.615064	203.780778	4.154367	19.777098	185.894685	3.720967	20.804105