10.010502	10.001702	10.649917	8.350522	17.564115	16.454616	20.867949	14.268713	15.512046	12.978417	24.205273	16.384408	11.243319	30.598637	19.047878	22.059317	37.568992	19.473021	26.339727	23.187186	19.701912	31.891196	37.600889	19.392526	34.229909	24.753314	18.402571	44.277934	32.597294	20.36617	34.188825	31.807535	21.381281	21.044805	30.701238	21.974875
10.620816	10.050916	10.223679	8.808255	17.546065	16.100451	21.435106	14.056562	15.395153	13.540982	24.326585	16.42536	12.103912	30.344244	18.751338	22.521745	37.852244	19.449941	26.801372	23.496443	19.585105	32.281886	37.776311	19.604247	34.917792	24.978346	18.438217	44.805971	32.94167	20.458198	34.668414	31.849616	21.617305	21.634038	30.826682	22.202605
11.138123	9.791471	9.872814	9.349283	17.402914	15.77638	22.027722	13.964834	15.118234	14.147266	24.406088	16.590987	12.546644	30.71562	18.885078	23.216412	38.0764	19.531685	27.412551	23.637272	19.682135	32.858196	38.022347	19.67538	35.491747	25.27082	18.323788	45.376699	33.236488	20.494061	35.24798	32.117636	21.544522	22.251475	31.084518	22.060986
12.067254	9.883766	9.262354	9.852191	17.265021	15.469988	22.608133	13.839382	14.636946	14.759128	24.521372	16.522182	13.32308	30.890892	18.414351	23.776542	38.232839	19.641993	28.134245	23.84193	19.707348	33.464682	38.270299	19.76314	36.144725	25.523658	18.439669	46.065788	33.572825	20.532733	35.956246	32.388323	21.641773	22.889883	31.21307	22.16336
12.658901	9.992101	8.48953	10.474734	17.170514	14.958206	23.195618	13.702071	14.167777	15.455083	24.590617	16.463436	13.522667	31.040573	18.415031	24.390817	38.438126	19.676786	28.805643	24.051169	19.630663	34.15058	38.52136	19.785415	36.813933	25.780124	18.409445	46.723815	33.828145	20.630759	36.614262	32.675195	21.588943	23.581392	31.402499	22.196469
12.875831	10.045287	7.630834	10.980783	17.174173	14.400874	23.683074	13.558649	13.556803	16.198397	24.703315	16.492559	14.205131	31.12608	18.361897	25.063633	38.575141	19.889961	29.531529	24.264336	19.500115	34.845328	38.782226	19.793261	37.532624	25.996364	18.377489	47.436208	34.093005	20.624945	37.347352	32.856792	21.790153	24.354131	31.562962	22.280274
12.516559	10.122332	7.035911	11.394466	17.195145	14.060076	23.972851	13.403992	13.021486	16.91962	24.783815	16.424384	15.248268	31.171076	18.312873	25.821798	38.767831	19.949647	30.137894	24.410634	19.43872	35.485735	38.969413	19.894826	38.132593	26.178007	18.354217	48.139053	34.352211	20.658424	38.189637	33.136944	21.626905	25.068151	31.853465	22.162046
12.315737	10.229028	6.651615	11.636803	17.394087	13.678955	24.155027	13.256467	12.469779	17.497856	25.06559	16.182149	16.174843	31.46081	18.265097	26.572249	39.042292	19.749703	30.886534	24.630253	19.351227	36.170675	39.147542	19.879903	38.923968	26.364591	18.393805	48.961616	34.638627	20.526373	38.873327	33.423495	21.52729	25.804857	32.041387	22.11989
12.261809	10.195972	6.428174	11.844442	17.53211	13.37377	24.239928	13.151376	11.935663	18.217749	25.274741	16.173971	16.802571	31.839036	18.329636	27.259718	39.195844	19.796683	31.559056	24.906966	19.275453	36.946476	39.449007	19.65654	39.61411	26.627182	18.351578	49.734218	34.916112	20.508958	39.664096	33.663907	21.476719	26.573174	32.276489	21.877752
12.187989	10.254391	6.166314	12.073878	17.595568	13.233137	24.335596	13.131592	11.43996	18.856887	25.588149	16.006283	17.731985	32.121599	18.147445	28.163192	39.564314	19.444441	32.282344	25.184671	19.193649	37.788035	39.690228	19.607028	40.382574	26.898671	18.270222	50.531621	35.197907	20.440239	40.416127	33.970643	21.413994	27.316403	32.422149	22.099472
12.232465	10.28342	5.894307	12.260267	17.612137	13.108344	24.424359	12.987095	11.53734	19.550268	25.814228	16.187316	18.345968	32.34489	17.715369	28.917583	39.73541	19.580403	32.950516	25.503425	19.173499	38.608657	39.99228	19.425295	41.080056	27.208909	18.292937	51.270465	35.468599	20.522798	41.208107	34.210144	21.459155	28.062632	32.811993	21.867235
12.319167	10.205296	6.156193	12.524658	17.657903	13.041318	24.684995	12.934257	11.525169	20.270434	26.086229	16.127158	18.958192	32.573634	17.516629	29.630923	40.062676	19.33512	33.678097	25.89557	19.186134	39.435193	40.274558	19.328271	41.896345	27.51251	18.393135	52.149827	35.782696	20.445961	42.032597	34.515676	21.389157	28.880545	33.076754	21.889196
12.491881	10.151523	6.249786	12.796587	17.777024	13.031583	24.987726	12.933597	11.505045	21.055086	26.270772	16.264983	20.123938	32.644799	17.793789	30.451961	40.384309	19.109306	34.459897	26.140449	19.261615	40.246078	40.56908	19.189567	42.674919	27.759082	18.422518	52.930724	36.074243	20.371404	42.763096	34.750197	21.499966	29.757424	33.439671	21.877556
12.497302	10.260729	6.271933	13.164993	17.887568	13.14533	25.253485	13.010015	11.396761	21.838041	26.43547	16.432557	20.798111	33.085997	17.641303	31.252708	40.606036	19.1186	35.277867	26.365459	19.311385	41.008423	40.823234	19.14544	43.42222	28.015751	18.461003	53.748262	36.346604	20.359116	43.60886	35.092538	21.317614	30.548977	33.705482	21.774228
12.614382	10.345949	6.442231	13.596705	17.959191	13.349284	25.528868	13.096061	11.235012	22.620916	26.653099	16.414808	21.680319	33.661272	17.810004	32.068946	40.816244	19.146094	36.057161	26.559211	19.425889	41.808636	41.002401	19.265566	44.245366	28.254551	18.430738	54.590003	36.50045	20.482356	44.495081	35.337549	21.280289	31.476739	33.896952	21.867107
12.792232	10.492129	6.53728	13.944359	18.169832	13.316993	25.927122	13.044687	11.265181	23.411006	26.86802	16.411142	22.399362	33.797583	17.887514	32.967085	41.059847	19.077575	36.862924	26.827208	19.33679	42.61572	41.187478	19.286766	45.049666	28.455796	18.485572	55.407307	36.705772	20.435641	45.307725	35.527196	21.30855	32.201445	34.099549	21.98651
12.95802	10.699411	6.60479	14.245136	18.246987	13.409006	26.159372	13.057824	11.151117	24.213074	27.120815	16.255887	23.148451	33.810323	17.831587	33.827178	41.200515	19.225497	37.637263	27.145022	19.363755	43.596213	41.367931	19.335738	45.914738	28.633223	18.575876	56.35546	36.872008	20.505876	46.18693	35.689924	21.387083	33.151982	34.298461	22.020881
13.043425	10.658552	6.808357	14.518841	18.306613	13.386363	26.416532	13.121106	11.04163	25.098177	27.305389	16.312577	24.339777	34.517072	18.036295	34.73301	41.380386	19.23721	38.533576	27.300973	19.505157	44.477784	41.453103	19.540022	46.778131	28.845612	18.539991	57.255296	36.944542	20.803765	47.091888	35.881724	21.352929	34.029132	34.518958	21.953666
13.207135	10.606067	6.99523	14.809843	18.327849	13.412571	26.663992	13.076448	11.09613	25.926097	27.454457	16.398685	25.66738	34.193469	18.218031	35.62462	41.502453	19.328772	39.410388	27.479819	19.471086	45.460733	41.623388	19.526446	47.717581	29.046486	18.597053	58.157252	37.200709	20.654695	48.104932	36.003974	21.442612	34.955856	34.686326	21.977039
13.291124	10.522053	7.052268	15.061632	18.298755	13.452366	26.904282	13.03809	11.10592	26.781323	27.55444	16.573832	26.334021	34.315865	18.455396	36.545704	41.558284	19.478191	40.365528	27.594823	19.500439	46.290406	41.76667	19.512561	48.678234	29.125855	18.771907	59.065864	37.320144	20.842742	49.134809	36.139515	21.456924	35.930458	34.80951	21.955939
13.468912	10.450453	7.09234	15.230878	18.284374	13.440733	27.198844	13.041745	11.103392	27.711586	27.681443	16.551471	27.199346	34.31087	18.433375	37.435756	41.580133	19.59159	41.386499	27.646581	19.621507	47.175393	41.81955	19.608317	49.599951	29.246593	18.793442	60.100102	37.577402	20.944774	50.01689	36.2195	21.620284	36.949243	34.864245	21.994551
13.565212	10.459342	7.203525	15.564667	18.33424	13.423706	27.496067	12.974477	11.128007	28.612913	27.691226	16.687166	27.835466	34.337726	18.727389	38.433178	41.661232	19.633891	42.402406	27.682333	19.692984	48.109241	41.8755	19.795443	50.58829	29.312362	18.828366	61.082242	37.780137	21.006124	50.921211	36.348479	21.660398	37.931359	34.760867	22.197492
13.594767	10.560216	7.156768	15.865427	18.401652	13.314367	27.758635	12.915727	11.071615	29.536914	27.617697	16.850724	28.603594	34.237286	18.851524	39.341114	41.688237	19.623823	43.371278	27.694553	19.522141	49.036509	41.923429	19.912573	51.603525	29.3203	18.904608	61.833138	37.947688	21.012192	51.845325	36.419024	21.774548	38.872157	34.720751	22.178455
13.730418	10.547526	7.254767	16.269187	18.308201	13.447003	28.136323	12.791268	11.114451	30.484171	27.526428	16.873575	29.914758	34.305519	18.981642	40.251134	41.555847	19.940177	44.234539	27.619006	19.65868	49.943175	41.881746	20.063292	52.56304	29.378652	18.927681	62.940604	38.149236	20.959	52.843828	36.453586	21.82712	39.745805	34.591912	22.421619
13.803684	10.532835	7.310401	16.590046	18.233516	13.525453	28.406517	12.785008	10.997259	31.427957	27.440338	16.821644	30.915265	33.910395	19.300411	41.186771	41.494121	19.98668	45.242193	27.517971	19.781859	50.842547	41.911067	20.136279	53.510308	29.430049	18.876727	63.850735	38.208706	21.233207	53.828188	36.470404	21.81206	40.803189	34.629534	22.457728
13.950608	10.527975	7.437791	16.92074	18.23795	13.495858	28.682598	12.722892	10.848655	32.262774	27.339101	16.915522	32.178982	34.022127	19.315875	42.041014	41.386759	20.078046	46.219368	27.497543	19.800684	51.685643	41.860262	20.280113	54.499306	29.417794	18.881118	64.776517	38.333251	21.296464	54.761445	36.446611	21.964632	41.688175	34.461163	22.591881
14.028008	10.594115	7.411108	17.267529	18.122788	13.518075	29.028869	12.580681	10.912731	33.212337	27.175525	17.063914	33.136662	33.785695	19.340539	42.923725	41.223895	20.254545	47.200746	27.413532	19.711225	52.618891	41.813188	20.320368	55.464815	29.317916	18.987641	65.685842	38.41915	21.32397	55.67095	36.367942	22.124702	42.598151	34.296682	22.685232
14.087387	10.547831	7.417817	17.552228	18.024288	13.491382	29.428371	12.452149	10.950671	34.122347	27.055016	17.046996	34.295295	33.59291	19.017539	43.858947	41.101242	20.344696	48.164304	27.288892	19.759736	53.466947	41.79206	20.323243	56.408151	29.240183	19.044161	66.637163	38.469895	21.395161	56.5094	36.324267	22.143831	43.566631	34.213045	22.549871
14.176988	10.528123	7.428498	17.812419	17.926619	13.485798	29.741099	12.384013	10.955716	35.011624	26.9128	17.191219	35.269639	33.435996	19.377052	44.751422	41.00755	20.372287	49.135726	27.213654	19.632691	54.408575	41.750037	20.540064	57.346003	29.301188	18.962137	67.45973	38.539192	21.535658	57.383386	36.269341	22.227932	44.587795	34.06714	22.578411
14.300306	10.512589	7.441072	18.062228	17.858032	13.418685	30.041921	12.384173	10.851994	35.809516	26.852556	17.01801	36.013838	33.488465	19.281973	45.596137	40.894964	20.45188	50.06219	27.121921	19.582332	55.284758	41.635037	20.687049	58.275532	29.219963	18.990288	68.357598	38.690385	21.51217	58.366834	36.251559	22.196428	45.539108	33.969927	22.494887
14.352706	10.506732	7.432928	18.398144	17.807508	13.321733	30.30037	12.416454	10.740001	36.704257	26.715162	17.072775	36.718767	33.651944	18.990875	46.414698	40.807819	20.468013	50.907834	27.015439	19.667416	56.063201	41.600509	20.695603	59.182044	29.267142	18.684519	69.151419	38.772726	21.496151	59.37332	36.263896	22.210687	46.367851	33.823855	22.644049
14.440082	10.562788	7.383842	18.700216	17.836315	13.294432	30.612158	12.466819	10.678361	37.571984	26.612531	17.03257	37.534742	33.207919	19.011791	47.298852	40.723598	20.516081	51.751687	27.010991	19.515876	56.866403	41.625508	20.579942	60.083526	29.3392	18.630722	69.951216	38.914549	21.528841	60.098214	36.306003	22.026809	47.190518	33.769464	22.598771
14.579679	10.64907	7.524868	19.012846	17.794434	13.309207	31.000436	12.44778	10.579826	38.40504	26.547921	16.965323	38.683485	33.096475	19.512658	48.082346	40.614287	20.630504	52.698457	27.076311	19.246863	57.615964	41.626362	20.592145	60.894006	29.335364	18.596127	70.802561	39.088604	21.507334	60.959514	36.273705	22.143206	48.036403	33.700363	22.61
14.641481	10.784118	7.458229	19.376473	17.820249	13.308799	31.446473	12.472281	10.550064	39.20381	26.486358	16.912789	39.632542	32.984814	19.632385	48.868937	40.552134	20.636927	53.619829	26.984913	19.25663	58.3996	41.622593	20.650245	61.754798	29.352582	18.544586	71.565252	39.2596	21.267042	61.785229	36.318457	22.175453	48.871243	33.659312	22.537906
14.812035	10.793476	7.609843	19.774736	17.805412	13.361377	31.776708	12.543711	10.508961	39.984359	26.396926	16.988364	40.414351	32.698643	19.945894	49.668039	40.467538	20.727968	54.397388	26.970813	19.098236	59.195135	41.615101	20.641526	62.634696	29.486515	18.197471	72.372108	39.457109	21.126908	62.58721	36.39853	21.923966	49.767953	33.54518	22.529271
15.037702	10.776771	7.830485	20.121814	17.762185	13.380915	32.114134	12.613048	10.488469	40.742819	26.344819	16.938282	41.02737	33.103195	19.052546	50.379665	40.369857	20.814151	55.205435	26.933236	19.013231	59.88988	41.620818	20.637185	63.447729	29.483416	18.106371	73.10764	39.566373	21.058316	63.422849	36.378459	21.920583	50.660872	33.413162	22.545317
15.12699	10.90339	7.801799	20.459579	17.68686	13.543737	32.438866	12.638528	10.491853	41.555636	26.251159	17.025241	42.003172	33.039895	19.018703	50.980788	40.320927	20.745177	55.977775	26.929255	18.775024	60.659916	41.591637	20.62143	64.219093	29.463719	18.045652	73.844193	39.652011	20.931537	64.1739	36.40957	21.725729	51.562358	33.371295	22.479446
15.239789	11.013395	7.898924	20.775077	17.713062	13.571737	32.835796	12.702118	10.415082	42.278756	26.141889	16.996067	42.748681	32.74127	19.498381	51.866315	40.223586	20.829752	56.757678	26.847925	18.795035	61.379097	41.542113	20.592403	65.046185	29.412087	18.077935	74.646699	39.812885	20.7501	64.90068	36.374038	21.670268	52.290346	33.263046	22.520934
15.473018	10.98372	8.093568	21.123323	17.715294	13.615169	33.313124	12.748243	10.442174	42.98969	26.074987	17.038461	43.671752	32.762516	19.487046	52.554788	40.142409	20.886958	57.638494	26.822042	18.506744	62.124568	41.474979	20.617206	65.829989	29.436034	17.821465	75.339684	39.789676	20.859472	65.782997	36.333724	21.669463	53.057248	33.177561	22.521449
15.667105	10.983553	8.333162	21.505643	17.666205	13.704136	33.629221	12.880767	10.299633	43.736824	26.034671	17.015922	44.444682	32.800114	19.790272	53.365359	40.039577	20.856553	58.402751	26.803853	18.311124	62.882663	41.409547	20.616384	66.576683	29.460523	17.530682	76.126722	39.876556	20.580809	66.527876	36.33872	21.46683	53.867038	33.033866	22.413637
15.820878	11.060188	8.44079	21.851092	17.692308	13.748207	33.94372	12.993496	10.288055	44.44909	25.995491	17.020605	45.090356	32.873065	19.689256	54.105607	39.919917	20.995211	59.161093	26.774957	18.12898	63.598944	41.337956	20.551659	67.355561	29.438924	17.328911	76.820734	39.774771	20.644467	67.360121	36.325257	21.31917	54.727173	33.022701	22.301006
16.029807	11.174991	8.493227	22.146303	17.687571	13.801215	34.320517	13.10212	10.344185	45.196956	25.961193	17.041195	45.989598	32.584911	19.861505	54.891003	39.853774	21.019151	59.874857	26.693213	18.082591	64.2909	41.28984	20.539817	68.066317	29.371498	17.261369	77.583247	39.834859	20.279109	68.10477	36.231527	21.318296	55.381549	32.882505	22.437218
16.229002	11.286199	8.667326	22.503514	17.749677	13.875512	34.677324	13.248799	10.297182	45.871879	25.969932	16.984929	46.580008	32.645422	19.403975	55.63104	39.838182	21.008136	60.556107	26.530393	18.025485	65.010862	41.225152	20.49562	68.773417	29.328716	17.10056	78.153849	39.724625	20.260997	68.793322	36.095514	21.240742	56.0867	32.792424	22.482707
16.438538	11.488077	8.625566	22.893214	17.841987	13.856371	35.067528	13.390432	10.224571	46.489205	26.043813	16.892545	47.861995	32.229979	20.112651	56.383003	39.824476	20.981996	61.316137	26.536994	17.812151	65.797416	41.234322	20.356708	69.482611	29.250152	16.856684	78.985818	39.767871	20.033958	69.524624	36.121466	21.049499	56.880543	32.77121	22.42528
16.584846	11.651722	8.621094	23.245151	17.974399	13.839317	35.472431	13.562685	10.23687	47.071431	26.192442	16.691752	48.23451	32.478108	20.183125	57.181168	39.859915	20.944243	61.952904	26.534091	17.697935	66.515128	41.196718	20.361885	70.118256	29.270576	16.653555	79.672888	39.693817	20.012107	70.193347	36.140904	20.933609	57.433212	32.783711	22.280158
16.842375	11.7455	8.949378	23.565365	18.149341	13.823847	35.835661	13.7631	10.2777	47.684435	26.361526	16.607613	48.744557	32.720601	20.113673	57.875778	40.038207	20.884032	62.51641	26.566725	17.59881	67.053679	41.371334	20.371877	70.749712	29.306762	16.495537	80.439641	39.65757	19.808444	70.884802	36.176754	20.871329	58.142713	32.858376	22.215688
17.045887	12.007809	9.043064	23.907135	18.417258	13.820032	36.208695	14.047659	10.255088	48.210755	26.53486	16.432337	49.504029	32.869457	19.991451	58.48737	40.085576	20.908837	63.084953	26.624102	17.490543	67.628563	41.36938	20.396416	71.303345	29.337117	16.395037	81.064677	39.581661	19.865394	71.610239	36.124209	20.924948	58.783599	32.930161	22.201363
17.266853	12.401643	9.125656	24.281112	18.784055	13.793623	36.542079	14.384516	10.232812	48.783756	26.751984	16.400037	50.215798	32.921857	19.747785	59.11746	40.146273	20.915744	63.58959	26.643824	17.531845	68.32382	41.335042	20.519111	71.885599	29.287298	16.566502	81.655785	39.495182	19.987303	72.228368	36.03281	21.073796	59.472543	33.016817	22.189207
17.669535	12.833539	9.177971	24.610394	19.156218	13.869984	36.905758	14.692783	10.432783	49.381014	27.027448	16.224893	50.64745	33.141764	19.72376	59.778052	40.222287	20.91112	64.137273	26.64505	17.67061	69.007396	41.281547	20.658265	72.477549	29.324424	16.46137	82.332065	39.37114	20.144028	72.904768	36.067099	21.037302	60.0106	33.071151	22.213818
17.88417	13.27129	9.264877	24.965233	19.618304	13.808106	37.256162	15.093318	10.346359	49.867677	27.219061	16.18233	51.629793	33.667959	19.586153	60.505575	40.322294	20.880934	64.716668	26.704654	17.641936	69.701061	41.283138	20.641178	73.092962	29.219812	16.464116	83.035586	39.307636	20.20068	73.487883	36.002384	21.263384	60.622069	33.112673	22.320508
18.148415	13.701581	9.335394	25.256503	20.076267	13.74419	37.605011	15.499635	10.411074	50.428852	27.523486	16.082934	51.898221	33.811378	19.573084	61.208695	40.483772	20.798943	65.21053	26.766164	17.662585	70.434989	41.23423	20.790359	73.678191	29.177651	16.715488	83.719809	39.195315	20.407177	74.115655	35.978733	21.430971	61.139004	33.186845	22.346789
18.392669	14.203663	9.237633	25.508223	20.580181	13.635315	37.900265	15.932595	10.5514	50.916472	27.895763	15.92405	52.799976	34.223495	19.391558	61.93156	40.6552	20.803744	65.772116	26.859449	17.682231	71.211584	41.233024	20.93933	74.242896	29.157382	16.970161	84.402281	39.0995	20.697473	74.806655	35.947505	21.533492	61.776762	33.370893	22.308859
18.662838	14.695841	9.2189	25.777499	21.103692	13.536194	38.256185	16.375615	10.651101	51.533142	28.213288	15.731562	53.563302	34.468099	19.360021	62.622999	40.769874	20.797267	66.337615	26.919802	17.845842	71.915067	41.341049	20.940363	74.874892	29.149942	17.183028	85.112728	39.089377	20.677427	75.54603	35.976363	21.545101	62.443202	33.6065	22.227601
18.977645	15.198685	9.189725	26.206745	21.618042	13.479511	38.590307	16.78105	10.759007	52.19314	28.426584	15.770881	54.27408	34.805531	19.292224	63.412284	41.007266	20.601499	66.885997	26.982221	17.949547	72.675618	41.393085	20.906445	75.54875	29.197426	17.395269	85.940907	39.043546	20.779781	76.180291	36.033691	21.544842	63.134244	33.840398	22.195366
19.336464	15.573666	9.274445	26.70887	22.024576	13.287226	39.094706	17.089184	10.948123	52.813905	28.601119	15.682618	54.694522	35.080026	18.933499	64.17594	41.103652	20.543142	67.491151	27.142624	17.93307	73.501152	41.431927	20.986976	76.153995	29.147118	17.605954	86.685338	38.928519	20.933306	76.866043	36.038623	21.628839	63.873932	34.029291	22.162384
19.812948	15.85912	9.516807	27.273075	22.316272	13.292247	39.643033	17.3887	10.918042	53.507558	28.821412	15.541883	55.372725	35.243881	19.124083	64.939906	41.181012	20.633405	68.098084	27.153011	17.98191	74.226296	41.420139	21.008483	76.824174	29.046542	17.784412	87.464378	38.773406	21.155941	77.548134	35.922929	21.773694	64.574901	34.066208	22.179518
20.188547	16.182247	9.447661	27.833834	22.616765	13.179788	40.268818	17.635657	10.871167	54.141837	29.002601	15.521814	56.26227	35.282753	19.252951	65.684243	41.180557	20.730188	68.702711	27.187676	17.866637	74.966045	41.345173	21.172741	77.530469	29.045526	17.601338	88.146875	38.638132	21.23269	78.328382	35.84461	21.839015	65.351029	34.035623	22.256715
20.956296	16.452489	9.44003	28.495649	22.835822	13.290101	40.886387	17.851424	10.951711	54.846295	29.141075	15.410447	57.007468	35.522419	19.109489	66.392409	41.13332	20.932249	69.39246	27.205284	17.747943	75.71774	41.35766	21.234137	78.142171	29.071307	17.256487	88.799713	38.526256	21.27571	79.077857	35.803517	21.838768	66.020015	34.062518	22.201793
21.485435	16.755705	9.485564	29.078572	23.04366	13.314796	41.524902	18.047177	10.971107	55.489801	29.30631	15.343527	57.678709	35.705168	19.047395	67.214271	41.231107	20.926208	70.130445	27.200446	17.797551	76.466832	41.332656	21.343691	78.861957	29.077673	17.223657	89.677435	38.510757	21.300655	79.886678	35.827791	21.790891	66.771467	34.160517	22.046756
21.998068	16.984086	9.647164	29.821965	23.184096	13.333511	42.174123	18.199247	11.013797	56.173426	29.527385	15.333939	58.468107	35.695362	19.022286	68.017881	41.412395	20.894817	70.84541	27.275989	17.705887	77.279963	41.49459	21.283387	79.607471	29.182381	17.17551	90.555978	38.55932	21.31628	80.595524	35.898026	21.805693	67.428068	34.214767	22.092005
22.766854	17.108961	9.854182	30.530097	23.365932	13.355818	42.941549	18.36709	11.010575	56.97366	29.707407	15.479904	59.205038	35.962098	18.983252	68.749186	41.604546	20.843521	71.535295	27.501393	17.572877	78.088221	41.637147	21.31894	80.304876	29.359952	17.149438	91.30593	38.655296	21.328673	81.23096	36.068626	21.825809	68.232198	34.431611	22.086654
23.48745	17.346992	9.836571	31.414948	23.507025	13.471228	43.779387	18.530227	10.981002	57.759922	29.928756	15.516277	60.012151	36.183601	19.233123	69.583776	41.798795	20.874366	72.228647	27.699073	17.763831	78.935572	41.801946	21.330909	81.032365	29.557324	17.191929	92.040869	38.817073	21.288389	82.081355	36.201653	21.93791	68.972147	34.710212	22.065772
24.321849	17.43813	9.990126	32.242307	23.668691	13.521531	44.63173	18.645426	11.134244	58.546539	30.159584	15.54932	60.790817	36.465359	19.319215	70.396611	42.034716	20.834458	73.012311	27.930261	17.900889	79.728432	41.90642	21.472748	81.815059	29.721199	17.312637	92.882168	38.969778	21.355827	82.927021	36.420521	21.888191	69.815919	35.007946	22.128869
25.077182	17.592181	10.148701	33.247904	23.81408	13.615805	45.562476	18.765637	11.205498	59.294911	30.434085	15.551463	61.809208	36.796423	19.196377	71.266995	42.294297	20.772319	73.803514	28.069078	18.163503	80.478748	42.153662	21.385503	82.608314	29.88629	17.389383	93.721815	39.118719	21.265639	83.739585	36.643331	21.832578	70.605488	35.135726	22.344738
26.063153	17.926576	10.267167	34.26236	23.961817	13.737862	46.549896	18.869728	11.220041	60.096346	30.655331	15.763513	62.704615	37.178502	19.187785	72.102569	42.487973	20.836249	74.639723	28.286046	18.150365	81.3717	42.373407	21.353084	83.433864	30.047846	17.474079	94.464451	39.244693	21.402971	84.51824	36.773154	22.133962	71.452905	35.403793	22.207615
27.135986	18.110085	10.310837	35.39103	24.128658	13.804639	47.612122	18.859738	11.421539	60.961358	30.93225	15.625843	63.49253	37.561757	19.262688	72.877219	42.677744	20.903123	75.364422	28.519408	18.146828	82.19043	42.520066	21.446264	84.21837	30.22684	17.509031	95.38421	39.37888	21.475891	85.38675	36.979158	22.102546	72.316101	35.558969	22.357455
28.087759	18.35373	10.576759	36.625028	24.284581	13.935497	48.771201	18.897442	11.451841	61.706452	31.222531	15.512452	64.231955	37.861479	19.310655	73.762146	42.893803	20.908213	76.155897	28.702053	18.174518	83.043824	42.697097	21.481107	84.947924	30.409042	17.525524	96.164789	39.434362	21.458177	86.233822	37.161206	22.086466	72.978629	35.709223	22.416381
29.303435	18.754334	10.816894	38.012525	24.493097	14.016687	49.992872	18.881269	11.536666	62.518683	31.337413	15.825271	65.120843	37.919077	19.286223	74.592456	43.135862	20.818779	76.953242	28.882994	18.176448	83.894356	42.846107	21.584056	85.735084	30.526134	17.463586	96.998382	39.538026	21.514235	86.977439	37.260497	22.207992	74.086242	36.10635	22.05833
30.853737	18.963511	11.090577	39.447152	24.734114	14.107459	51.302691	18.874535	11.548233	63.352618	31.590627	15.68238	65.903884	38.179869	19.383791	75.448377	43.315568	20.90409	77.664687	29.110021	18.112044	84.758645	43.021103	21.614658	86.512393	30.715799	17.425921	97.759803	39.469312	21.792654	87.748291	37.369361	22.141926	74.831001	36.252149	22.188656
32.172989	19.399818	11.312919	41.032926	24.979352	14.309382	52.63029	18.89509	11.442939	64.17581	31.850751	15.523033	66.611771	38.341481	19.130382	76.317519	43.479878	21.010691	78.413357	29.178072	18.219694	85.594167	43.144991	21.752488	87.235933	30.893685	17.443527	98.536712	39.553254	21.850301	88.605566	37.494625	22.321651	75.612314	36.543456	22.111615
33.869614	19.807658	11.499002	42.633508	25.189363	14.697469	54.112031	18.879701	11.397246	64.916801	32.091453	15.525737	67.555808	38.650476	19.121425	77.161423	43.702659	20.972604	79.232123	29.429262	18.043399	86.44575	43.327186	21.76953	88.005119	30.968662	17.525038	99.401592	39.573231	21.983872	89.385395	37.725831	22.30475	76.336919	36.799101	22.171552
35.70226	20.189945	11.595296	44.371955	25.533608	14.692746	55.662116	18.969737	11.187459	65.765312	32.384272	15.231028	68.225878	38.85478	19.067839	77.948986	43.883053	21.022972	79.975358	29.697675	17.937281	87.264395	43.519531	21.797679	88.710047	31.204186	17.503564	100.12818	39.644093	22.074068	90.142397	37.87128	22.359917	77.149878	37.071065	21.977565
37.472621	20.401079	11.967575	46.187371	25.842806	14.858692	57.164763	18.998833	11.033681	66.600336	32.526835	15.381649	68.943398	39.10322	19.038853	78.737458	44.130629	20.95308	80.700123	29.93628	17.931427	88.124319	43.706337	21.866275	89.505799	31.376037	17.516167	101.00763	39.769014	22.150518	91.045845	38.0277	22.286595	78.059277	37.31857	21.888252
39.379322	20.753497	12.130949	48.027804	26.217537	14.881376	58.830517	19.114523	10.903024	67.449451	32.712148	15.367257	69.769604	39.412219	19.231976	79.564731	44.283609	21.074528	81.488601	30.160482	17.82254	88.983573	43.869895	21.911256	90.332365	31.522092	17.6156	101.79697	39.776061	22.263164	91.853898	38.194727	22.343017	78.970983	37.507549	21.939173
41.368434	21.062973	12.092124	49.949491	26.604792	14.967475	60.467923	19.213072	10.985961	68.294955	32.854321	15.293647	70.674216	39.454273	19.157104	80.406325	44.47478	21.061267	82.374766	30.376638	17.753736	89.827993	44.036776	21.891453	91.085206	31.631614	17.605681	102.581548	39.852761	22.368778	92.677791	38.286857	22.609285	79.748385	37.715316	21.859642
43.420349	21.212848	12.090197	51.811397	26.957017	14.951239	62.096294	19.397993	10.7127	69.152069	33.028473	15.295857	71.561962	39.674307	19.150562	81.2617	44.65868	21.069553	83.201842	30.558201	17.770315	90.677886	44.159775	21.94073	91.872856	31.857242	17.59561	103.460982	39.952828	22.413893	93.431931	38.388344	22.918887	80.596356	37.853093	21.997597
45.52552	21.481655	11.74279	53.609276	27.296083	14.998965	63.738292	19.548979	10.711594	70.015322	33.215008	15.26892	72.327108	39.880449	19.038231	82.141273	44.851541	21.036632	84.024539	30.73524	17.789213	91.588728	44.358875	21.926696	92.679265	31.998561	17.689426	104.350548	40.035954	22.359235	94.321393	38.657611	22.717172	81.518252	37.955681	21.965183
47.562442	21.345205	11.898292	55.353474	27.657442	14.980255	65.382632	19.7274	10.651	70.875505	33.420777	15.21017	73.397756	40.049627	18.955816	82.991577	45.050011	20.893692	84.844126	30.833356	17.78901	92.476949	44.544871	21.923685	93.508732	32.152119	17.702753	105.188472	40.047252	22.383421	95.040094	38.80113	22.676921	82.209033	38.084328	22.058993
49.547014	21.326406	11.819827	57.053112	27.991245	14.97198	67.04235	19.825388	10.940569	71.75049	33.611425	15.205705	74.117792	40.313774	19.046066	83.88426	45.221401	20.915039	85.68179	31.001066	17.854662	93.384079	44.712421	21.916729	94.350042	32.297669	17.679825	105.982546	40.060384	22.498865	95.880632	38.890562	22.642497	83.193729	38.375918	21.900266
51.873529	21.496282	11.618851	58.700028	28.283644	14.935396	68.637068	20.050465	11.011741	72.627949	33.837966	15.068291	74.929321	40.504571	18.970253	84.726156	45.398752	20.889891	86.502187	31.121442	18.060175	94.229497	44.880405	21.840017	95.050011	32.321978	17.899149	106.893792	40.058308	22.395542	96.749814	39.047094	22.663496	83.991831	38.562034	21.910843
53.995963	21.41634	11.360075	60.303069	28.523361	14.882366	70.302047	20.304116	11.021013	73.439802	34.008766	15.087657	75.810797	40.80136	18.764335	85.54306	45.563399	20.852836	87.315661	31.331091	17.937119	95.054127	45.00219	21.778765	95.809138	32.44088	17.865157	107.703483	40.008657	22.473713	97.625727	39.25884	22.485908	84.814393	38.781284	21.845382
55.771856	21.356243	11.14089	61.810458	28.745212	14.784377	71.879133	20.518973	11.095856	74.300712	34.228669	14.997191	76.661374	40.973979	18.628867	86.414188	45.726132	20.843272	88.066595	31.561279	17.832724	95.90281	45.115085	21.778229	96.590054	32.531128	17.939286	108.443247	39.96039	22.468244	98.376656	39.261038	22.569456	85.60211	38.936845	21.916177
58.047902	21.119062	11.005889	63.239863	28.895391	14.80072	73.392584	20.729738	11.333919	75.134427	34.417787	15.036889	77.540106	41.102371	18.70467	87.247476	45.876227	20.763028	88.833705	31.637362	17.867098	96.770545	45.240695	21.746068	97.368272	32.616046	18.003129	109.316168	40.000826	22.304457	99.268607	39.382689	22.438506	86.307046	39.140373	21.980475
59.907551	20.863188	10.747286	64.578814	29.008178	14.691933	74.893332	21.082836	11.347975	75.862371	34.597835	15.230663	78.29975	41.442631	19.062065	88.111077	46.098252	20.645792	89.614691	31.828185	17.832968	97.618406	45.381603	21.609246	98.075925	32.736661	17.991525	110.21632	40.055457	22.121319	100.090422	39.496563	22.482552	87.28069	39.446531	21.766089
62.24065	20.618568	10.537593	65.816035	29.091144	14.59515	76.350348	21.350164	11.525177	76.667681	34.837685	15.165493	79.23067	41.538543	18.965787	88.984271	46.306664	20.596449	90.349297	32.060028	17.798284	98.488376	45.580472	21.427039	98.816354	32.78632	18.003015	110.935289	40.034788	21.979963	100.909928	39.660519	22.398263	88.067668	39.541315	21.736199
64.105119	20.434018	10.232795	67.01835	29.111428	14.505115	77.849339	21.671804	11.809821	77.460303	35.083711	15.156624	79.713656	41.726127	18.910202	89.811618	46.506259	20.535875	90.999315	32.204738	17.783229	99.340603	45.721845	21.284633	99.588612	32.97795	17.88701	111.767395	40.039629	21.877118	101.723311	39.770369	22.296779	88.879462	39.777897	21.724361
65.961823	20.389802	9.954986	68.223722	29.046719	14.377878	79.281807	22.052241	11.987289	78.211949	35.33526	15.229023	80.423001	42.17376	18.658701	90.645931	46.752998	20.392169	91.699968	32.402837	17.901133	100.225361	45.928324	21.068466	100.256423	33.094461	17.816704	112.552288	40.084875	21.621122	102.438683	39.941637	22.148253	89.605624	40.075222	21.619385
67.826575	20.415566	9.616734	69.293861	28.935547	14.329117	80.70536	22.368772	12.256852	78.932086	35.580262	15.377866	81.408279	42.419661	18.698609	91.378172	46.953141	20.249007	92.479693	32.624457	17.911095	101.017847	46.044298	20.899089	100.953922	33.273055	17.842926	113.375486	40.15139	21.3405	103.226061	40.111766	22.005421	90.286189	40.353149	21.626384
69.722994	20.219879	9.529217	70.366382	28.825852	14.294101	82.070614	22.799904	12.402275	79.672564	35.844301	15.472871	82.248583	42.795639	18.763788	92.222846	47.222628	20.05847	93.249418	32.818963	17.995302	101.889522	46.236988	20.707255	101.741851	33.44422	17.757323	114.215954	40.205877	21.14224	104.093124	40.405846	21.606656	91.134338	40.710933	21.493536
71.593732	20.221566	9.193972	71.332812	28.763069	14.12217	83.395583	23.266775	12.572965	80.45217	36.064364	15.629597	83.001751	42.919104	18.916174	93.07617	47.485573	19.874167	93.920905	32.999274	18.217215	102.71282	46.406226	20.452101	102.352751	33.484446	17.982751	114.921359	40.258076	20.836142	104.762998	40.448622	21.592231	91.890412	40.935995	21.486949
73.182067	20.213417	9.039278	72.462598	28.79725	13.829729	84.630156	23.682258	12.781927	81.208306	36.245715	15.83802	83.626746	43.354077	18.830575	93.89788	47.705286	19.744917	94.637721	33.277386	18.076038	103.594429	46.577068	20.253846	103.079885	33.56179	17.891957	115.736027	40.384316	20.514306	105.490453	40.554591	21.515923	92.638403	41.095878	21.577145
75.040874	20.368681	8.628513	73.470702	28.727476	13.688632	85.81473	24.065661	12.93288	81.890289	36.462256	15.941549	84.374558	43.347117	18.832524	94.625478	47.846526	19.655698	95.383708	33.348059	18.320054	104.337312	46.639404	20.121725	103.743278	33.656144	17.828303	116.483422	40.378886	20.375639	106.383	40.75022	21.304185	93.391978	41.277627	21.57098
76.613415	20.536891	8.311105	74.511067	28.678591	13.615285	86.980354	24.373591	13.220076	82.5904	36.585921	16.257397	84.929917	43.321878	19.032247	95.27418	47.950537	19.593745	96.095309	33.419226	18.353639	104.997178	46.662187	20.104648	104.505194	33.788152	17.729117	117.239553	40.386498	20.287148	107.109854	40.765478	21.309691	94.205184	41.426588	21.660152
78.16029	20.885948	8.003766	75.545875	28.862586	13.125366	87.987888	24.690027	13.338668	83.260504	36.635535	16.449631	85.546235	43.435443	19.160689	95.899811	47.999831	19.658123	96.737464	33.488789	18.404029	105.74294	46.762511	20.044325	105.156853	33.860133	17.664124	117.96248	40.451109	20.116109	107.771931	40.840559	21.231183	94.923342	41.574146	21.541913
79.585746	21.181862	7.60157	76.457632	28.980764	12.977426	88.931005	24.870727	13.42757	83.990927	36.72711	16.585739	86.408475	43.578311	19.070099	96.628368	48.074848	19.810592	97.373646	33.555514	18.442368	106.403389	46.877671	20.025005	105.887405	33.899732	17.651437	118.695976	40.528892	20.086316	108.426103	40.861253	21.398949	95.474143	41.609348	21.602152
80.581295	21.453694	7.488568	77.320105	29.085132	12.747489	89.741106	24.881431	13.465582	84.696491	36.702015	16.754616	86.854714	43.558181	19.369423	97.397375	48.238719	19.774538	98.036754	33.630076	18.505891	107.059312	46.98301	20.064262	106.560901	34.021228	17.579618	119.294925	40.642532	19.964312	109.14005	40.938173	21.334037	96.089203	41.667111	21.665392
81.530938	21.888205	6.984467	78.057749	29.16727	12.680931	90.435419	24.825581	13.363934	85.423314	36.679303	16.857442	87.674799	43.69106	19.359721	97.986481	48.234856	19.990412	98.760629	33.748323	18.447489	107.606483	46.970583	20.364014	107.322831	34.117244	17.642164	120.027336	40.797655	19.939503	109.854815	40.999227	21.423606	96.898027	41.694359	21.981224
82.104761	22.282968	6.474634	78.752465	29.361046	12.522097	91.1513	24.904786	12.862198	86.093365	36.678718	16.931359	88.430562	43.853527	19.28555	98.648234	48.282295	20.099929	99.549625	33.810052	18.567718	108.333134	47.052106	20.429222	108.03687	34.275951	17.634649	120.72432	40.855163	20.0519	110.599707	41.132882	21.502999	97.534716	41.610643	22.111824
82.301737	22.628654	5.985819	79.440685	29.572178	12.474685	91.679759	24.811769	12.531907	86.810151	36.679195	16.862681	89.076673	43.622413	19.783118	99.26099	48.315594	20.226734	100.309321	33.797267	18.619278	109.021054	46.99803	20.655097	108.765517	34.265737	17.7766	121.457067	40.921594	20.171286	111.312603	41.160855	21.509058	98.236989	41.596116	22.112209
82.307103	23.150248	5.493155	79.954402	29.794019	12.346334	92.13704	24.690251	12.260088	87.536435	36.693408	16.809416	89.940868	43.916742	19.572688	99.936988	48.283336	20.560258	101.040172	33.834206	18.510801	109.754251	46.995104	20.836696	109.463166	34.248418	17.838568	122.182326	40.938577	20.215127	112.035924	41.132175	21.638836	98.95431	41.611425	22.235544
82.20754	23.305204	5.123654	80.358217	30.085813	12.179326	92.440223	24.637042	11.83634	88.194894	36.767267	16.739146	90.627891	43.766296	19.697308	100.621527	48.245687	20.76407	101.634577	33.840799	18.6182	110.39752	47.016129	20.973053	110.216703	34.253277	17.870029	122.841177	40.896045	20.465223	112.705967	41.171474	21.649654	99.498814	41.660077	22.20373
82.011556	23.486182	4.841347	80.698422	30.363311	12.090538	92.617828	24.612515	11.368466	88.859066	36.869923	16.731177	91.131422	43.666009	19.777475	101.372081	48.321607	20.864731	102.291015	33.947064	18.495739	111.053907	47.081238	21.031264	110.893241	34.306934	17.865564	123.569744	40.906741	20.519517	113.408081	41.124899	21.790099	100.265253	41.68515	22.245967
82.278414	23.530802	4.579185	81.006752	30.398567	12.139323	92.813854	24.629927	10.934343	89.586677	36.97123	16.670854	92.005179	43.811966	19.889777	102.038988	48.403488	20.853667	102.960705	34.040029	18.463937	111.809594	47.149176	21.00153	111.579455	34.456495	17.865364	124.271625	40.970075	20.642403	114.115404	41.126048	21.95858	101.002014	41.75901	22.287446
82.210757	23.387137	4.592588	81.322692	30.349453	12.015583	93.112771	24.512779	10.69845	90.32177	37.003303	16.631992	92.771671	43.935335	19.82116	102.692707	48.491173	20.780807	103.694955	34.176774	18.451996	112.548592	47.210037	21.024402	112.323456	34.458279	18.025567	124.961349	41.064266	20.729526	114.796634	41.239543	22.020524	101.743637	41.907298	22.329477
82.232185	23.329526	4.47812	81.659099	30.305344	11.87974	93.4196	24.273823	10.591465	91.02043	37.066765	16.533757	93.583523	44.034497	19.62918	103.42586	48.55896	20.716792	104.477265	34.194728	18.507672	113.237455	47.280797	21.039421	113.090214	34.575461	18.116951	125.662861	41.238444	20.884089	115.464319	41.416363	22.056603	102.384166	41.98189	22.256373
82.306655	23.249423	4.505402	82.115799	30.221374	11.935908	93.761762	24.068282	10.526765	91.768776	37.078006	16.420158	94.351957	44.017616	19.571849	104.190528	48.646183	20.661508	105.299721	34.349394	18.443569	113.878963	47.366489	21.052765	113.876625	34.64243	18.125053	126.40053	41.390419	21.032113	116.157876	41.450396	22.120387	103.031293	42.058925	22.225931
82.343892	23.253227	4.500695	82.515517	30.322677	11.868699	94.058176	23.89615	10.527155	92.52881	37.01534	16.449616	94.987554	44.044975	19.463293	104.913851	48.694694	20.54462	106.058715	34.334908	18.533171	114.561926	47.512484	21.012802	114.651399	34.81954	18.103307	127.134842	41.594077	21.09548	116.922281	41.580458	22.175001	103.740954	42.092634	22.253151
82.515615	23.305021	4.623861	82.995901	30.34072	11.905846	94.313867	23.695795	10.602845	93.262797	36.950103	16.426385	95.845092	43.993809	19.52858	105.607974	48.730943	20.48359	106.817468	34.282729	18.710687	115.201247	47.612049	21.011372	115.425977	34.889147	18.26894	127.862454	41.765377	21.243811	117.605529	41.672216	22.198223	104.515746	42.122974	22.191607
82.692116	23.341501	4.712521	83.461463	30.339735	11.937488	94.681651	23.455699	10.467246	94.0218	36.925653	16.328142	96.498873	43.840074	19.553814	106.227256	48.680868	20.589084	107.645774	34.378539	18.688593	115.801238	47.651644	21.065838	116.210882	34.891217	18.409213	128.516702	41.856812	21.491946	118.274194	41.760518	22.259658	105.220103	42.043584	22.323348
82.692116	23.341501	4.712521	83.787743	30.274208	12.007439	94.99971	23.23311	10.50906	94.764051	36.822582	16.49051	97.172139	43.744711	19.666549	106.971142	48.660988	20.599285	108.386539	34.327481	18.801494	116.549872	47.644887	21.106089	116.980212	34.884313	18.465247	129.216318	41.829239	21.670076	119.014946	41.788966	22.348718	106.06584	42.05682	22.275802
82.840969	23.461622	4.821467	84.110554	30.222011	12.083522	95.415034	23.126864	10.262597	95.459285	36.815764	16.455133	98.021446	43.811478	19.475028	107.728835	48.626837	20.62921	109.158928	34.286211	18.848704	117.330929	47.625036	21.11898	117.737648	34.852286	18.560932	129.963405	41.78539	21.813537	119.718298	41.718188	22.464216	106.811866	42.022671	22.254592
82.840969	23.461622	4.821467	84.419133	30.261957	12.117816	95.636373	22.993742	10.297969	96.235183	36.753869	16.464646	98.793019	43.907318	19.488074	108.472921	48.566501	20.656075	109.781942	34.255055	18.934979	118.088489	47.509948	21.280877	118.478452	34.810929	18.805976	130.680573	41.701446	21.971067	120.428026	41.612975	22.606871	107.589515	41.981148	22.220559
82.872546	23.438805	4.875436	84.853757	30.291871	12.111005	95.853483	22.873634	10.259419	97.014354	36.773441	16.210494	99.476028	43.761508	19.575144	109.25245	48.494002	20.698239	110.55944	34.194182	18.943377	118.825935	47.416059	21.337831	119.243979	34.736922	18.875635	131.371875	41.568465	22.208637	121.237925	41.53862	22.71252	108.30011	41.811412	22.454045
82.870902	23.42062	4.944438	85.098108	30.216507	12.197635	95.970482	22.777257	10.282572	97.709744	36.664211	16.286654	100.402643	43.617023	19.464768	109.985726	48.362994	20.82738	111.281185	34.095758	19.027297	119.528834	47.272776	21.481392	119.972354	34.620638	19.019373	132.075572	41.457589	22.41788	121.971877	41.436346	22.81606	109.010403	41.719021	22.469884
82.870079	23.411528	4.978936	85.323785	30.144528	12.246716	96.128398	22.59181	10.284029	98.414635	36.52787	16.253955	101.050618	43.501558	19.41807	110.753976	48.268949	20.839186	112.017955	34.004777	19.00894	120.244425	47.16895	21.52617	120.725413	34.513148	19.128855	132.808862	41.396133	22.687462	122.668123	41.294992	22.994966	109.811097	41.647785	22.519497
82.877118	23.407754	4.995225	85.591001	30.130879	12.149424	96.365591	22.491336	10.259241	99.034382	36.468819	16.291384	101.804564	43.441254	19.570156	111.482431	48.140687	20.826633	112.689095	33.772601	19.217997	120.955621	47.063757	21.591017	121.390343	34.280677	19.449842	133.486425	41.298229	22.896989	123.347527	41.183407	23.072254	110.486316	41.543383	22.559378
83.076392	23.496166	5.07193	85.856861	30.170125	12.148027	96.613192	22.442454	10.092404	99.774855	36.39492	16.244279	102.553564	43.459577	19.311781	112.164779	48.001965	20.892845	113.384049	33.670165	19.299117	121.642071	46.951995	21.662727	122.098102	34.178713	19.521297	134.077825	41.234176	23.075984	123.99399	41.058661	23.154098	111.160586	41.426624	22.594453
83.083844	23.496947	5.07096	86.178162	30.141615	12.124532	96.850285	22.361244	10.097684	100.44186	36.26189	16.158336	103.293524	43.30779	19.293867	112.83747	47.915195	20.868979	114.134622	33.579238	19.323834	122.240355	46.762245	21.843912	122.741662	34.095068	19.577309	134.697609	41.126697	23.250787	124.626118	40.959239	23.157467	111.821335	41.323957	22.513694
83.171331	23.509018	5.100304	86.443503	30.184806	12.121705	97.123497	22.324798	9.969267	101.085031	36.213982	16.165177	103.994739	43.23444	19.172749	113.554559	47.814763	20.781678	114.722397	33.465419	19.250417	122.927659	46.608894	21.93568	123.436699	33.94959	19.703604	135.366535	41.050155	23.427677	125.371384	40.878558	23.223119	112.393452	41.251244	22.315528
83.223283	23.556975	5.104631	86.693358	30.143985	12.13239	97.41529	22.337397	9.877538	101.752676	36.118197	16.151578	104.804998	43.113188	19.206097	114.248497	47.715812	20.768526	115.331325	33.421718	19.279027	123.620385	46.49715	21.927101	124.123061	33.813802	19.682837	136.021843	40.987907	23.6528	125.976853	40.732125	23.359734	113.160455	41.171683	22.326855
83.24837	23.567439	5.244517	86.91583	30.09321	12.161205	97.613311	22.273939	9.891609	102.441208	36.009169	16.034542	105.516536	42.965393	19.129492	115.024785	47.661167	20.666423	116.047177	33.290521	19.392495	124.282726	46.414174	21.870412	124.838274	33.715706	19.680346	136.723926	40.963993	23.600087	126.623505	40.623416	23.440457	113.874647	41.034961	22.456541
83.316013	23.587558	5.320839	87.153362	30.080431	12.138246	97.865025	22.233882	9.852577	103.099137	36.025371	15.885337	106.236272	42.834099	19.042981	115.713405	47.476027	20.762727	116.705851	33.102718	19.35292	124.995085	46.277924	21.931304	125.544738	33.556498	19.771279	137.461896	40.949466	23.545662	127.371862	40.500198	23.426495	114.651919	40.978134	22.359213
83.406933	23.559337	5.328335	87.409228	30.113536	12.124871	98.102942	22.21705	9.749564	103.757052	35.984907	15.864024	106.801304	42.778991	19.202847	116.376252	47.376302	20.797049	117.49227	33.040782	19.25475	125.689654	46.101591	21.968931	126.298657	33.42405	19.707463	138.211213	40.99603	23.431956	128.099315	40.379461	23.481413	115.338218	40.753709	22.38477
83.459543	23.559201	5.436079	87.658377	30.083459	12.131528	98.355722	22.210779	9.749257	104.44883	35.907619	15.868811	107.406355	42.684958	19.22655	117.074519	47.204685	20.8823	118.1941	32.895522	19.346505	126.386669	46.022285	22.007652	127.008374	33.302923	19.777319	138.89443	40.906136	23.471669	128.838668	40.312616	23.354867	116.149788	40.578921	22.405267
83.56252	23.705616	5.511048	87.920111	30.124826	12.153897	98.618615	22.25191	9.705545	105.168565	35.781972	15.868776	108.207323	42.369928	19.242602	117.777559	47.096172	20.92319	118.905026	32.696367	19.388566	127.000772	45.906419	22.129494	127.777112	33.190259	19.76694	139.582829	40.880732	23.348806	129.535636	40.167358	23.316926	116.818315	40.431198	22.451215
83.618217	23.72191	5.639816	88.16023	30.083148	12.239004	98.923385	22.351766	9.595678	105.851023	35.709466	15.908205	108.85124	42.251072	19.441142	118.492378	46.977777	20.999235	119.64283	32.613122	19.339657	127.617808	45.833217	22.119146	128.474767	33.050261	19.728477	140.279719	40.854943	23.309296	130.340915	40.100543	23.341879	117.595092	40.340037	22.489986
83.699173	23.687986	5.793893	88.453367	30.122393	12.28118	99.156081	22.364485	9.550519	106.600136	35.653121	15.893127	109.720919	42.099982	19.577713	119.141482	46.84812	21.126531	120.434072	32.51761	19.299214	128.276965	45.729477	22.105525	129.259485	33.010968	19.566642	140.924687	40.796447	23.272719	130.992915	40.044731	23.277801	118.328039	40.224324	22.570518
83.782907	23.695023	6.012928	88.699238	30.092608	12.359938	99.439485	22.454673	9.512743	107.210966	35.577144	15.94639	110.280063	42.029791	19.964523	119.810042	46.739711	21.08517	121.094123	32.319277	19.323322	129.020467	45.650147	22.108202	129.965187	32.991288	19.413628	141.683653	40.892291	23.142358	131.662369	39.894617	23.179829	118.973057	40.0456	22.709551
84.025547	23.853086	6.131735	88.872167	30.073164	12.426729	99.649344	22.511338	9.484781	107.892302	35.424717	16.003849	111.17202	41.976987	19.995437	120.47256	46.551895	21.300816	121.802011	32.127276	19.250675	129.707571	45.551801	22.107098	130.683713	32.841144	19.33345	142.290898	40.81207	23.109769	132.408841	39.803625	23.17205	119.711108	39.894385	22.577521
84.071723	23.832405	6.143085	89.051377	30.100416	12.447876	99.920569	22.573881	9.527131	108.610489	35.3422	16.014979	111.902023	41.787541	19.941923	121.146192	46.433221	21.395605	122.563843	32.061517	19.132256	130.313294	45.445467	22.152299	131.436994	32.772093	19.251671	143.061349	40.843668	22.943689	133.203449	39.706872	23.190117	120.331362	39.696715	22.666427
84.207326	23.930317	6.199947	89.286906	30.057148	12.533037	100.16749	22.634834	9.533736	109.242776	35.248554	16.150583	112.428202	41.702796	20.245658	121.882634	46.335183	21.331973	123.3607	31.99989	18.968792	130.941264	45.379913	22.122885	132.231844	32.743508	18.985926	143.735947	40.842242	22.903372	133.966933	39.609702	23.009107	121.162387	39.640534	22.588469
84.277171	23.91338	6.330508	89.545466	30.011422	12.666739	100.473978	22.675159	9.49654	109.969645	35.152325	16.109901	113.249706	41.644921	20.268227	122.595865	46.184167	21.444034	124.087699	31.816341	18.807767	131.657454	45.277102	22.023304	133.001187	32.605411	18.817081	144.56155	40.880595	22.70448	134.75318	39.539355	22.721021	121.903672	39.511416	22.668749
84.348717	23.908824	6.458869	89.813925	30.059416	12.671627	100.799113	22.799317	9.391907	110.655741	34.968303	16.229285	114.092699	41.361033	20.17845	123.346655	46.07796	21.476579	124.844521	31.627359	18.696303	132.418956	45.239543	21.853078	133.715167	32.430027	18.726205	145.165252	40.810285	22.581207	135.470333	39.517607	22.575107	122.651661	39.365818	22.733609
84.47397	24.047632	6.526079	90.124707	30.096016	12.720075	101.089858	22.895323	9.397522	111.427515	34.880908	16.239334	114.795474	41.29065	20.183954	124.095473	45.963962	21.500054	125.646276	31.570893	18.479904	133.131563	45.087073	21.926136	134.555756	32.434312	18.334523	145.957677	40.824833	22.333712	136.211518	39.435106	22.416431	123.525179	39.274452	22.467502
84.621946	24.105231	6.655562	90.386014	30.104809	12.725625	101.400262	23.004045	9.383797	112.197002	34.802746	16.204821	115.489583	41.328692	20.346632	124.823916	45.798507	21.46267	126.452182	31.491497	18.380628	133.891726	45.00198	21.787645	135.362792	32.361797	18.252841	146.732235	40.823099	22.12418	137.018551	39.307099	22.262079	124.221754	39.0238	22.403979
84.717556	24.15342	6.802916	90.722736	30.153286	12.770319	101.752745	23.064816	9.407328	112.943225	34.705253	16.233036	116.482373	41.079361	20.328177	125.627686	45.702482	21.427154	127.27072	31.476005	18.117993	134.695132	44.943671	21.690874	136.24212	32.385866	17.921509	147.552523	40.8555	21.919617	137.902339	39.326853	21.985897	125.180614	38.904292	22.335198
84.877334	24.170593	6.961173	91.017035	30.120952	12.923038	102.140485	23.18647	9.422789	113.734596	34.618924	16.151301	117.124128	41.021731	20.223059	126.424523	45.625633	21.437651	128.070419	31.460908	17.911645	135.507014	44.903263	21.60977	137.102252	32.396296	17.622099	148.381451	40.876749	21.7688	138.660064	39.222184	22.030685	126.027476	38.775559	22.281002
85.031456	24.258152	7.061376	91.294822	30.201227	12.906593	102.586157	23.268067	9.48296	114.468877	34.552622	16.209833	118.113853	40.753541	20.225311	127.220581	45.576241	21.388792	128.828386	31.279598	17.865823	136.286519	44.842504	21.558902	137.873534	32.332544	17.559465	149.09347	40.911686	21.369492	139.46608	39.189887	21.914442	126.922513	38.757979	22.207195
85.151614	24.345367	7.155873	91.649096	30.276468	12.980148	102.948512	23.399996	9.578197	115.18305	34.455765	16.44143	118.897427	40.782125	20.313174	127.955596	45.469861	21.474931	129.574016	31.215278	17.852628	136.998948	44.7324	21.622576	138.62666	32.15855	17.475589	149.989691	40.91121	21.323598	140.185183	39.101287	21.90868	127.638965	38.664888	22.254921
85.514595	24.516638	7.349639	91.983031	30.355426	13.092287	103.294203	23.575058	9.595304	115.973399	34.491283	16.384467	119.447283	40.743702	20.536796	128.714669	45.408899	21.497754	130.362792	31.177947	17.782706	137.755717	44.625001	21.62793	139.381232	32.1085	17.460021	150.664039	40.744766	21.49239	140.969795	38.966996	21.904931	128.302214	38.57467	22.279891
85.671461	24.512947	7.540693	92.277129	30.479418	13.095281	103.664573	23.781175	9.718373	116.670896	34.624469	16.241231	120.352962	40.908071	20.503885	129.465778	45.317856	21.583937	131.112879	31.15028	17.65208	138.550518	44.558494	21.59048	140.103372	32.023153	17.487707	151.526667	40.715203	21.375206	141.769679	38.915288	21.838517	129.168508	38.528128	22.425591