5.774837	57.505216	3.270304	14.495953	52.57328	8.843082	11.975176	74.191734	8.383194	21.263427	57.37566	10.707462	27.832385	59.369579	14.650982	29.3918	96.041571	26.800765	27.512548	69.635946	23.106857	11.48092	59.419966	-1.518713
5.698535	57.468711	3.322365	14.567716	52.603013	8.769291	12.056138	74.112512	8.407885	21.025185	57.278815	10.724917	27.787408	59.390278	14.715622	29.429653	95.939808	26.734767	27.575987	69.624182	23.04937	11.435269	59.489519	-1.455572
5.693558	57.466023	3.320569	14.567035	52.594174	8.771308	12.03627	74.087531	8.417106	20.91006	57.273867	10.745352	27.787389	59.383603	14.712173	29.34497	95.9201	26.775358	27.555543	69.604461	23.050653	11.435234	59.481335	-1.476223
5.684462	57.459995	3.311917	14.566031	52.582886	8.773335	12.012248	74.040734	8.42062	20.887616	57.234946	10.74127	27.784474	59.37585	14.707502	29.228542	95.822621	26.805532	27.537544	69.583233	23.051531	11.427883	59.476906	-1.496453
5.676708	57.458295	3.31078	14.566906	52.570721	8.773243	11.982937	74.01174	8.432015	20.892283	57.189248	10.725685	27.784589	59.370481	14.704057	29.194803	95.821087	26.867244	27.522131	69.559838	23.051994	11.421533	59.475143	-1.528092
5.67173	57.455608	3.308984	14.567203	52.556587	8.768392	11.95365	73.980246	8.445277	20.886284	57.177604	10.723442	27.784005	59.363141	14.698921	29.043164	95.813461	26.929817	27.502189	69.495778	23.040157	11.412679	59.471308	-1.566851
5.663512	57.45387	3.304838	14.567339	52.541229	8.763547	11.861218	73.96949	8.477251	20.881624	57.168446	10.724432	27.783645	59.355833	14.695481	29.013076	95.798225	26.955392	27.488609	69.481126	23.045826	11.407044	59.460398	-1.582585
5.65871	57.456124	3.304558	14.585021	52.509242	8.753976	11.847219	73.958667	8.488477	20.87688	57.161233	10.725436	27.786389	59.348931	14.693253	28.985877	95.783007	26.9824	27.488175	69.449907	23.049689	11.388379	59.448332	-1.588295
5.648509	57.453559	3.305574	14.584103	52.496638	8.749199	11.841369	73.947424	8.501137	20.869373	57.153571	10.723683	27.783564	59.339903	14.690276	28.952842	95.77575	27.024568	27.460627	69.438815	23.057405	11.380476	59.434276	-1.598311
5.642966	57.453412	3.302308	14.568109	52.442189	8.717262	11.8294	73.936499	8.510253	20.868081	57.14265	10.722448	27.781528	59.331571	14.690684	28.909176	95.786137	27.105803	27.356336	69.428655	23.075296	11.337213	59.431432	-1.59778
5.630078	57.456525	3.300927	14.560495	52.439316	8.717336	11.824746	73.925705	8.516104	20.867102	57.129103	10.721186	27.779983	59.319913	14.691055	28.778838	95.770456	27.151007	27.343186	69.405166	23.07883	11.275396	59.431888	-1.594012
5.616538	57.45678	3.299605	14.556292	52.436692	8.719991	11.811383	73.90105	8.520545	20.913461	57.084204	10.710999	27.79161	59.297219	14.692758	28.756863	95.751836	27.177281	27.320281	69.337416	23.069108	11.236394	59.431241	-1.594727
5.598287	57.458834	3.301047	14.54966	52.432479	8.723194	11.805698	73.872105	8.541127	20.902753	57.056909	10.704387	27.780585	59.246897	14.650631	28.725754	95.734148	27.212024	27.306437	69.322227	23.079963	11.222417	59.429664	-1.605234
5.581886	57.454681	3.301913	14.541281	52.426732	8.73169	11.798643	73.84767	8.602671	20.884044	56.981954	10.659722	27.759478	59.180463	14.568269	28.688038	95.742055	27.279798	27.28566	69.30442	23.09715	11.20587	59.429337	-1.619733
5.519945	57.459666	3.307713	14.541116	52.416934	8.743243	11.777167	73.821673	8.617127	20.874189	56.967513	10.614471	27.749452	59.131128	14.539763	28.554328	95.735813	27.359307	27.254872	69.276872	23.11929	11.193756	59.430066	-1.643284
5.518896	57.449733	3.300172	14.547028	52.408783	8.753626	11.743501	73.783598	8.632722	20.873656	56.947456	10.605787	27.748922	59.120642	14.539721	28.520697	95.716135	27.394346	27.200961	69.249662	23.14327	11.193962	59.422494	-1.654197
5.512067	57.440469	3.234808	14.554784	52.404594	8.757125	11.62942	73.718964	8.66625	20.877698	56.920535	10.597689	27.753369	59.116171	14.53706	28.470896	95.714542	27.445971	27.084977	69.189698	23.151682	11.193407	59.407795	-1.664626
5.514767	57.432673	3.232623	14.559124	52.404499	8.756463	11.612769	73.694521	8.678002	20.875678	56.868715	10.5902	27.760579	59.11744	14.537355	28.312308	95.741677	27.555715	27.077606	69.167	23.177821	11.196199	59.393386	-1.672702
5.520044	57.428336	3.231327	14.568098	52.403221	8.754704	11.601144	73.681606	8.687062	20.885104	56.861254	10.588094	27.7654	59.120981	14.539839	28.157906	95.724244	27.611292	27.055788	69.173974	23.221767	11.196633	59.385838	-1.682082
5.525463	57.424472	3.228492	14.57391	52.405557	8.753552	11.594473	73.672308	8.696611	20.88966	56.858836	10.587055	27.770086	59.123216	14.542321	28.079495	95.709518	27.657951	27.029482	69.176823	23.271628	11.195681	59.381922	-1.689758
5.524909	57.419748	3.228539	14.579068	52.40734	8.75084	11.587143	73.664131	8.701446	20.890699	56.85551	10.584947	27.772021	59.120417	14.543554	28.026107	95.651931	27.710062	26.98862	69.167231	23.295458	11.190148	59.376001	-1.694584
5.532316	57.410861	3.225114	14.584696	52.404608	8.748086	11.577656	73.64868	8.709977	20.895113	56.851122	10.58226	27.774253	59.115669	14.546469	27.94742	95.653712	27.797598	26.860902	69.158782	23.332712	11.189303	59.372582	-1.703827
5.531961	57.358326	3.218194	14.584713	52.400056	8.744879	11.567677	73.628245	8.716952	20.894302	56.84604	10.580635	27.77403	59.10394	14.549816	27.812507	95.629103	27.848192	26.835742	69.136967	23.359225	11.186874	59.364532	-1.706276
5.529286	57.356737	3.217316	14.588178	52.395046	8.742656	11.553767	73.602057	8.732895	20.888565	56.842087	10.578417	27.771653	59.08925	14.557018	27.655997	95.596167	27.917229	26.809587	69.121447	23.393037	11.184112	59.359327	-1.71491
5.52982	57.349732	3.215732	14.588892	52.385999	8.740989	11.53925	73.564627	8.765119	20.888214	56.835644	10.57676	27.767318	59.07022	14.566352	27.61736	95.602509	28.01513	26.759987	69.022181	23.390477	11.179367	59.355658	-1.71982
5.616802	57.30717	3.194046	14.590865	52.374713	8.73765	11.522794	73.541118	8.827179	20.882431	56.824036	10.576157	27.761642	59.045276	14.572294	27.587306	95.5683	28.054844	26.618081	68.91855	23.398644	11.176619	59.351165	-1.7269
5.648578	57.297552	3.184748	14.606693	52.351992	8.735016	11.500034	73.52068	8.843647	20.875251	56.802293	10.573939	27.756124	59.017079	14.579914	27.551991	95.535458	28.113086	26.593214	68.804614	23.397547	11.177203	59.344567	-1.730071
5.64313	57.296245	3.183002	14.605267	52.344511	8.735487	11.430646	73.49262	8.86904	20.866306	56.765385	10.57175	27.74773	58.97293	14.573914	27.515876	95.475496	28.199849	26.593307	68.760691	23.453959	11.175057	59.34444	-1.734105
5.642956	57.291304	3.181487	14.605719	52.336152	8.733839	11.426973	73.472439	8.879531	20.856389	56.722139	10.56794	27.745821	58.942515	14.584411	27.385046	95.430667	28.26016	26.589997	68.749746	23.531749	11.17456	59.342255	-1.741828
5.638022	57.29167	3.179695	14.604131	52.327447	8.734316	11.426133	73.443552	8.894187	20.854107	56.715886	10.56678	27.748389	58.903535	14.587111	27.374822	95.371324	28.322811	26.583362	68.719934	23.571228	11.177809	59.351176	-1.751909
5.632994	57.288056	3.182486	14.601892	52.318187	8.733232	11.427218	73.40528	8.908319	20.849125	56.713103	10.564527	27.754871	58.860383	14.594369	27.363204	95.302201	28.397324	26.585101	68.704303	23.6537	11.180632	59.342808	-1.751057
5.627037	57.284367	3.17926	14.600106	52.308965	8.735313	11.437396	73.383342	8.925434	20.843692	56.710269	10.559005	27.778274	58.793968	14.582848	27.346089	95.260877	28.438588	26.598061	68.664474	23.718879	11.183625	59.346914	-1.759555
5.624738	57.283271	3.178347	14.596871	52.292859	8.731072	11.447015	73.366642	8.952486	22.192675	56.338456	10.278037	27.781488	58.759636	14.588959	27.329618	95.217943	28.486708	26.597528	68.641032	23.764504	11.183061	59.336118	-1.765715
5.621554	57.279301	3.175988	14.595787	52.270844	8.726274	11.465816	73.345726	9.003492	23.155354	56.056436	10.069995	27.780801	58.718951	14.590447	27.321538	95.121422	28.559656	26.608244	68.650639	23.870477	11.181314	59.331506	-1.769789
5.618884	57.277005	3.173583	14.586732	52.214986	8.699482	11.470565	73.320487	9.013789	21.323899	56.403669	10.43007	27.785053	58.686753	14.605054	27.301597	95.088746	28.599577	26.614189	68.615488	23.910034	11.188967	59.315675	-1.775666
5.61875	57.275116	3.172068	14.567996	52.178041	8.600385	11.478367	73.282836	9.021839	21.283111	56.411543	10.382752	27.783111	58.634996	14.58569	27.196386	95.052448	28.636894	26.630252	68.586256	23.964274	11.202602	59.295564	-1.778319
5.616179	57.27095	3.169651	14.532116	52.056899	8.441038	11.498845	73.232291	9.025448	21.291182	56.422402	10.341405	27.791374	58.598725	14.587429	27.187701	95.004675	28.66443	26.642527	68.589193	24.054024	11.215253	59.284267	-1.782831
5.615911	57.267173	3.166621	14.497193	51.93378	8.283318	11.525524	73.210539	9.026008	21.372486	56.398702	10.31979	27.804414	58.557903	14.58479	27.180266	94.920961	28.679128	26.640533	68.559538	24.087584	10.782411	59.504267	-1.683489
5.610088	57.265373	3.164911	14.478793	51.813583	8.142583	11.59588	73.189042	9.018554	21.38638	56.387283	10.313728	27.831352	58.511361	14.588595	27.178073	94.891217	28.726602	26.633107	68.477179	24.094956	10.828724	59.533848	-1.703586
5.602006	57.265529	3.162288	14.438356	51.688704	7.977807	11.601602	73.175006	9.022109	21.385806	56.380807	10.310433	27.826295	58.469527	14.582098	27.172281	94.873042	28.777108	26.630938	68.388126	24.105279	10.862576	59.526742	-1.715551
5.593745	57.261452	3.159678	14.39359	51.557077	7.813796	11.604835	73.162379	9.026226	21.387228	56.376645	10.304997	27.82149	58.443772	14.584593	27.161967	94.852951	28.794393	26.605961	68.266736	24.082656	10.866049	59.520389	-1.719436
5.585762	57.259738	3.157045	14.449489	52.029179	7.7787	11.600034	73.147758	9.030472	21.386288	56.365131	10.303348	27.81328	58.420278	14.585905	27.148559	94.821952	28.80671	26.567127	68.146246	24.056841	10.866237	59.519957	-1.725672
5.569597	57.254907	3.157898	14.446238	52.024465	7.806213	11.596989	73.128474	9.029436	21.382964	56.341566	10.296828	27.808168	58.401738	14.586749	27.132358	94.759099	28.812285	26.451718	68.030944	24.037563	10.865939	59.516373	-1.734962
5.511117	57.26555	3.164545	14.447559	52.025174	7.820881	11.592153	73.104428	9.033658	21.374883	56.284997	10.283825	27.802609	58.383137	14.584201	27.113083	94.743456	28.821842	26.427591	67.909975	23.985015	10.8676	59.507048	-1.736697
5.50516	57.261864	3.161323	14.441873	52.016387	7.818844	11.585723	73.072777	9.030046	21.373242	56.278568	10.27729	27.803008	58.369388	14.587513	27.088929	94.732591	28.833863	26.401449	67.791333	23.917052	10.86989	59.496626	-1.743162
5.499441	57.257489	3.158078	14.440246	52.012732	7.819348	11.575687	73.056422	9.032235	21.372122	56.274696	10.272387	27.567724	57.814209	14.920009	26.969085	94.726947	28.862449	26.405888	67.764803	23.930839	10.865696	59.47514	-1.744218
5.497241	57.254524	3.157155	14.441046	52.010662	7.819295	11.567922	73.044903	9.032308	21.373464	56.271775	10.265313	27.541502	57.846325	14.944053	26.957084	94.700599	28.875684	26.399792	67.759005	23.940534	10.866598	59.468353	-1.748976
5.491655	57.252037	3.155425	14.441418	52.00806	7.819265	11.563694	73.036893	9.034916	21.374348	56.26951	10.256618	27.569232	57.838527	14.930291	26.943844	94.699179	28.891703	26.395738	67.752312	23.948121	10.866768	59.465528	-1.753655
5.491566	57.252492	3.152384	14.441725	52.006662	7.817651	11.563864	73.015388	9.035131	21.377546	56.266931	10.245754	27.56844	57.839953	14.932028	26.930846	94.697824	28.909468	26.391493	67.748873	23.954018	10.867075	59.464623	-1.756795
5.488382	57.248524	3.150028	14.444135	52.004405	7.815491	11.56154	73.012457	9.037258	21.377616	56.262618	10.230498	27.571199	57.839713	14.933248	26.923917	94.709549	28.972726	26.389588	67.748491	23.957834	10.866819	59.463175	-1.761428
5.481685	57.248415	3.084693	14.444135	52.004405	7.815491	11.558973	73.008112	9.036215	21.368925	56.243047	10.166191	27.573294	57.840088	14.931089	26.909614	94.713904	28.98178	26.387374	67.749427	23.961667	10.866562	59.460047	-1.762953
5.482115	57.244694	3.086174	14.446828	52.005301	7.814915	11.558852	73.007405	9.034631	21.370632	56.242124	10.162403	27.575753	57.841796	14.930628	26.895167	94.718153	28.989123	26.384789	67.751603	23.962075	10.866456	59.461231	-1.764495
5.479203	57.243796	3.085321	14.449627	52.004284	7.814327	11.564561	73.006465	9.036629	21.375175	56.243441	10.158078	27.575453	57.843744	14.928947	26.884987	94.724878	28.990544	26.386459	67.751947	23.956542	10.86632	59.459311	-1.766034
5.484285	57.243195	3.084044	14.452158	52.003958	7.813758	11.569308	73.005374	9.032345	21.377256	56.243808	10.155924	27.580589	57.846485	14.928014	26.879996	94.730196	28.991315	26.385626	67.755165	23.953144	10.871434	59.458755	-1.767387
5.481878	57.245383	3.086197	14.451892	52.004648	7.813775	11.571929	73.007813	9.033376	21.379485	56.24544	10.153768	27.582384	57.848807	14.924174	26.877712	94.740254	28.993521	26.386988	67.756829	23.947629	10.871313	59.457547	-1.767374
5.484384	57.241326	3.084033	14.454157	52.005011	7.813223	11.574308	73.008838	9.031238	21.381566	56.245807	10.151615	27.581789	57.853408	14.922519	26.87765	94.754923	28.993667	26.387672	67.761051	23.938707	10.871084	59.455843	-1.765796
5.484146	57.242015	3.084056	14.45685	52.005906	7.812648	11.581678	73.011563	9.029585	21.384169	56.24873	10.151092	27.586626	57.858097	14.919905	26.882404	94.771505	28.991404	26.388174	67.763259	23.92805	10.870765	59.457716	-1.767315
5.484606	57.242759	3.088587	14.456583	52.006596	7.812666	11.581152	73.015159	9.024864	21.384467	56.25126	10.151087	27.586026	57.861992	14.916544	26.884697	94.789401	28.989524	26.388803	67.769458	23.919146	10.872987	59.456918	-1.767955
5.487661	57.244131	3.087902	14.458743	52.008872	7.812126	11.588052	73.02095	9.020077	21.386845	56.254158	10.148928	27.587444	57.868241	14.911037	26.882891	94.866824	28.995999	26.388862	67.774262	23.906799	10.872818	59.461423	-1.766384
5.484883	57.24512	3.088564	14.458477	52.009562	7.812144	11.597507	73.026568	9.014726	21.389681	56.256399	10.14839	27.589304	57.873845	14.907215	26.887128	94.880631	28.990197	26.387736	67.780312	23.891046	10.877733	59.462267	-1.766162
5.489826	57.243339	3.087299	14.460904	52.011147	7.811586	11.601862	73.034298	9.008912	21.389903	56.26017	10.146745	27.588551	57.881696	14.903882	26.890748	94.897692	28.980887	26.376732	67.796593	23.872828	10.87688	59.465021	-1.76607
5.490291	57.243376	3.090304	14.46037	52.012527	7.811622	11.608773	73.043232	9.004133	21.389967	56.263382	10.146755	27.590616	57.891885	14.90008	26.893674	94.913216	28.96633	26.481064	68.635589	24.19334	10.879176	59.471145	-1.765165
5.493573	57.245473	3.092648	14.465127	52.013272	7.812096	11.609627	73.05688	8.995807	21.395415	56.26784	10.144042	27.592246	57.903423	14.896301	26.893478	94.925173	28.946883	26.502059	68.738717	24.266378	10.883665	59.473366	-1.764898
5.498417	57.245562	3.091395	14.465022	52.015184	7.812108	11.61697	73.082598	8.989139	21.395552	56.273558	10.142411	27.607972	57.97213	14.976213	26.885664	94.928306	28.889331	26.50595	68.769565	24.267948	10.885153	59.47485	-1.762351
5.495639	57.246551	3.092056	14.46702	52.016237	7.811574	11.621575	73.108373	8.981754	21.395612	56.280516	10.13914	27.617589	58.017606	15.030661	26.881356	94.955355	28.87938	26.154847	69.007389	24.311374	10.888257	59.482387	-1.763486
5.49601	57.24775	3.093547	14.466447	52.018325	7.813206	11.626245	73.119145	8.975914	21.396206	56.285578	10.139129	27.598015	58.029737	15.002284	26.87604	94.978006	28.860721	26.200399	69.052856	24.293667	10.895633	59.500817	-1.764727
5.493697	57.248776	3.097214	14.468381	52.020582	7.811088	11.629902	73.133048	8.965402	21.39956	56.294122	10.136941	27.583656	58.017336	14.940077	26.877429	95.049681	28.860781	26.214025	69.06721	24.277728	10.891796	59.505227	-1.76391
5.496979	57.250874	3.099559	14.470541	52.022857	7.810549	11.635984	73.144306	8.954331	21.40126	56.307509	10.140203	27.581501	58.028394	14.930001	26.869363	95.095385	28.850549	26.212006	69.07859	24.257199	10.896301	59.509841	-1.765197
5.499381	57.249393	3.098932	14.469903	52.026149	7.810597	11.642063	73.154189	8.94166	21.40661	56.328227	10.144554	27.58015	58.040141	14.923306	26.865504	95.125903	28.84412	26.203603	69.095223	24.228579	10.892219	59.511834	-1.764353
5.502055	57.250981	3.099808	14.471797	52.029115	7.810075	11.643384	73.162018	8.933267	21.410886	56.372458	10.159746	27.579017	58.051213	14.916601	26.860947	95.150889	28.8324	26.188553	69.117879	24.17606	10.889341	59.512305	-1.762087
5.502046	57.252395	3.10286	14.476222	52.031754	7.808983	11.643926	73.170264	8.918573	21.414007	56.377939	10.160856	27.577878	58.06158	14.908189	26.857211	95.221421	28.834775	26.185002	69.144878	24.168084	10.891821	59.514635	-1.761202
5.504582	57.252803	3.103748	14.478116	52.034719	7.808461	11.644404	73.177272	8.903883	21.41459	56.383709	10.162498	27.577325	58.073312	14.90317	26.855246	95.247702	28.822752	26.186067	69.186303	24.164958	10.894179	59.515758	-1.760303
5.504349	57.252784	3.102245	14.48001	52.037684	7.80794	11.638469	73.187637	8.846789	21.417571	56.387219	10.161958	27.577136	58.086377	14.89985	26.853286	95.264504	28.808961	26.188788	69.239051	24.167052	10.894224	59.519574	-1.758754
5.504952	57.254002	3.105239	14.481904	52.04065	7.807418	11.642528	73.195862	8.837812	21.417331	56.391646	10.158692	27.595301	58.150138	14.975854	26.855905	95.287155	28.791058	26.189346	69.250439	24.15475	10.8962	59.51636	-1.759367
5.512901	57.251957	3.106342	14.483572	52.043597	7.805318	11.641903	73.206412	8.83312	21.420087	56.39513	10.156515	27.605912	58.194229	15.03026	26.860785	95.303599	28.769322	26.190793	69.264583	24.147617	10.901238	59.518413	-1.759157
5.510118	57.253654	3.10853	14.485467	52.046563	7.804796	11.646269	73.217288	8.82731	21.42015	56.398343	10.156526	27.600702	58.191897	15.003171	26.855908	95.323213	28.722975	26.192421	69.281364	24.140502	10.901497	59.521541	-1.757632
5.516178	57.254763	3.110213	14.487361	52.049528	7.804274	11.650999	73.229299	8.821464	21.420134	56.402797	10.154897	27.589565	58.172638	14.942126	26.86095	95.339908	28.70462	26.194358	69.304773	24.135156	10.906062	59.521154	-1.758925
5.513628	57.256478	3.113904	14.488989	52.053183	7.803771	11.653563	73.250278	8.817764	21.423038	56.407547	10.152717	27.588597	58.181164	14.938804	26.864866	95.373306	28.700581	26.197578	69.339505	24.135039	10.910749	59.521974	-1.760231
5.51908	57.257076	3.114119	14.491375	52.055477	7.80481	11.658046	73.260486	8.811939	21.423247	56.412025	10.152725	27.589727	58.190066	14.933323	26.871155	95.423554	28.697998	26.202972	69.398124	24.141957	10.910777	59.523398	-1.757126
5.521759	57.257957	3.113469	14.49327	52.058443	7.804288	11.66502	73.269286	8.805551	21.42629	56.418748	10.152195	27.588621	58.197289	14.929998	26.877192	95.435171	28.686581	26.200885	69.423459	24.135003	10.913275	59.528122	-1.757796
5.519545	57.257113	3.117125	14.495164	52.061409	7.803767	11.669611	73.275294	8.802895	21.426506	56.422521	10.150551	27.587298	58.205185	14.926685	26.883437	95.450196	28.676936	26.201982	69.431713	24.129553	10.915828	59.526163	-1.755364
5.521987	57.258683	3.116498	14.497325	52.063684	7.803227	11.672005	73.280841	8.802361	21.427087	56.428291	10.152193	27.57542	58.221348	14.924943	26.889607	95.465914	28.667274	26.203541	69.441287	24.124101	10.918522	59.527805	-1.754501
5.52776	57.258845	3.121258	14.499284	52.065446	7.80429	11.674218	73.285821	8.801846	21.430354	56.43504	10.1533	27.57439	58.226592	14.921604	26.89319	95.478843	28.656242	26.207826	69.44804	24.118234	10.923101	59.52813	-1.754241
5.530538	57.257856	3.120597	14.495686	52.068531	7.804932	11.681952	73.287921	8.801743	21.430941	56.440104	10.15329	27.57366	58.229888	14.919946	26.899339	95.490422	28.644861	26.212206	69.455491	24.114092	10.928229	59.528285	-1.754041
5.533218	57.258737	3.119947	14.477432	52.08465	7.808161	11.681546	73.292225	8.798606	21.431747	56.4459	10.15657	27.573508	58.233844	14.919975	26.9033	95.509514	28.637354	26.216817	69.463601	24.10995	10.93392	59.528984	-1.752349
5.536455	57.258492	3.123819	14.480189	52.084342	7.80917	11.691718	73.294823	8.797951	21.43547	56.451993	10.159299	27.57553	58.236199	14.917831	26.905208	95.571454	28.642491	26.221806	69.471095	24.107516	10.938712	59.52862	-1.752112
5.536312	57.258019	3.125357	14.482455	52.084705	7.808618	11.691664	73.29673	8.797962	21.432845	56.454228	10.159845	27.575091	58.236843	14.916147	26.909348	95.581824	28.634947	26.229149	69.475765	24.104676	10.943718	59.527568	-1.751898
5.536544	57.258037	3.126861	14.482414	52.085413	7.810215	11.691429	73.298068	8.797991	21.436568	56.460322	10.162574	27.577336	58.239228	14.915697	26.909879	95.610496	28.630454	26.23396	69.480622	24.102224	10.951421	59.529838	-1.753931
5.53955	57.257774	3.12923	14.484946	52.085087	7.809645	11.699398	73.29883	8.797859	21.444262	56.499224	10.183767	27.579796	58.240938	14.915236	26.911651	95.615637	28.624915	26.239148	69.484861	24.101481	10.956762	59.529305	-1.753754
5.539693	57.258247	3.127691	14.484557	52.083846	7.808072	11.696961	73.298332	8.798411	21.444262	56.499224	10.183767	27.579433	58.239604	14.913538	26.913292	95.616678	28.617621	26.244337	69.489101	24.100737	10.964907	59.530911	-1.754281
5.536446	57.259907	3.126872	14.487315	52.083538	7.809081	11.704562	73.296582	8.796715	21.444493	56.498543	10.183751	27.579656	58.239635	14.915233	26.91482	95.619756	28.610312	26.246632	69.488874	24.098631	10.97023	59.527985	-1.752547
5.540153	57.258992	3.132225	14.484784	52.083864	7.809651	11.707351	73.295072	8.796119	21.446662	56.496964	10.181584	27.582193	58.239367	14.914758	26.913893	95.620148	28.603343	26.251643	69.490477	24.09787	10.977797	59.528335	-1.756119
5.550102	57.256735	3.196877	14.487645	52.081644	7.810648	11.709373	73.296342	8.795614	21.443976	56.495985	10.182119	27.582276	58.238094	14.91645	26.912723	95.620476	28.594627	26.2545	69.491649	24.099207	10.975998	59.526075	-1.752417
5.550191	57.256279	3.199919	14.48538	52.08128	7.811199	11.710062	73.309635	8.79848	21.44383	56.494719	10.182121	27.582492	58.23742	14.916439	26.912646	95.608931	28.573292	26.25712	69.49278	24.098827	10.988797	59.525396	-1.754245
5.553062	57.254128	3.200774	14.487912	52.080954	7.81063	11.709939	73.308927	8.796895	21.444061	56.494038	10.182106	27.582715	58.23745	14.918134	26.90859	95.599	28.541845	26.259327	69.491235	24.096711	11.046867	59.522249	-1.771274
5.547981	57.254728	3.202048	14.485484	52.079368	7.811187	11.715166	73.307916	8.795747	21.443915	56.492772	10.182108	27.585111	58.235879	14.917656	26.907829	95.60015	28.536606	26.264153	69.490821	24.094216	11.050092	59.521329	-1.768914
5.547882	57.256598	3.20206	14.488016	52.079042	7.810617	11.712734	73.308794	8.797899	21.446601	56.493751	10.181573	27.585327	58.235204	14.917644	26.909672	95.600603	28.531039	26.266596	69.489315	24.093818	11.055329	59.521982	-1.77028
5.55066	57.255609	3.2014	14.488016	52.079042	7.810617	11.720757	73.30765	8.797757	21.446686	56.491803	10.18156	27.587724	58.233633	14.917166	26.909189	95.600473	28.527545	26.269039	69.48781	24.09342	11.053194	59.519201	-1.766539
5.55066	57.255609	3.2014	14.49104	52.078044	7.811608	11.728608	73.309081	8.79764	21.444511	56.494089	10.18538	27.587882	58.230382	14.918844	26.908984	95.599063	28.525795	26.273976	69.482823	24.092607	11.063209	59.518777	-1.769221
5.550655	57.256316	3.202926	14.490548	52.078715	7.810048	11.73421	73.311958	8.799657	21.44445	56.490876	10.18537	27.590941	58.228197	14.921745	26.909259	95.595786	28.527516	26.279386	69.477916	24.095228	11.063787	59.520033	-1.766174
5.553428	57.256035	3.203793	14.490774	52.078733	7.811626	11.747588	73.311887	8.801554	21.445271	56.492219	10.190279	27.591921	58.221081	14.92848	26.9121	95.591159	28.528888	26.284765	69.469094	24.099542	11.067343	59.517952	-1.760739
5.554076	57.259596	3.205261	14.490611	52.077511	7.811632	11.828123	73.309251	8.791851	21.44772	56.506113	10.213692	27.593365	58.20947	14.940281	26.914002	95.577551	28.541033	26.290688	69.452484	24.108947	11.073139	59.517466	-1.7575
5.554586	57.261976	3.206742	14.485611	52.07696	7.814356	11.84252	73.308801	8.801628	21.452435	56.51581	10.255111	27.598974	58.188451	14.958309	26.918004	95.573461	28.590155	26.297655	69.4327	24.12347	11.079512	59.518237	-1.751213
5.552214	57.267923	3.21042	14.483676	52.074702	7.816474	11.854075	73.305613	8.82347	21.448585	56.510111	10.265977	27.584141	58.064042	14.84623	26.926305	95.532188	28.647445	26.308601	69.402426	24.147824	11.085385	59.510675	-1.732032
5.555358	57.268841	3.212779	14.482234	52.071773	7.820152	11.870363	73.300571	8.875164	21.440431	56.49325	10.274121	27.576673	57.944695	14.748893	26.929581	95.427073	28.680222	26.319425	69.317642	24.180349	11.092347	59.503879	-1.724253
5.557376	57.273424	3.209145	14.480629	52.067622	7.823836	11.882523	73.284682	8.934254	21.43405	56.452242	10.274678	27.546803	57.78457	14.581433	26.93695	95.299741	28.742451	26.394923	69.229858	24.265119	11.094375	59.506033	-1.719809
5.560935	57.277885	3.211469	14.479888	52.060197	7.82905	11.893829	73.247383	8.972606	21.423027	56.411864	10.279574	27.514682	57.625919	14.430236	26.947172	95.189117	28.843687	26.394692	69.106554	24.29168	11.098799	59.501909	-1.712911
5.561208	57.280955	3.212972	14.497938	52.035273	7.831002	11.911547	73.205359	9.077404	21.413888	56.402264	10.291494	27.136841	57.55355	14.370826	26.963442	95.091427	28.984179	26.396053	68.927674	24.328403	11.101243	59.499321	-1.70229
5.563887	57.281836	3.212324	14.490774	52.028211	7.844223	11.926126	73.176339	9.157018	21.40477	56.390544	10.298456	27.117816	57.442268	14.32166	26.973978	94.919383	29.091489	26.414549	68.79328	24.431363	11.107816	59.498691	-1.697578
5.559453	57.285997	3.215066	14.486797	52.021373	7.858428	11.93972	73.157132	9.228786	21.398757	56.373814	10.301536	27.089814	57.2979	14.233618	26.981616	94.771576	29.205571	26.421586	68.603137	24.472705	11.11264	59.501302	-1.690723
5.559824	57.287197	3.216558	14.481912	52.026624	7.897443	11.950253	73.137293	9.278498	21.386249	56.348922	10.307366	27.067779	57.179966	14.169301	26.989287	94.605143	29.363482	26.441098	68.441948	24.57749	11.117718	59.495826	-1.682339
5.560601	57.293354	3.221069	14.481529	52.032917	7.948515	11.974254	73.09714	9.401628	21.376351	56.295368	10.308845	27.127784	56.837033	14.137695	26.990059	94.429452	29.525904	26.443254	68.263555	24.655904	11.094906	59.488815	-1.670824
5.563651	57.295435	3.221913	14.471577	52.022533	7.963896	11.99597	73.032728	9.528456	21.428942	56.214048	10.312173	27.100794	56.690326	14.059797	26.991119	94.253019	29.695037	26.470011	68.088903	24.785995	11.078578	59.459255	-1.660009
5.55894	57.297234	3.224679	14.46165	52.007598	7.976078	12.022767	72.985634	9.64656	21.424059	56.191368	10.333309	27.283195	57.140685	14.74004	27.011866	94.360102	30.182358	26.493092	67.91622	24.928947	11.097083	59.452006	-1.65818
5.562321	57.297464	3.227015	14.448586	51.987392	7.987252	12.045864	72.955913	9.726138	21.417614	56.161017	10.349545	27.395088	57.327235	15.269073	26.962888	94.451079	30.793567	26.516064	67.749174	25.068202	11.114885	59.450145	-1.653163
5.571149	57.299001	3.231097	14.437424	51.953475	7.984697	12.069604	72.904813	9.872119	21.421688	56.148188	10.38925	27.457041	57.368296	15.643581	26.817604	94.566971	29.991054	26.520289	67.557779	25.155115	11.124362	59.450472	-1.647605
5.577847	57.305089	3.237308	14.434372	51.87221	7.952783	12.094887	72.857734	10.019611	21.423088	56.110275	10.457421	27.537001	57.399389	15.938112	26.384693	94.620149	30.38342	26.54433	67.384592	25.306761	11.140472	59.445165	-1.637337
5.642161	57.294136	3.227816	14.422452	51.860283	7.971876	12.112619	72.813882	10.172312	22.493678	55.781223	10.243257	27.511043	57.178102	15.806798	26.320116	94.60332	30.79323	26.565406	67.225622	25.46758	11.139506	59.429646	-1.625142
5.6453	57.295762	3.231703	14.407655	51.846737	7.988365	12.144941	72.739073	10.323336	22.753186	55.646673	10.199962	27.456678	56.889177	15.518057	26.290635	94.546622	31.181803	26.581204	67.090226	25.634574	11.160669	59.396989	-1.621227
5.648444	57.296681	3.234064	14.386818	51.830853	8.004446	12.156981	72.686192	10.45744	22.772949	55.578093	10.203745	27.449555	56.635115	15.293393	26.328651	94.426862	31.556849	26.616128	66.982273	25.805105	11.161137	59.389767	-1.616206
5.657504	57.298238	3.239654	14.286484	51.822966	8.034581	12.165447	72.654503	10.590991	22.709829	55.552918	10.245837	27.44611	56.457187	15.163903	26.243557	94.235993	31.874067	26.611856	66.857688	25.941415	11.165683	59.386855	-1.609314
5.662586	57.30541	3.254051	14.259469	51.77366	8.025036	12.146011	72.618412	10.694684	22.712399	55.56064	10.336429	27.605427	56.50641	15.356586	26.145887	94.077565	32.225348	26.630985	66.750143	26.096316	11.173265	59.378277	-1.577854
5.67651	57.314501	3.344351	14.232803	51.746918	8.041832	12.131538	72.571223	10.859354	22.722023	55.552507	10.378202	27.621936	56.471752	15.462354	26.105546	93.95145	32.62141	26.612543	66.686333	26.298923	11.162307	59.37876	-1.550939
5.690898	57.324338	3.439212	14.221888	51.757568	8.125797	12.065681	72.561341	11.047857	22.754481	55.565624	10.500235	27.654832	56.472311	15.635231	25.990824	93.807802	33.049698	26.548168	66.669984	26.531659	11.289622	59.3586	-1.560175
5.692731	57.333876	3.454323	14.201629	51.776345	8.213595	11.973461	72.582325	11.230683	22.756998	55.557205	10.570508	27.728562	56.611504	16.041811	25.859577	93.681977	33.519566	26.455046	66.029733	26.487738	11.256113	59.479208	-1.541035
5.706017	57.350055	3.471369	14.177155	51.867879	8.407867	11.820535	72.648584	11.43958	22.76742	55.578769	10.700644	27.798886	56.759897	16.43365	25.745908	93.566279	34.110511	26.479415	66.217537	26.953235	11.25849	59.478259	-1.524166
5.712092	57.423703	3.492673	14.056106	51.941845	8.574813	11.743789	72.717451	11.635448	22.7808	55.37562	11.071004	27.83429	56.937439	16.784007	25.698745	93.460445	34.860016	26.388275	66.329425	27.284028	11.026306	59.560483	-1.446731
5.708945	57.455723	3.535432	14.023037	52.102482	8.858993	11.574845	72.876896	11.920909	22.791164	55.484294	11.321913	27.925632	57.281168	17.378944	25.750352	93.865152	36.942529	26.374902	66.294503	27.665459	10.380281	59.629232	-1.24497
5.701403	57.516744	3.680707	13.886109	52.296557	9.176016	11.34296	73.100894	12.169088	22.881703	55.939879	11.573488	27.969694	57.621667	17.956109	25.651603	94.22192	38.108165	26.466706	67.259296	28.601447	10.164547	59.649318	-1.178749
5.631181	57.656848	3.86356	13.753717	52.65985	9.753249	10.820762	73.624576	12.549494	22.332617	56.445187	12.01464	28.03215	58.142895	18.794032	25.534906	94.651062	39.429011	26.346712	67.385643	29.315645	9.504513	59.780349	-0.952514
5.499836	57.817207	4.104639	13.540566	53.026927	10.323869	10.459472	74.037451	12.84343	22.016624	57.1587	13.472686	27.930968	58.694266	19.641898	25.365419	95.087182	40.886818	26.252188	68.084097	30.270001	9.515533	59.786218	-0.882574
5.288196	57.993152	4.419732	13.236261	53.46629	10.9997	10.002966	74.509873	13.213654	21.862477	57.947745	14.378784	27.851589	59.624237	20.942469	25.185557	95.595551	42.519058	26.260305	69.36998	31.92371	9.530027	59.78173	-0.78206
5.018334	58.122035	4.744859	12.975835	54.001303	12.637008	9.434859	75.086091	13.583474	21.70845	59.183184	15.118861	27.730833	60.635065	22.280683	24.745108	97.601718	45.14034	26.149918	70.186016	33.349567	8.899507	59.854272	-0.484173
5.664248	57.787966	4.538855	12.549058	54.594921	13.292404	8.861633	75.696855	13.921123	21.360304	59.880891	16.07801	28.146954	62.896023	25.296205	25.084136	98.50079	47.51804	25.949967	71.426862	34.793557	8.906718	59.869236	-0.446366
5.382287	57.726013	4.657533	12.013519	55.178634	13.741967	9.236984	77.392277	14.125434	21.065903	61.660134	17.27105	28.234408	64.623692	27.571526	24.240546	100.007156	50.701609	25.31114	73.650224	36.771876	8.904819	59.877356	-0.46468
4.652489	57.471136	4.881016	11.578897	55.766708	14.193387	9.112526	78.074573	15.225892	21.021448	63.32826	19.531781	27.397864	66.396973	30.068414	23.837339	101.603337	53.850353	25.462521	75.29061	39.365705	8.219784	60.003291	-0.406354
4.675115	57.521146	4.907733	11.224921	56.410475	14.672762	8.935985	79.135062	16.339427	21.067922	65.020806	21.64673	27.700672	68.424496	32.452486	23.464779	103.455717	57.505678	24.786295	77.087406	42.514384	8.209475	59.991623	-0.466784
4.578852	57.624926	5.082457	11.025619	57.017563	15.049892	8.355786	80.214329	17.745958	21.323365	67.195359	24.955371	26.994254	70.962755	35.702167	22.563523	105.738918	61.662612	24.862032	79.647052	45.861472	8.189906	59.987333	-0.593878
5.753483	58.109883	5.341642	10.994389	57.78086	15.500936	9.015303	81.777323	20.217039	21.493497	69.551674	27.952166	26.946561	73.861267	39.526529	22.226272	108.306261	66.790082	24.682116	83.134613	49.251166	8.115463	59.942804	-1.057793
5.560119	58.381304	5.605841	11.52046	59.127328	16.276888	9.759179	83.03291	23.007124	21.717967	72.06326	31.304709	26.867467	76.711408	43.250619	21.64474	110.722178	71.776944	24.288156	85.866396	54.090811	7.493318	60.761222	-0.888954
4.897196	59.509916	7.011694	11.444075	61.17167	17.636944	10.030302	84.312631	26.569119	22.084331	74.982035	35.265611	27.215759	79.799861	47.930357	20.940647	113.375724	76.963079	24.070089	88.991743	58.693467	6.402532	63.189204	-0.601891
5.386581	61.233719	9.198052	11.235539	63.614591	19.315906	10.034043	85.262131	30.329812	20.51964	77.812749	39.90042	26.749728	83.320367	53.083207	19.82893	116.785162	82.727244	23.401753	92.575471	63.124212	5.059768	65.909829	-1.693375
5.808393	63.261095	11.623911	10.404979	67.36038	21.65171	11.729675	87.578463	35.676766	19.512042	81.11766	45.104378	26.725941	86.823032	59.071087	18.933467	120.188973	88.264727	23.036562	95.884859	69.489525	3.601694	67.785295	-2.122543
5.997121	67.370943	14.767915	10.814272	70.781873	24.644175	12.254045	89.888216	40.937582	20.358428	83.971511	50.489275	26.411741	90.40138	65.040405	18.436542	123.684519	93.864075	22.984449	99.407635	75.173332	3.710932	69.51488	-1.338056
5.454136	71.730366	18.701559	10.030878	75.050378	29.595194	11.031047	92.306076	46.11905	20.750408	86.87924	56.357536	25.788631	93.877774	70.66135	17.976121	127.489411	99.523738	22.31722	102.892677	80.628323	3.159971	72.58252	-0.376807
4.667328	76.255927	23.524925	9.636554	78.618294	34.515754	12.215854	95.281034	51.989745	19.572615	90.141631	62.253136	25.448271	96.993359	76.354895	17.147504	131.230593	105.325961	21.833416	106.405017	86.105196	2.208302	77.227452	-0.536308
3.202722	80.300575	29.105854	8.107389	82.638904	39.58035	11.01625	98.678569	57.350779	18.905012	93.347926	68.075556	24.835633	100.440868	81.842226	16.552923	134.98696	110.643613	21.184858	110.066589	91.601207	0.500503	82.44903	-1.100551
2.247656	83.883043	34.176079	6.606991	86.934276	44.846836	10.081225	102.241305	62.699609	18.332673	96.775323	73.812287	24.469762	103.817897	87.326602	15.635755	138.44415	115.69767	20.539532	113.616453	97.21009	NaN	NaN	NaN
1.34576	87.334639	39.351111	6.841872	90.460981	50.009414	9.401896	105.736388	67.949825	17.941878	100.012966	79.143681	24.026635	107.018116	91.850296	15.437219	142.154128	121.121848	19.847916	116.554625	102.113152	NaN	NaN	NaN
0.750637	90.934128	44.516392	5.959615	93.832013	55.284252	8.401247	109.722573	72.954583	17.354586	103.758462	84.272301	23.329597	110.588207	96.62784	14.953851	145.668248	126.103668	19.328736	119.846297	106.968673	NaN	NaN	NaN
0.431734	93.935448	49.508766	6.475248	96.698269	60.18903	8.059142	112.808191	77.890197	17.804199	107.298882	89.265804	22.594176	114.157145	101.467804	14.365902	149.201896	131.165657	18.988635	123.470984	111.887734	NaN	NaN	NaN
0.085366	96.966941	54.325727	4.959815	99.773737	65.116264	6.689389	117.150157	82.320207	16.8424	110.843843	93.827667	22.369315	117.726715	106.056554	13.092734	152.556553	135.995951	17.993509	127.16948	116.742889	NaN	NaN	NaN
0.314332	100.120209	59.098566	5.766305	103.431099	70.069274	5.871753	120.963566	86.978261	16.64151	114.369536	98.440084	21.877855	121.519009	110.482428	12.180315	155.860309	140.410598	17.877437	130.895033	121.141636	NaN	NaN	NaN
0.476595	103.215208	63.737924	5.084162	106.623594	74.816255	4.501404	124.841081	91.291785	15.961669	117.905294	102.177387	20.241042	125.208156	114.706473	11.452885	159.267492	145.064107	17.039859	134.593507	125.535765	NaN	NaN	NaN
0.948112	106.143408	68.448926	5.503531	110.016772	79.468219	3.390261	128.220952	95.779757	15.170945	121.652702	106.096632	20.455791	128.968074	118.678056	10.912888	162.675821	149.405477	16.069812	137.963212	128.636378	NaN	NaN	NaN
1.089309	108.836606	72.7807	5.864329	113.476359	83.415248	1.751819	131.803605	99.192172	15.111562	125.293004	110.077557	19.587489	132.643099	122.334529	9.868272	165.734396	153.328002	16.137204	141.45408	132.415682	NaN	NaN	NaN
1.201746	111.477969	77.236256	5.415753	116.707674	87.737482	1.530901	135.382351	103.935059	14.58676	129.129156	114.020408	19.168311	136.267394	125.851406	9.143369	169.059993	157.522692	15.491344	144.758889	135.989156	NaN	NaN	NaN
2.844455	114.852756	81.861222	6.006838	120.006071	92.111101	-0.444739	138.686159	107.46538	14.229148	132.893586	117.964078	18.705863	139.829242	129.09583	NaN	NaN	NaN	14.532835	147.924167	140.395337	NaN	NaN	NaN
3.240629	117.82501	86.419793	6.257282	123.778231	97.094254	-0.671386	142.090609	111.335876	13.373125	136.084514	119.734567	18.24357	143.506283	132.25921	NaN	NaN	NaN	13.889905	151.273477	142.92765	NaN	NaN	NaN
3.03035	120.600205	90.317868	6.537096	127.316449	102.021138	-2.470847	146.065339	114.539882	12.717135	139.786693	122.75732	17.286982	147.166799	135.151294	NaN	NaN	NaN	13.086735	154.559962	145.880326	NaN	NaN	NaN
4.146275	123.953576	94.704219	6.287378	130.640481	106.079389	-2.350699	149.995925	118.715618	11.85077	143.18536	125.579915	17.107047	150.652818	137.987784	NaN	NaN	NaN	12.085593	157.810982	148.712974	NaN	NaN	NaN
4.608078	127.506446	99.076168	7.256862	134.634884	110.506366	-4.483898	153.133711	121.171565	11.232711	147.083819	128.563711	16.276814	154.235407	140.528455	NaN	NaN	NaN	11.749129	161.435905	151.664557	NaN	NaN	NaN
5.161899	130.612986	103.299866	7.500213	138.245708	114.586322	-5.075833	156.04025	124.437158	11.04901	150.976819	131.517383	14.97735	157.769509	142.738716	NaN	NaN	NaN	11.025289	164.920533	154.418929	NaN	NaN	NaN
6.319534	134.537646	107.674994	7.845319	141.921612	118.377084	-6.872495	160.47851	126.931067	10.483327	154.977656	133.532007	14.694495	161.298572	145.01295	NaN	NaN	NaN	10.333436	168.511212	157.214282	NaN	NaN	NaN
6.963013	137.432154	110.514504	7.757234	145.675815	122.092635	NaN	NaN	NaN	9.734574	158.379359	135.681556	14.132109	164.995683	147.060509	NaN	NaN	NaN	9.207716	171.504916	159.170868	NaN	NaN	NaN
6.678471	140.907246	113.638756	8.044006	149.828108	126.097741	NaN	NaN	NaN	9.673983	161.93872	137.954402	13.637574	167.788623	147.955131	NaN	NaN	NaN	8.56568	174.291432	159.60309	NaN	NaN	NaN
7.59074	145.475486	118.41048	8.395799	153.592197	129.965092	NaN	NaN	NaN	8.442423	165.8441	140.312789	12.643289	171.187036	149.297817	NaN	NaN	NaN	8.04615	177.663136	160.305772	NaN	NaN	NaN
7.985888	149.814701	122.308789	7.981312	158.447046	132.743981	NaN	NaN	NaN	8.095267	169.096582	142.159872	12.047894	174.632	150.855361	NaN	NaN	NaN	NaN	NaN	NaN	NaN	NaN	NaN
7.81362	154.076209	125.328327	7.573364	162.647754	135.814584	NaN	NaN	NaN	7.31453	172.597243	143.804914	NaN	NaN	NaN	NaN	NaN	NaN	NaN	NaN	NaN	NaN	NaN	NaN
6.734146	158.518268	128.299694	8.241371	167.27533	138.849076	NaN	NaN	NaN	NaN	NaN	NaN	NaN	NaN	NaN	NaN	NaN	NaN	NaN	NaN	NaN	NaN	NaN	NaN
6.484404	164.082863	131.96099	7.966264	171.667771	141.21959	NaN	NaN	NaN	NaN	NaN	NaN	NaN	NaN	NaN	NaN	NaN	NaN	NaN	NaN	NaN	NaN	NaN	NaN