11.137415	58.601797	2.131636	17.063528	50.604952	10.587095	9.885572	72.556293	8.899005	22.741907	62.229835	12.879984	29.996511	60.859597	15.371262	34.382044	106.354468	21.899735	30.017395	71.259515	22.652357	15.652233	57.06329	-1.127723
11.016632	58.66895	2.209165	16.519859	50.773481	10.624646	9.759967	72.589463	8.930555	22.866391	62.225044	12.896363	29.870081	60.814065	15.334212	34.382403	106.340355	21.828924	29.891354	71.294395	22.657844	15.788045	57.061096	-1.183026
11.014165	58.668151	2.211391	16.491742	50.778269	10.419253	9.760537	72.588681	8.932178	22.866268	62.227118	12.896414	29.86803	60.817397	15.317917	34.379313	106.342489	21.825606	29.890806	71.295152	22.656026	15.788533	57.058633	-1.17633
11.011287	58.670594	2.210378	16.492367	51.054385	10.42564	9.757208	72.589781	8.929417	22.866127	62.230467	12.894725	29.864573	60.814147	15.299655	34.378971	106.343197	21.823778	29.890707	71.297252	22.656076	15.789016	57.059864	-1.174641
11.01064	58.672626	2.207127	16.903898	51.591834	10.657212	9.754783	72.593339	8.930008	22.863626	62.232113	12.893451	29.864623	60.805016	15.312185	34.378578	106.343767	21.820005	29.88798	71.297011	22.658269	15.782436	57.060295	-1.180104
11.004928	58.673461	2.20334	17.20499	51.946152	10.653354	9.753947	72.594117	8.926723	22.857812	62.233642	12.89088	29.858963	60.800511	15.314753	34.378541	106.342391	21.819992	29.886043	71.296559	22.660454	15.776922	57.062776	-1.177117
11.001447	58.674295	2.203996	17.242291	52.012657	10.81432	9.748204	72.594317	8.926131	22.855186	62.233207	12.88779	29.853642	60.797822	15.31372	34.378675	106.339533	21.819892	29.884105	71.296108	22.662639	15.773701	57.064428	-1.183213
10.993842	58.678777	2.204168	17.23744	52.002796	10.795239	9.745258	72.593409	8.924978	22.850096	62.231871	12.886905	29.851752	60.797411	15.315952	34.379103	106.338085	21.821677	29.879485	71.294631	22.665158	15.762864	57.065699	-1.18242
10.986135	58.681235	2.202634	17.607656	51.711106	10.731106	9.737171	72.595947	8.926622	22.845254	62.230542	12.887784	29.847138	60.79736	15.316798	34.379494	106.33526	21.823449	29.877591	71.293396	22.665485	15.756773	57.063668	-1.181188
10.974579	58.683718	2.196757	17.721422	51.71607	10.703248	9.721671	72.602687	8.929905	22.835819	62.232044	12.89317	29.83673	60.797521	15.316682	34.3804	106.332501	21.828963	29.869925	71.293513	22.662887	15.738553	57.070711	-1.180168
10.949021	58.687866	2.19766	17.745205	51.708789	10.698704	9.703571	72.607302	8.93534	22.8239	62.229763	12.897156	29.828791	60.795696	15.310634	34.381648	106.329034	21.836305	29.864984	71.293871	22.658095	15.716633	57.075715	-1.183596
10.915785	58.692044	2.200311	17.700367	51.724144	10.707322	9.677874	72.614894	8.942398	22.811963	62.228756	12.899402	29.822154	60.79376	15.302346	34.383154	106.325601	21.845519	29.860143	71.292129	22.653254	15.676664	57.081619	-1.177244
10.876695	58.700277	2.208021	17.693415	51.724661	10.708776	9.640925	72.620951	8.95192	22.797456	62.227649	12.905642	29.816819	60.79368	15.297735	34.384966	106.320083	21.856548	29.853321	71.29072	22.652455	15.607472	57.087644	-1.163731
10.809363	58.709021	2.213815	17.686828	51.72847	10.712025	9.525978	72.630652	8.979945	22.781422	62.22533	12.914056	29.806644	60.795155	15.29765	34.385994	106.31796	21.862033	29.846455	71.290094	22.653514	15.573817	57.097209	-1.162406
10.777432	58.717658	2.212731	17.620885	51.438427	10.765052	9.492612	72.642797	8.992015	22.744698	62.229658	12.92629	29.788777	60.801958	15.298965	34.386667	106.320039	21.865758	29.835754	71.291273	22.649465	15.544041	57.101833	-1.160619
10.739421	58.726322	2.202876	17.609777	51.47344	10.762243	9.452842	72.661597	8.998652	22.619983	62.25427	12.947505	29.754821	60.80833	15.297366	34.387512	106.322891	21.871399	29.812172	71.298161	22.64551	15.510509	57.11221	-1.166486
10.656811	58.747317	2.198268	17.586808	51.489445	10.769136	9.384671	72.683057	9.011086	22.59665	62.261752	12.946503	29.606853	60.837314	15.317659	34.387182	106.331963	21.869722	29.764079	71.309503	22.639389	15.4427	57.13051	-1.169315
10.517255	58.771391	2.145825	17.564889	51.504229	10.772535	9.238741	72.703772	9.036881	22.557201	62.274321	12.943082	29.582342	60.847705	15.310827	34.386863	106.337542	21.867976	29.656269	71.329476	22.640261	15.284409	57.16352	-1.196247
10.458926	58.799651	2.136492	17.428382	51.556258	10.799418	9.073859	72.723118	9.063364	22.500834	62.292052	12.942967	29.538062	60.852466	15.292308	34.387881	106.341167	21.875531	29.627069	71.334301	22.635149	15.231206	57.192396	-1.205366
10.396859	58.846682	2.119888	17.414783	51.564761	10.802931	9.029123	72.751311	9.06217	22.352531	62.329552	12.961565	29.455619	60.849618	15.231519	34.387275	106.339862	21.886968	29.598714	71.3376	22.631836	15.127053	57.234999	-1.197413
10.261961	58.872794	2.057774	17.404099	51.568249	10.801952	9.038452	72.792185	9.048557	22.17554	62.368899	12.985264	29.319713	60.861966	15.240277	34.38494	106.33175	21.904249	29.55521	71.338691	22.640161	14.99515	57.261758	-1.187782
10.178155	58.891352	2.058724	17.389011	51.567278	10.805271	8.997152	72.801261	9.046718	22.12545	62.391002	12.981763	29.137713	60.874439	15.254915	34.384404	106.319362	21.930629	29.482386	71.343468	22.656556	14.953638	57.27503	-1.200572
10.13457	58.900865	2.056821	17.36232	51.562735	10.810466	8.975124	72.8013	9.037248	22.106115	62.383085	12.960522	28.971845	60.560057	14.651366	34.388631	106.300201	21.986599	29.396103	71.346478	22.680561	14.890405	57.286759	-1.204213
10.08444	58.909174	2.054917	17.325305	51.553761	10.813611	8.962988	72.796465	9.02059	22.09158	62.357571	12.878962	28.917892	60.349759	14.650219	34.388035	106.260319	22.013953	29.381596	71.329973	22.701725	14.76964	57.29751	-1.186388
10.002933	58.91433	2.065843	17.156264	51.583936	10.843665	8.950887	72.810199	8.910928	22.078307	62.346727	12.874364	29.016908	61.163805	14.385225	34.381269	106.236623	22.05252	29.379449	71.301816	22.727024	14.736275	57.30869	-1.233136
9.990322	58.911946	2.058739	16.918185	51.648631	10.887988	8.94282	72.829006	8.783701	22.065323	62.329201	12.873133	28.947074	60.319154	14.938995	34.373587	106.202816	22.081417	29.375334	71.276952	22.752413	14.72606	57.303822	-1.242635
9.982187	58.907531	2.0488	16.760266	51.681478	10.915273	8.946053	72.898807	8.663216	22.053878	62.310571	12.873606	28.922416	60.194815	14.895052	34.36707	106.125562	22.099814	29.358996	71.262618	22.788668	14.718118	57.295671	-1.247299
9.961601	58.908813	2.036912	16.714768	51.672687	10.923771	8.960301	72.969931	8.629345	22.040691	62.282989	12.878243	28.905872	60.203321	14.914387	34.363592	106.024117	22.151498	28.143091	70.862982	22.573663	14.69996	57.291653	-1.254506
9.923462	58.917554	1.964054	16.679983	51.65637	10.928432	8.960663	72.961474	8.620416	22.030013	62.242107	12.886449	28.884212	60.166686	14.921825	34.352616	105.895309	22.152793	29.289405	70.908458	22.462768	14.656775	57.29143	-1.262768
9.898899	58.920096	1.956202	16.650195	51.614503	10.922506	8.96824	72.952052	8.60825	21.973815	62.209902	12.89797	28.740964	60.121777	14.955357	34.340576	105.752636	22.140461	29.036335	70.492939	21.598221	14.535037	57.286631	-1.23794
9.895679	58.910389	1.95704	16.659058	51.563586	10.917293	8.992025	72.920566	8.600745	21.863794	62.144042	12.916736	28.409321	59.634113	14.132225	34.327898	105.591071	22.137275	28.958488	70.46814	21.611221	14.509224	57.267924	-1.236026
9.897702	58.879435	1.956703	16.669876	51.515905	10.915119	9.026582	72.831869	8.598802	21.851221	62.03578	12.918425	28.405201	59.62289	14.133637	34.30174	105.447983	22.111996	28.950656	70.406678	21.690356	14.516332	57.260112	-1.240494
9.916775	58.850486	1.955258	16.659121	51.493891	10.913118	9.143086	72.734711	8.585513	21.845353	61.917391	12.918925	28.379671	59.493893	14.033806	34.183295	105.301145	22.092354	28.951771	70.405177	21.776643	14.526482	57.245337	-1.240696
9.926127	58.845164	1.953279	16.64843	51.472693	10.91457	9.158494	72.65673	8.591627	21.867231	61.873963	12.918948	28.517962	59.56938	14.699286	34.177863	105.151033	22.12063	28.957676	70.394987	21.841507	14.536756	57.23342	-1.24759
9.937816	58.841865	1.957411	16.637325	51.458888	10.914483	9.173795	72.637562	8.588404	21.87325	61.852841	12.922806	28.583846	59.679499	14.976132	34.147318	105.40612	21.912478	28.967749	70.379229	21.874042	14.533599	57.219931	-1.242567
9.946654	58.838173	1.957159	16.590973	51.410909	10.682326	9.149408	72.60262	8.5949	21.879373	61.83921	12.928598	28.729618	60.380933	14.998805	34.147022	105.600593	21.94438	29.109839	70.614145	22.483593	14.532276	57.200295	-1.23949
9.954597	58.836925	1.958676	16.695605	51.091444	10.378466	9.167106	72.591534	8.587646	21.889973	61.831839	12.935393	28.584595	59.533055	14.104975	34.146583	105.641856	21.971733	28.872485	69.770915	21.597991	14.547796	57.201043	-1.23976
9.956564	58.83814	1.959814	16.809006	51.093226	10.353668	9.188109	72.588244	8.579992	21.902233	61.826486	12.943559	28.592404	59.531112	14.103615	34.140998	105.610425	21.960778	29.159398	69.992194	23.331557	14.542734	57.205161	-1.228338
9.963079	58.842176	1.963196	16.863662	51.13422	10.365124	9.208912	72.588181	8.570749	21.915531	61.82521	12.949632	28.825533	60.152519	14.970903	34.146771	105.624095	21.971782	29.003342	70.401554	21.60658	14.538818	57.218679	-1.227772
9.961241	58.851107	1.968488	16.814239	51.162937	10.380694	9.237778	72.655694	8.55411	21.933217	61.825581	12.958368	28.643503	59.328164	14.666321	34.156794	105.648022	21.99963	30.066465	71.026006	22.356947	14.55418	57.242761	-1.222931
9.960818	58.875494	1.979391	16.816009	51.171962	10.387742	9.263858	72.73812	8.542046	21.958888	61.829204	13.044569	28.649849	59.329405	14.665068	34.159413	105.640724	22.003888	29.951412	70.862451	22.363328	14.542674	57.253456	-1.212173
10.000589	58.893315	1.995347	16.82051	51.183376	10.390476	9.28224	72.744788	8.552238	21.980365	61.842315	13.042707	28.619121	59.136766	14.639319	34.16598	105.600951	22.039006	30.00443	70.866183	22.355113	14.544324	57.26654	-1.191756
10.023738	58.899217	2.098627	16.8353	51.204898	10.393207	9.291729	72.75642	8.567902	22.093693	61.855917	13.024394	28.855209	59.970833	15.245006	34.166315	105.646857	22.111123	30.033499	70.88902	22.349902	14.554111	57.270187	-1.16159
10.090219	58.903762	2.196558	17.055495	51.716979	11.171627	9.282211	72.772647	8.594467	22.110662	61.898928	13.033762	28.858767	60.019125	15.241606	34.212582	105.796739	22.513848	30.042187	70.921714	22.347473	14.592679	57.268411	-1.075392
10.14656	58.914552	2.221339	16.946377	51.555488	10.622466	9.270307	72.776716	8.70976	22.426845	62.324801	14.933782	28.849082	60.086454	15.239593	34.202069	105.924912	22.586321	30.000396	70.926319	22.274285	14.690513	57.309735	-1.063017
10.159531	58.964535	2.239411	17.004588	51.585319	10.386208	9.25118	72.804298	8.833814	22.440722	62.99783	14.389175	28.955692	60.134517	15.283562	34.210578	106.17848	22.776327	29.975579	71.008619	22.266516	14.71125	57.360393	-1.048648
10.1377	59.008868	2.260083	17.150164	51.788256	10.86709	9.230111	72.884039	8.84078	22.356001	62.875306	14.104885	28.921979	60.233256	15.259615	34.273367	106.091634	23.419522	30.225269	71.787723	23.52494	14.68342	57.4133	-1.018054
10.096039	59.090304	2.271633	17.246552	51.992281	11.172685	9.20792	73.065485	8.822954	22.358755	63.0403	14.082724	29.293242	61.571778	16.678535	34.209844	107.299604	22.846838	30.191035	71.902551	23.526389	14.645092	57.519426	-0.985944
10.025081	59.186908	2.289199	17.334293	52.674894	11.428725	9.179451	73.270861	8.772253	22.448243	63.280249	14.116888	29.203787	61.494669	16.67621	34.199498	107.442105	22.854664	30.118004	73.637829	23.578854	13.832122	57.595913	-0.776129
10.643875	58.759178	2.175419	17.246592	52.576313	11.98507	9.140455	73.567045	8.583687	22.443324	63.617418	14.130997	29.216715	62.055282	16.688579	34.231835	107.838421	23.082916	29.941973	73.830232	23.599487	13.790611	57.796606	-0.948454
10.488308	58.948577	2.229487	17.131915	52.924302	12.255096	9.095581	73.866742	8.345132	22.600027	63.881285	14.121235	29.179069	62.234108	16.979333	34.469846	109.093794	24.654113	29.413314	73.60984	23.683215	13.790611	57.796606	-0.948454
10.444313	59.123774	2.252372	16.96285	53.238372	12.363655	9.037275	74.162829	8.077182	22.732404	64.261857	14.08617	29.259807	63.030848	17.282941	34.617316	109.956182	25.555866	30.284797	75.369599	24.78208	13.790611	57.796606	-0.948454
10.425044	59.228673	2.338697	16.940601	53.559064	12.489482	8.986729	74.474925	7.80314	22.999845	65.360535	14.617016	29.343339	63.452413	18.149993	35.238938	111.276217	26.05555	30.12646	75.62516	24.798537	13.790611	57.796606	-0.948454
10.381785	59.339427	2.358494	16.958728	53.865639	12.552368	8.97397	74.798498	7.644316	23.136768	66.185614	14.956779	29.499082	65.140276	17.893588	35.386326	112.220011	26.66518	30.310297	76.488734	25.387249	13.790611	57.796606	-0.948454
11.332198	59.059152	2.165753	16.976289	54.201027	12.614218	8.856014	75.255935	7.558942	23.261368	67.07459	15.327275	29.543957	65.608149	17.590603	35.56855	113.224434	27.409053	30.454987	77.30331	25.60751	13.790611	57.796606	-0.948454
11.419019	58.910454	2.208871	16.754017	54.815743	12.838238	8.843178	75.680894	7.663321	23.472504	68.027995	15.728217	29.973343	67.149723	18.744552	35.918619	114.240136	28.278339	30.851764	78.943321	26.567927	13.790611	57.796606	-0.948454
11.445765	58.928486	2.363068	17.138386	55.010559	13.011749	9.004628	76.097085	7.824317	23.653406	69.201274	16.241292	30.322419	68.560279	19.529984	35.848551	116.30357	28.267557	31.061919	79.692068	26.849151	14.864877	57.464969	-1.202241
12.147516	58.766183	2.453584	17.391559	55.576169	13.427628	9.254003	76.604937	8.105585	23.971435	70.57503	17.005106	30.651312	69.97493	20.279341	36.272133	117.158735	29.765645	31.363598	81.125486	27.142645	14.826356	57.547036	-1.197714
11.844974	58.914578	2.910721	17.571677	56.002349	13.79253	9.523182	77.123017	8.521282	24.314395	72.0054	17.790753	31.777214	70.787351	20.91453	36.702317	119.353834	30.360693	31.788964	83.047034	28.033497	15.351742	60.69002	-1.250875
11.857133	59.137791	3.368235	17.760291	56.519867	14.301452	9.970963	77.918148	9.542501	24.194807	74.159123	19.224869	32.107592	72.089608	21.481477	36.549066	121.252816	31.302679	32.185769	84.874923	28.828915	14.314724	60.930401	-1.001676
12.060186	59.354445	3.859984	18.09074	57.042626	14.817354	10.133522	78.613745	10.071475	24.615779	76.066347	20.230339	32.763983	74.729474	23.249629	37.044607	123.308904	32.525565	32.654139	86.777416	29.70093	14.553822	63.367661	-1.00759
12.467952	59.678194	4.547102	18.50168	58.013438	15.260059	10.546016	79.350483	10.701668	24.414036	78.397119	21.398581	33.055392	76.570765	23.544926	37.898961	125.637738	33.547545	33.101425	88.743708	30.568403	14.483574	63.5296	-0.998401
12.94835	59.550484	5.242757	18.017674	58.196809	16.746893	11.389778	80.664885	11.77191	24.884216	80.495853	22.491388	33.64873	79.555023	25.339405	39.211061	127.586533	35.167067	33.602371	90.759264	31.373137	14.459207	66.39461	-1.466419
13.123424	60.010916	6.067801	18.513116	59.783662	16.698509	11.973523	81.94218	12.842751	25.396843	82.28942	24.136268	34.130452	82.176975	26.839182	39.311206	130.377567	36.450622	35.073931	93.911761	33.03009	14.634979	68.447198	-1.475831
13.288054	60.502192	7.018721	19.099021	60.677426	18.301315	12.644247	83.350474	13.989897	25.936921	85.004309	24.708881	34.596255	85.069451	28.052199	39.451291	133.268942	37.845125	34.594752	96.608076	35.266325	14.87994	69.790442	-1.506792
13.889202	60.807312	7.844101	19.500889	61.57547	19.09597	13.932655	85.088262	15.062042	26.519326	87.643328	25.907875	35.271654	88.022009	29.851039	40.2993	136.072877	39.093553	33.865165	99.492327	36.006824	14.933682	71.009196	-1.485505
13.810501	61.563407	8.840719	20.031767	63.727972	19.935733	14.879042	87.118871	16.343012	28.449846	90.167863	27.080184	35.7782	90.573973	30.450896	41.079741	139.726005	40.512568	36.182935	102.435212	36.923209	14.842199	71.2484	-1.471416
14.152191	62.08464	10.023634	19.702943	65.753134	20.919872	15.743676	89.27817	17.653687	28.096269	93.373372	28.537618	36.526565	93.850206	32.26617	41.570265	142.439124	41.792239	36.793533	105.560576	38.926156	15.346631	71.182472	-1.594566
14.568216	62.988702	11.265733	20.800695	67.801204	21.614012	16.420304	91.294506	19.005788	28.730393	96.790235	29.941398	37.235031	97.161629	32.871879	42.459076	146.189698	43.3892	36.506648	108.843718	40.142147	15.568345	71.229267	-1.651329
15.166279	64.898097	12.379905	21.350402	70.378592	22.484861	17.611323	93.969815	20.313108	29.143615	100.024671	31.29584	38.080494	100.311462	34.386106	42.495222	149.530617	44.671746	36.873356	112.393177	40.605612	15.591402	72.806659	-1.619366
15.633399	66.686774	13.665577	22.125161	73.336557	23.325861	19.12999	97.039272	22.206527	30.020402	103.539446	32.61647	39.008353	104.862165	36.237192	42.900216	153.003003	45.800286	38.820056	115.718684	41.586943	16.393843	75.043961	-1.758444
15.937103	69.24905	14.275262	21.229223	76.416519	24.414024	19.803523	100.389292	23.597268	31.415157	107.013721	33.896471	39.699586	107.433592	36.541986	43.834015	157.275784	45.388351	40.384692	119.375109	42.672074	16.609464	76.755384	-1.778471
16.560242	71.534199	16.439475	22.415434	79.129455	25.953486	20.481083	103.0049	25.270825	32.274042	110.874796	35.249715	38.904002	111.334015	38.549507	44.231811	161.243024	46.400588	40.475225	124.045585	44.298858	17.150078	77.808923	-1.611017
16.900365	74.934163	17.306188	22.413754	82.303889	26.309115	21.955007	106.566863	26.864713	32.641619	114.568561	36.63021	40.552312	115.557208	40.358054	45.634518	165.282367	47.033912	40.896856	128.281587	45.753109	17.185324	78.64337	-1.326363
17.548275	77.618515	19.493984	22.544068	86.669343	27.256559	22.393999	110.030131	28.544785	33.73326	118.645168	37.915692	41.717908	118.787674	41.272812	47.132569	168.766467	47.648235	41.649159	132.423703	46.287023	17.185324	78.64337	-1.326363
17.773314	82.148706	20.682929	23.568205	90.155804	28.345989	22.912231	114.344638	29.198625	34.906584	122.368778	39.743677	42.134793	123.485497	42.589556	46.666071	173.895446	48.102084	42.02851	136.453559	47.117332	17.457344	79.648199	-1.367549
18.252284	85.226004	21.79743	24.194616	93.698063	29.633574	24.325833	118.410039	30.847741	34.725218	126.616922	41.065329	43.289315	127.52592	43.545501	47.814356	178.02324	48.209239	43.515327	140.589214	47.937939	17.713855	81.647801	-1.113914
18.560508	89.207111	22.688059	24.291562	98.508211	30.76054	24.94558	122.650393	32.378031	35.508705	130.721434	42.172208	43.700165	130.329124	44.222903	49.410677	182.266795	48.079581	43.896359	144.799409	48.734147	17.686394	82.282058	-1.096867
19.128295	93.507312	24.41773	24.886712	102.66153	31.780972	26.546256	125.897305	33.395071	36.77029	134.918035	43.053383	44.39593	135.855022	45.222912	49.809626	186.306737	47.640943	45.00339	149.069193	49.408133	17.821977	83.601307	-0.269143
20.059562	97.756819	26.08271	25.950665	106.948747	32.775492	26.112389	130.72761	33.502184	37.448166	138.814176	43.254413	45.797814	139.41833	45.810625	49.874605	189.164783	47.574519	45.621421	152.978328	49.766747	NaN	NaN	NaN
19.944713	102.518525	27.819328	26.990829	111.707784	33.894185	26.047887	134.904869	35.103791	37.439944	143.014883	43.726631	45.311107	143.750483	45.627182	51.266853	193.827906	47.597512	46.292768	157.133986	50.243441	NaN	NaN	NaN
20.313494	107.551498	29.506673	27.100278	115.16738	35.203966	26.70304	140.407742	33.943254	38.650939	147.243507	44.069537	46.137804	147.523722	46.941405	51.376887	197.281872	47.23327	46.461111	160.92781	50.492438	NaN	NaN	NaN
20.725097	112.281058	31.15861	27.397881	120.619871	36.460019	27.020682	145.542169	36.045763	40.064393	150.776488	44.565991	47.480572	152.461553	46.957229	52.739198	201.243633	46.74819	47.481835	164.905722	50.10616	NaN	NaN	NaN
21.518669	117.809202	32.338747	29.2149	126.25799	37.694491	26.055027	150.385628	35.365108	39.830078	155.327841	44.034733	47.302345	155.358454	46.068034	53.337048	204.913336	46.155	48.600145	169.176952	49.888588	NaN	NaN	NaN
21.839702	122.892627	33.720203	30.017237	131.657891	39.006887	25.969339	154.961477	36.317426	40.983801	159.188286	43.436582	48.755711	159.214327	46.389207	53.119308	208.121674	45.533655	49.267408	173.199828	49.495393	NaN	NaN	NaN
22.215247	128.809163	35.657484	30.316856	137.1994	40.265222	26.503912	159.865141	35.766695	41.822596	163.110054	42.874102	49.645266	162.250059	44.507634	NaN	NaN	NaN	50.296776	176.151543	48.684479	NaN	NaN	NaN
22.704291	133.789885	36.302314	30.813061	143.607506	41.043925	26.978156	165.29829	36.145927	42.054249	166.708531	42.239647	50.483171	167.210039	45.098044	NaN	NaN	NaN	50.00779	180.11532	47.346469	NaN	NaN	NaN
24.006512	139.904837	38.029885	32.207412	148.211976	42.275813	26.525488	171.162285	35.3611	43.434	171.311849	41.305417	51.351476	170.345122	43.171879	NaN	NaN	NaN	50.742617	183.832354	46.781305	NaN	NaN	NaN
24.624544	146.06281	38.660558	33.220717	153.528088	42.940705	27.041141	175.738873	34.793057	43.134333	175.155667	40.556397	51.413618	175.949918	43.228526	NaN	NaN	NaN	52.313626	187.554366	45.62574	NaN	NaN	NaN
25.481516	151.475511	38.96963	34.334665	158.288633	42.949404	28.010137	180.191642	34.233167	44.370317	179.109062	39.442185	50.983135	179.957177	40.734861	NaN	NaN	NaN	52.187658	191.227097	44.351492	NaN	NaN	NaN
26.656851	157.400875	39.446336	35.916263	164.669963	43.25411	29.629038	184.573151	34.501516	44.508124	184.053524	38.235806	52.399829	182.898746	40.68053	NaN	NaN	NaN	53.075886	194.969313	42.86616	NaN	NaN	NaN
27.440923	163.119203	39.446839	37.912305	170.094878	41.993151	29.529833	189.509746	33.027287	45.407325	189.44142	36.207288	52.836678	186.833106	39.086013	NaN	NaN	NaN	54.326085	198.795245	41.358187	NaN	NaN	NaN
27.971626	168.775197	39.069523	38.951486	174.709114	41.080843	31.289339	194.484787	32.311896	45.721589	193.759097	35.322477	52.998465	192.004059	37.148408	NaN	NaN	NaN	54.429432	202.30896	39.629703	NaN	NaN	NaN
29.938061	174.434978	38.466066	41.540291	179.725039	40.359484	30.43822	198.737749	31.639367	NaN	NaN	NaN	NaN	NaN	NaN	NaN	NaN	NaN	55.249474	205.961266	37.829822	NaN	NaN	NaN
30.999373	179.400953	36.34608	41.986922	183.692432	37.92438	NaN	NaN	NaN	NaN	NaN	NaN	NaN	NaN	NaN	NaN	NaN	NaN	56.674455	208.938054	36.104535	NaN	NaN	NaN
32.428181	184.773106	34.520481	43.751577	188.206194	36.598966	NaN	NaN	NaN	NaN	NaN	NaN	NaN	NaN	NaN	NaN	NaN	NaN	NaN	NaN	NaN	NaN	NaN	NaN